noise type: uniform
noise level: 0.8
when_to_apply_epoch: 15
total clean data num: 10735
probability transition matrix:
[[0.2        0.08888889 0.08888889 0.08888889 0.08888889 0.08888889
  0.08888889 0.08888889 0.08888889 0.08888889]
 [0.08888889 0.2        0.08888889 0.08888889 0.08888889 0.08888889
  0.08888889 0.08888889 0.08888889 0.08888889]
 [0.08888889 0.08888889 0.2        0.08888889 0.08888889 0.08888889
  0.08888889 0.08888889 0.08888889 0.08888889]
 [0.08888889 0.08888889 0.08888889 0.2        0.08888889 0.08888889
  0.08888889 0.08888889 0.08888889 0.08888889]
 [0.08888889 0.08888889 0.08888889 0.08888889 0.2        0.08888889
  0.08888889 0.08888889 0.08888889 0.08888889]
 [0.08888889 0.08888889 0.08888889 0.08888889 0.08888889 0.2
  0.08888889 0.08888889 0.08888889 0.08888889]
 [0.08888889 0.08888889 0.08888889 0.08888889 0.08888889 0.08888889
  0.2        0.08888889 0.08888889 0.08888889]
 [0.08888889 0.08888889 0.08888889 0.08888889 0.08888889 0.08888889
  0.08888889 0.2        0.08888889 0.08888889]
 [0.08888889 0.08888889 0.08888889 0.08888889 0.08888889 0.08888889
  0.08888889 0.08888889 0.2        0.08888889]
 [0.08888889 0.08888889 0.08888889 0.08888889 0.08888889 0.08888889
  0.08888889 0.08888889 0.08888889 0.2       ]]
>> val epoch: 0
>> current accuracy: 27.96666666666667%
outputs: tensor([[0.0834, 0.1009, 0.0911, 0.1009, 0.1094, 0.1147, 0.1256, 0.0965, 0.0937,
         0.0837],
        [0.1229, 0.1133, 0.0866, 0.1014, 0.1163, 0.1030, 0.0993, 0.0975, 0.0862,
         0.0735],
        [0.1835, 0.0928, 0.0765, 0.1034, 0.0958, 0.0892, 0.1010, 0.0942, 0.0931,
         0.0705],
        [0.1270, 0.1056, 0.0860, 0.1060, 0.0990, 0.1025, 0.0972, 0.1007, 0.0939,
         0.0823],
        [0.0998, 0.0871, 0.0774, 0.1061, 0.0850, 0.1156, 0.0915, 0.1158, 0.1076,
         0.1141],
        [0.0995, 0.0971, 0.0886, 0.1076, 0.0939, 0.1109, 0.0935, 0.1042, 0.1016,
         0.1030],
        [0.1507, 0.1223, 0.0783, 0.0959, 0.1291, 0.0994, 0.1045, 0.0913, 0.0744,
         0.0541],
        [0.1519, 0.1050, 0.0893, 0.1022, 0.1060, 0.0943, 0.1041, 0.0855, 0.0884,
         0.0733],
        [0.0901, 0.0911, 0.0777, 0.1063, 0.0874, 0.1261, 0.0949, 0.1113, 0.1060,
         0.1091],
        [0.1308, 0.1246, 0.0780, 0.1005, 0.1116, 0.1022, 0.1103, 0.1031, 0.0786,
         0.0605],
        [0.0898, 0.0910, 0.0782, 0.1071, 0.0858, 0.1245, 0.0919, 0.1124, 0.1054,
         0.1140],
        [0.0855, 0.0917, 0.0730, 0.1080, 0.0828, 0.1371, 0.0904, 0.1138, 0.1017,
         0.1160],
        [0.1213, 0.1044, 0.0872, 0.1027, 0.1113, 0.1027, 0.1157, 0.0955, 0.0891,
         0.0700],
        [0.1119, 0.1039, 0.0903, 0.1046, 0.1036, 0.1051, 0.0961, 0.0994, 0.0958,
         0.0892],
        [0.1187, 0.1002, 0.0861, 0.1063, 0.0977, 0.1031, 0.0941, 0.1042, 0.0975,
         0.0921],
        [0.1390, 0.1226, 0.0760, 0.0978, 0.1191, 0.1028, 0.1136, 0.0983, 0.0757,
         0.0551],
        [0.1131, 0.1074, 0.0860, 0.1051, 0.1009, 0.1061, 0.1045, 0.1021, 0.0939,
         0.0812],
        [0.1082, 0.1003, 0.0910, 0.1043, 0.1037, 0.1060, 0.1100, 0.0977, 0.0962,
         0.0824],
        [0.0905, 0.1130, 0.0838, 0.0905, 0.1293, 0.1088, 0.1740, 0.0850, 0.0727,
         0.0523],
        [0.1349, 0.1016, 0.0840, 0.1040, 0.1041, 0.0972, 0.0966, 0.1001, 0.0944,
         0.0833],
        [0.1748, 0.1039, 0.0812, 0.1025, 0.1039, 0.0917, 0.0938, 0.0895, 0.0880,
         0.0708],
        [0.1121, 0.0964, 0.0857, 0.1051, 0.0991, 0.1043, 0.1070, 0.1049, 0.0995,
         0.0859],
        [0.1449, 0.1228, 0.0760, 0.0997, 0.1144, 0.1005, 0.1040, 0.1010, 0.0774,
         0.0594],
        [0.0971, 0.1003, 0.0894, 0.1072, 0.0968, 0.1118, 0.0940, 0.1034, 0.0991,
         0.1010],
        [0.1375, 0.0852, 0.0744, 0.1048, 0.0871, 0.0976, 0.0930, 0.1165, 0.1042,
         0.0997],
        [0.1548, 0.0737, 0.0619, 0.0995, 0.0797, 0.0862, 0.0903, 0.1455, 0.1060,
         0.1023],
        [0.0853, 0.0947, 0.0790, 0.1089, 0.0866, 0.1292, 0.0917, 0.1104, 0.1015,
         0.1127],
        [0.1317, 0.0848, 0.0731, 0.1048, 0.0855, 0.0994, 0.0914, 0.1207, 0.1048,
         0.1039],
        [0.1428, 0.1209, 0.0748, 0.0986, 0.1157, 0.1015, 0.1073, 0.1022, 0.0773,
         0.0588],
        [0.1130, 0.1106, 0.0894, 0.1037, 0.1107, 0.1044, 0.0964, 0.1001, 0.0895,
         0.0824],
        [0.1273, 0.0733, 0.0677, 0.1014, 0.0795, 0.0971, 0.0902, 0.1371, 0.1120,
         0.1144],
        [0.0966, 0.0953, 0.0836, 0.1060, 0.0963, 0.1170, 0.1044, 0.1045, 0.1002,
         0.0960],
        [0.1044, 0.0924, 0.0817, 0.1039, 0.0951, 0.1073, 0.1052, 0.1134, 0.1039,
         0.0927],
        [0.0930, 0.0931, 0.0805, 0.1080, 0.0869, 0.1235, 0.0919, 0.1088, 0.1034,
         0.1108],
        [0.1119, 0.1001, 0.0899, 0.1071, 0.0975, 0.1047, 0.0943, 0.1012, 0.0985,
         0.0948],
        [0.1237, 0.1109, 0.0876, 0.1029, 0.1111, 0.1036, 0.0975, 0.0982, 0.0881,
         0.0765],
        [0.2323, 0.1117, 0.0733, 0.0984, 0.1070, 0.0821, 0.0884, 0.0819, 0.0734,
         0.0517],
        [0.0942, 0.1142, 0.0799, 0.0891, 0.1309, 0.1087, 0.1789, 0.0866, 0.0703,
         0.0472],
        [0.1534, 0.1227, 0.0763, 0.1040, 0.1047, 0.0966, 0.0951, 0.1030, 0.0791,
         0.0652],
        [0.2005, 0.1065, 0.0767, 0.0989, 0.1071, 0.0900, 0.0977, 0.0857, 0.0794,
         0.0575],
        [0.0991, 0.0896, 0.0786, 0.1070, 0.0869, 0.1165, 0.0925, 0.1129, 0.1061,
         0.1108],
        [0.1462, 0.1270, 0.0769, 0.1028, 0.1072, 0.0982, 0.0986, 0.1025, 0.0777,
         0.0628],
        [0.1046, 0.0984, 0.0888, 0.1042, 0.1000, 0.1088, 0.1064, 0.1020, 0.0991,
         0.0878],
        [0.1270, 0.0962, 0.0763, 0.1029, 0.0987, 0.0972, 0.0964, 0.1181, 0.0964,
         0.0908],
        [0.1053, 0.1051, 0.0914, 0.1022, 0.1083, 0.1078, 0.1173, 0.0953, 0.0916,
         0.0758],
        [0.1178, 0.1136, 0.0877, 0.1030, 0.1148, 0.1039, 0.0989, 0.0987, 0.0858,
         0.0758],
        [0.1017, 0.1046, 0.0805, 0.0928, 0.1281, 0.1081, 0.1740, 0.0853, 0.0740,
         0.0510],
        [0.0919, 0.0876, 0.0770, 0.1050, 0.0870, 0.1206, 0.0966, 0.1163, 0.1084,
         0.1096]], device='cuda:0', grad_fn=<SoftmaxBackward>)
>> best accuracy: 27.96666666666667	best epoch: 0

>> final recovery rate: 19.87962962962963%
>> val epoch: 5
>> current accuracy: 55.7%
outputs: tensor([[0.0851, 0.0948, 0.0837, 0.1113, 0.1035, 0.1032, 0.0857, 0.1107, 0.0902,
         0.1318],
        [0.0798, 0.0822, 0.0797, 0.0944, 0.0907, 0.1052, 0.0906, 0.1902, 0.0820,
         0.1053],
        [0.0943, 0.1125, 0.1160, 0.1088, 0.0837, 0.1000, 0.0966, 0.0869, 0.1073,
         0.0941],
        [0.0996, 0.0974, 0.1011, 0.1209, 0.0827, 0.1134, 0.0940, 0.0856, 0.1098,
         0.0954],
        [0.1146, 0.0946, 0.0971, 0.1086, 0.0806, 0.1218, 0.1099, 0.0830, 0.0981,
         0.0917],
        [0.0806, 0.0934, 0.0778, 0.1038, 0.1124, 0.0942, 0.0850, 0.1182, 0.0875,
         0.1471],
        [0.1217, 0.0961, 0.0994, 0.1129, 0.0816, 0.1198, 0.0961, 0.0832, 0.0993,
         0.0898],
        [0.0807, 0.0794, 0.0769, 0.0691, 0.0809, 0.0987, 0.0930, 0.2536, 0.0765,
         0.0911],
        [0.0778, 0.1963, 0.0864, 0.0886, 0.0853, 0.0985, 0.0990, 0.0870, 0.0916,
         0.0894],
        [0.0905, 0.1325, 0.0958, 0.0981, 0.0876, 0.1094, 0.0997, 0.0907, 0.1043,
         0.0914],
        [0.0901, 0.1075, 0.0931, 0.1179, 0.0874, 0.1201, 0.0926, 0.0949, 0.1016,
         0.0946],
        [0.0838, 0.0939, 0.0752, 0.0947, 0.1010, 0.0942, 0.0915, 0.1453, 0.0939,
         0.1263],
        [0.0887, 0.0882, 0.0915, 0.1315, 0.0832, 0.1358, 0.1169, 0.0835, 0.0931,
         0.0874],
        [0.0815, 0.0972, 0.0834, 0.1021, 0.1261, 0.0860, 0.0824, 0.0951, 0.0817,
         0.1644],
        [0.0859, 0.0893, 0.0884, 0.1009, 0.0896, 0.1095, 0.1652, 0.0910, 0.0948,
         0.0855],
        [0.0796, 0.0867, 0.0837, 0.1238, 0.1018, 0.1085, 0.1337, 0.0896, 0.0826,
         0.1099],
        [0.0796, 0.1882, 0.0874, 0.0911, 0.0864, 0.0986, 0.0979, 0.0853, 0.0945,
         0.0910],
        [0.0816, 0.1792, 0.0890, 0.0923, 0.0853, 0.0979, 0.0995, 0.0929, 0.0925,
         0.0899],
        [0.0762, 0.2103, 0.0863, 0.0866, 0.0848, 0.0971, 0.0980, 0.0836, 0.0897,
         0.0875],
        [0.0945, 0.1061, 0.0873, 0.1037, 0.0884, 0.1130, 0.0949, 0.1015, 0.1094,
         0.1014],
        [0.0806, 0.0866, 0.0847, 0.1170, 0.0876, 0.1109, 0.1727, 0.0852, 0.0900,
         0.0846],
        [0.0746, 0.2114, 0.0864, 0.0892, 0.0844, 0.0897, 0.1078, 0.0824, 0.0864,
         0.0876],
        [0.0841, 0.0975, 0.0835, 0.1101, 0.0974, 0.0951, 0.1355, 0.0976, 0.0949,
         0.1042],
        [0.0924, 0.0910, 0.0959, 0.1335, 0.0837, 0.1296, 0.1048, 0.0849, 0.0965,
         0.0876],
        [0.0901, 0.0931, 0.0995, 0.1268, 0.0881, 0.1198, 0.1083, 0.0853, 0.0913,
         0.0976],
        [0.0823, 0.1592, 0.0904, 0.0995, 0.0859, 0.0947, 0.1077, 0.0972, 0.0915,
         0.0915],
        [0.0883, 0.0950, 0.0946, 0.1164, 0.0891, 0.1196, 0.1226, 0.0926, 0.0949,
         0.0869],
        [0.0752, 0.2211, 0.0867, 0.0863, 0.0837, 0.0946, 0.0983, 0.0798, 0.0881,
         0.0861],
        [0.0911, 0.0914, 0.1001, 0.1386, 0.0859, 0.1193, 0.0904, 0.0918, 0.1012,
         0.0902],
        [0.1082, 0.0929, 0.0986, 0.1044, 0.0832, 0.1186, 0.1211, 0.0875, 0.0942,
         0.0913],
        [0.0873, 0.0897, 0.0868, 0.1100, 0.0933, 0.0992, 0.1439, 0.0892, 0.0977,
         0.1029],
        [0.0820, 0.0866, 0.0914, 0.1166, 0.0893, 0.1136, 0.1565, 0.0905, 0.0898,
         0.0837],
        [0.0935, 0.0933, 0.1051, 0.1362, 0.0842, 0.1158, 0.0902, 0.0845, 0.1058,
         0.0913],
        [0.1020, 0.0946, 0.0904, 0.1060, 0.0878, 0.1072, 0.0943, 0.1170, 0.1026,
         0.0982],
        [0.1045, 0.0958, 0.0996, 0.1106, 0.0806, 0.1217, 0.1107, 0.0830, 0.0985,
         0.0951],
        [0.0785, 0.1939, 0.0877, 0.0892, 0.0856, 0.0994, 0.0981, 0.0848, 0.0931,
         0.0897],
        [0.1156, 0.0959, 0.1044, 0.1015, 0.0803, 0.1147, 0.1147, 0.0843, 0.0952,
         0.0934],
        [0.0952, 0.0968, 0.0890, 0.1108, 0.0865, 0.1220, 0.1033, 0.0936, 0.1055,
         0.0973],
        [0.0883, 0.0919, 0.0861, 0.1040, 0.0986, 0.0997, 0.0927, 0.1325, 0.0920,
         0.1142],
        [0.0900, 0.0944, 0.0931, 0.1283, 0.0921, 0.1180, 0.0870, 0.0932, 0.0973,
         0.1066],
        [0.0856, 0.0893, 0.0779, 0.0837, 0.0870, 0.1037, 0.0940, 0.1864, 0.0912,
         0.1013],
        [0.0927, 0.0948, 0.0971, 0.1249, 0.0846, 0.1199, 0.0911, 0.0916, 0.1063,
         0.0970],
        [0.0999, 0.0973, 0.0993, 0.1172, 0.0821, 0.1159, 0.0981, 0.0844, 0.1102,
         0.0956],
        [0.0983, 0.0952, 0.1037, 0.1282, 0.0830, 0.1142, 0.0925, 0.0905, 0.1047,
         0.0897],
        [0.0761, 0.0966, 0.0741, 0.0957, 0.1288, 0.0877, 0.0842, 0.1088, 0.0827,
         0.1654],
        [0.0926, 0.0968, 0.0981, 0.1253, 0.0914, 0.1164, 0.0922, 0.0962, 0.0960,
         0.0949],
        [0.0980, 0.0956, 0.1017, 0.1202, 0.0818, 0.1165, 0.0900, 0.0944, 0.1057,
         0.0961],
        [0.0871, 0.0979, 0.0914, 0.1128, 0.1131, 0.0969, 0.0859, 0.0914, 0.0869,
         0.1366]], device='cuda:0', grad_fn=<SoftmaxBackward>)
>> best accuracy: 55.7	best epoch: 5

>> final recovery rate: 19.87962962962963%
>> val epoch: 10
>> current accuracy: 91.83333333333333%
outputs: tensor([[0.0914, 0.1611, 0.0950, 0.0832, 0.0912, 0.1001, 0.0985, 0.0837, 0.1050,
         0.0908],
        [0.2169, 0.0944, 0.0845, 0.0893, 0.0930, 0.0978, 0.0928, 0.0695, 0.0845,
         0.0776],
        [0.0881, 0.1864, 0.0956, 0.0841, 0.0911, 0.0982, 0.0960, 0.0791, 0.0920,
         0.0893],
        [0.0855, 0.0860, 0.0773, 0.0920, 0.0935, 0.0929, 0.0991, 0.0955, 0.1877,
         0.0906],
        [0.0914, 0.1003, 0.0919, 0.0830, 0.1344, 0.1130, 0.0945, 0.0948, 0.0963,
         0.1003],
        [0.2139, 0.0974, 0.0923, 0.0880, 0.0909, 0.1012, 0.0889, 0.0672, 0.0854,
         0.0748],
        [0.0914, 0.1668, 0.0975, 0.0891, 0.0930, 0.0991, 0.0972, 0.0816, 0.0929,
         0.0913],
        [0.2323, 0.0935, 0.0833, 0.0865, 0.0928, 0.0958, 0.0914, 0.0658, 0.0835,
         0.0751],
        [0.0952, 0.1347, 0.0960, 0.0978, 0.0975, 0.1060, 0.0994, 0.0865, 0.0955,
         0.0914],
        [0.0873, 0.1928, 0.0954, 0.0830, 0.0909, 0.0974, 0.0955, 0.0783, 0.0907,
         0.0887],
        [0.2223, 0.0929, 0.0831, 0.0867, 0.0959, 0.0996, 0.0935, 0.0671, 0.0837,
         0.0750],
        [0.0893, 0.1785, 0.0957, 0.0853, 0.0912, 0.0992, 0.0966, 0.0802, 0.0940,
         0.0901],
        [0.0858, 0.0951, 0.0810, 0.0773, 0.0937, 0.1984, 0.0841, 0.0918, 0.0950,
         0.0978],
        [0.0978, 0.0932, 0.0859, 0.0827, 0.1495, 0.0967, 0.0971, 0.0986, 0.0931,
         0.1054],
        [0.0880, 0.1883, 0.0956, 0.0843, 0.0910, 0.0982, 0.0957, 0.0788, 0.0909,
         0.0893],
        [0.0981, 0.0870, 0.0819, 0.1017, 0.0856, 0.1032, 0.0936, 0.1788, 0.0721,
         0.0980],
        [0.0885, 0.1845, 0.0958, 0.0853, 0.0914, 0.0983, 0.0960, 0.0793, 0.0914,
         0.0895],
        [0.2140, 0.0955, 0.0868, 0.0906, 0.0933, 0.0974, 0.0918, 0.0673, 0.0864,
         0.0771],
        [0.0973, 0.0878, 0.0829, 0.1140, 0.0859, 0.0987, 0.0947, 0.1904, 0.0606,
         0.0877],
        [0.0856, 0.2041, 0.0948, 0.0804, 0.0898, 0.0968, 0.0945, 0.0767, 0.0893,
         0.0879],
        [0.0945, 0.0993, 0.1251, 0.1321, 0.0929, 0.0957, 0.0969, 0.0931, 0.0792,
         0.0912],
        [0.0878, 0.0906, 0.0826, 0.0774, 0.1706, 0.1030, 0.0904, 0.0966, 0.0963,
         0.1045],
        [0.0933, 0.0990, 0.2185, 0.0666, 0.0925, 0.0874, 0.0955, 0.0801, 0.0774,
         0.0897],
        [0.0985, 0.0998, 0.1794, 0.0679, 0.0920, 0.0985, 0.0951, 0.0882, 0.0820,
         0.0987],
        [0.0982, 0.1094, 0.1526, 0.0855, 0.0851, 0.1088, 0.0906, 0.0841, 0.0879,
         0.0978],
        [0.0941, 0.1009, 0.2091, 0.0668, 0.0944, 0.0860, 0.0974, 0.0804, 0.0788,
         0.0920],
        [0.0889, 0.0957, 0.0841, 0.0837, 0.0897, 0.1109, 0.0656, 0.0824, 0.0887,
         0.2102],
        [0.0920, 0.0992, 0.0846, 0.0835, 0.0998, 0.0994, 0.1032, 0.0964, 0.1564,
         0.0854],
        [0.2099, 0.0960, 0.0859, 0.0906, 0.0937, 0.0982, 0.0929, 0.0681, 0.0860,
         0.0786],
        [0.0951, 0.0954, 0.0873, 0.0987, 0.1158, 0.1087, 0.0951, 0.1249, 0.0829,
         0.0963],
        [0.0885, 0.0942, 0.0852, 0.0805, 0.1603, 0.1187, 0.0980, 0.1040, 0.0934,
         0.0771],
        [0.0921, 0.1036, 0.0875, 0.1012, 0.0825, 0.1452, 0.0865, 0.0876, 0.1017,
         0.1121],
        [0.0890, 0.0969, 0.0826, 0.0858, 0.1035, 0.1012, 0.1035, 0.0970, 0.1573,
         0.0833],
        [0.0932, 0.0980, 0.1119, 0.1473, 0.0922, 0.0949, 0.0960, 0.0907, 0.0821,
         0.0938],
        [0.0886, 0.0934, 0.0865, 0.0761, 0.1212, 0.1228, 0.0776, 0.0902, 0.0928,
         0.1508],
        [0.0886, 0.1124, 0.0930, 0.0927, 0.0885, 0.0893, 0.1494, 0.0842, 0.1015,
         0.1004],
        [0.0860, 0.0923, 0.1354, 0.0808, 0.0741, 0.0740, 0.1746, 0.0761, 0.0908,
         0.1159],
        [0.1769, 0.0897, 0.0883, 0.0860, 0.0866, 0.0991, 0.1248, 0.0712, 0.0868,
         0.0906],
        [0.0911, 0.0932, 0.0968, 0.1666, 0.0976, 0.0910, 0.0960, 0.0973, 0.0772,
         0.0931],
        [0.0993, 0.0827, 0.0766, 0.0975, 0.0833, 0.1013, 0.0963, 0.1968, 0.0742,
         0.0921],
        [0.0847, 0.0863, 0.0821, 0.0725, 0.0994, 0.1160, 0.0885, 0.0840, 0.0921,
         0.1943],
        [0.0976, 0.0866, 0.0769, 0.1010, 0.0804, 0.1020, 0.0972, 0.2005, 0.0686,
         0.0892],
        [0.0863, 0.0914, 0.0814, 0.0740, 0.1778, 0.1130, 0.0962, 0.0993, 0.0965,
         0.0841],
        [0.0885, 0.0939, 0.0809, 0.0910, 0.0760, 0.1228, 0.0877, 0.0903, 0.1537,
         0.1153],
        [0.0948, 0.0943, 0.2212, 0.0605, 0.0934, 0.0886, 0.0952, 0.0833, 0.0761,
         0.0925],
        [0.0981, 0.0945, 0.0844, 0.0844, 0.0823, 0.1611, 0.1054, 0.0861, 0.0961,
         0.1075],
        [0.0913, 0.0998, 0.0866, 0.1006, 0.0920, 0.1570, 0.0904, 0.0955, 0.0908,
         0.0959],
        [0.0924, 0.1025, 0.0877, 0.0854, 0.1100, 0.1139, 0.1078, 0.0966, 0.1234,
         0.0803]], device='cuda:0', grad_fn=<SoftmaxBackward>)
>> best accuracy: 91.83333333333333	best epoch: 10

>> final recovery rate: 19.87962962962963%
>> val epoch: 15
>> current accuracy: 90.64999999999999%
outputs: tensor([[0.0880, 0.0741, 0.0774, 0.1991, 0.1140, 0.0652, 0.0843, 0.0839, 0.0987,
         0.1153],
        [0.1168, 0.0847, 0.1728, 0.0819, 0.0844, 0.1075, 0.0810, 0.0824, 0.0932,
         0.0954],
        [0.0898, 0.0821, 0.0782, 0.2196, 0.0979, 0.0860, 0.0832, 0.0865, 0.0891,
         0.0875],
        [0.1247, 0.0785, 0.1176, 0.1004, 0.0858, 0.0836, 0.1024, 0.0860, 0.1089,
         0.1121],
        [0.0980, 0.0874, 0.0847, 0.1041, 0.0916, 0.0864, 0.0716, 0.0882, 0.1020,
         0.1858],
        [0.0834, 0.2377, 0.0861, 0.0829, 0.0908, 0.0913, 0.0911, 0.0793, 0.0654,
         0.0920],
        [0.0887, 0.0718, 0.0903, 0.1416, 0.1047, 0.0754, 0.0855, 0.1862, 0.0652,
         0.0906],
        [0.0961, 0.0926, 0.0853, 0.0787, 0.0646, 0.0991, 0.0860, 0.0829, 0.1019,
         0.2128],
        [0.0978, 0.0889, 0.0907, 0.0956, 0.0850, 0.0868, 0.0815, 0.1087, 0.0932,
         0.1719],
        [0.0934, 0.0874, 0.0842, 0.0841, 0.0816, 0.0776, 0.0874, 0.0944, 0.1073,
         0.2027],
        [0.0928, 0.0838, 0.0842, 0.1853, 0.0978, 0.0845, 0.0950, 0.0867, 0.0866,
         0.1032],
        [0.0928, 0.0880, 0.0859, 0.1189, 0.0846, 0.0914, 0.0885, 0.1738, 0.0876,
         0.0884],
        [0.0888, 0.0649, 0.0820, 0.0980, 0.0913, 0.0846, 0.0806, 0.2694, 0.0696,
         0.0709],
        [0.0815, 0.0881, 0.0872, 0.0868, 0.0800, 0.0914, 0.2088, 0.0981, 0.0991,
         0.0791],
        [0.0941, 0.0684, 0.0748, 0.0914, 0.0684, 0.0815, 0.0828, 0.1025, 0.2401,
         0.0959],
        [0.0922, 0.0742, 0.0854, 0.0917, 0.2068, 0.0674, 0.0801, 0.0921, 0.1015,
         0.1087],
        [0.1000, 0.0912, 0.0861, 0.0756, 0.0685, 0.1178, 0.0821, 0.0882, 0.1121,
         0.1783],
        [0.0793, 0.0825, 0.0846, 0.0837, 0.0820, 0.0953, 0.2220, 0.0990, 0.0990,
         0.0725],
        [0.1122, 0.0795, 0.0781, 0.0712, 0.0786, 0.2429, 0.0783, 0.0896, 0.0975,
         0.0721],
        [0.0923, 0.0855, 0.0832, 0.0741, 0.0635, 0.0822, 0.0889, 0.0778, 0.1005,
         0.2522],
        [0.1760, 0.0832, 0.0923, 0.0987, 0.0904, 0.1069, 0.0891, 0.0929, 0.0915,
         0.0789],
        [0.0926, 0.1727, 0.0938, 0.0970, 0.0946, 0.0957, 0.0938, 0.0886, 0.0791,
         0.0921],
        [0.1272, 0.0969, 0.0989, 0.1093, 0.0840, 0.0870, 0.1099, 0.0956, 0.1008,
         0.0905],
        [0.0820, 0.0894, 0.1080, 0.0857, 0.0841, 0.0914, 0.1775, 0.0993, 0.1011,
         0.0816],
        [0.1011, 0.0771, 0.0868, 0.0862, 0.0966, 0.0993, 0.0827, 0.2001, 0.0880,
         0.0820],
        [0.0973, 0.0848, 0.0919, 0.0989, 0.0951, 0.0929, 0.0986, 0.1682, 0.0904,
         0.0818],
        [0.0925, 0.0803, 0.0860, 0.1034, 0.0914, 0.0929, 0.0920, 0.1959, 0.0863,
         0.0792],
        [0.0917, 0.1794, 0.0931, 0.0957, 0.0943, 0.0953, 0.0935, 0.0877, 0.0775,
         0.0918],
        [0.0974, 0.0862, 0.0896, 0.0921, 0.0976, 0.0785, 0.0766, 0.1197, 0.0954,
         0.1669],
        [0.1948, 0.0846, 0.0897, 0.0891, 0.0858, 0.0907, 0.0891, 0.0914, 0.1057,
         0.0790],
        [0.0922, 0.0828, 0.0788, 0.1636, 0.0978, 0.1045, 0.0882, 0.1107, 0.0968,
         0.0846],
        [0.0931, 0.0786, 0.0796, 0.0643, 0.0790, 0.1962, 0.1139, 0.1037, 0.1252,
         0.0664],
        [0.1083, 0.0980, 0.1189, 0.0948, 0.0841, 0.1008, 0.0878, 0.1002, 0.1195,
         0.0875],
        [0.1065, 0.0907, 0.1560, 0.1065, 0.0875, 0.1007, 0.0867, 0.0870, 0.0965,
         0.0819],
        [0.1872, 0.0843, 0.0938, 0.0924, 0.0859, 0.0929, 0.0888, 0.0910, 0.1014,
         0.0824],
        [0.2600, 0.0693, 0.0829, 0.0823, 0.0823, 0.0858, 0.0811, 0.0807, 0.0912,
         0.0844],
        [0.1038, 0.1005, 0.0970, 0.1075, 0.0868, 0.1084, 0.0914, 0.1017, 0.1140,
         0.0888],
        [0.0898, 0.1927, 0.0918, 0.0911, 0.0936, 0.0943, 0.0931, 0.0858, 0.0752,
         0.0925],
        [0.0928, 0.1044, 0.0915, 0.0930, 0.1546, 0.0721, 0.0908, 0.0926, 0.0945,
         0.1138],
        [0.1108, 0.0755, 0.1312, 0.1091, 0.0917, 0.0823, 0.0891, 0.0846, 0.1169,
         0.1088],
        [0.0992, 0.0837, 0.0879, 0.1336, 0.0940, 0.0812, 0.0853, 0.1019, 0.1482,
         0.0850],
        [0.0940, 0.1632, 0.0950, 0.0978, 0.0948, 0.0959, 0.0941, 0.0904, 0.0829,
         0.0918],
        [0.0855, 0.2236, 0.0880, 0.0847, 0.0918, 0.0922, 0.0918, 0.0814, 0.0686,
         0.0924],
        [0.1003, 0.0831, 0.0890, 0.0956, 0.1742, 0.0954, 0.0912, 0.0960, 0.0974,
         0.0779],
        [0.0908, 0.1841, 0.0922, 0.0952, 0.0943, 0.0952, 0.0935, 0.0867, 0.0759,
         0.0922],
        [0.1499, 0.0923, 0.0965, 0.1054, 0.0902, 0.0979, 0.0908, 0.0948, 0.0968,
         0.0853],
        [0.1013, 0.0930, 0.0870, 0.1123, 0.1014, 0.1287, 0.0862, 0.0937, 0.1140,
         0.0823],
        [0.0973, 0.0914, 0.0882, 0.0941, 0.0880, 0.0844, 0.0832, 0.1044, 0.0973,
         0.1718]], device='cuda:0', grad_fn=<SoftmaxBackward>)
>> best accuracy: 91.83333333333333	best epoch: 10

>> final recovery rate: 19.87962962962963%
>> val epoch: 20
>> current accuracy: 83.78333333333333%
outputs: tensor([[0.0984, 0.0767, 0.0868, 0.0633, 0.0708, 0.1297, 0.0751, 0.1859, 0.0961,
         0.1172],
        [0.0694, 0.1069, 0.1481, 0.0767, 0.0850, 0.0846, 0.1337, 0.0828, 0.0846,
         0.1282],
        [0.0880, 0.0809, 0.0850, 0.0800, 0.1059, 0.0721, 0.0773, 0.2230, 0.0717,
         0.1161],
        [0.0824, 0.1011, 0.0885, 0.0972, 0.0629, 0.1165, 0.0648, 0.0965, 0.1041,
         0.1860],
        [0.0800, 0.0963, 0.0847, 0.2028, 0.0837, 0.0789, 0.0810, 0.0840, 0.0989,
         0.1097],
        [0.0843, 0.0913, 0.1206, 0.0956, 0.0908, 0.0728, 0.0817, 0.0939, 0.1575,
         0.1115],
        [0.0875, 0.0584, 0.0719, 0.0590, 0.0734, 0.0818, 0.0684, 0.3414, 0.0696,
         0.0885],
        [0.0681, 0.1121, 0.2387, 0.0696, 0.0947, 0.0952, 0.0690, 0.0778, 0.0729,
         0.1020],
        [0.0837, 0.1601, 0.0916, 0.1199, 0.1003, 0.0853, 0.0947, 0.0849, 0.0819,
         0.0976],
        [0.0874, 0.0952, 0.0864, 0.1137, 0.0877, 0.1119, 0.0726, 0.0910, 0.1307,
         0.1232],
        [0.0716, 0.0813, 0.0781, 0.2236, 0.1048, 0.0521, 0.0803, 0.1098, 0.0862,
         0.1120],
        [0.1107, 0.1202, 0.0936, 0.0920, 0.1213, 0.1097, 0.1041, 0.0874, 0.0834,
         0.0775],
        [0.0678, 0.1001, 0.2657, 0.0590, 0.0809, 0.1013, 0.0774, 0.0748, 0.0853,
         0.0878],
        [0.0719, 0.0811, 0.0910, 0.1099, 0.0918, 0.0507, 0.1006, 0.0966, 0.1006,
         0.2057],
        [0.0540, 0.0970, 0.0791, 0.0793, 0.0850, 0.0765, 0.2745, 0.0821, 0.0796,
         0.0930],
        [0.1096, 0.0693, 0.1108, 0.0597, 0.1475, 0.1837, 0.1436, 0.0756, 0.0707,
         0.0295],
        [0.0786, 0.1036, 0.0986, 0.0911, 0.0799, 0.0998, 0.0838, 0.0775, 0.0860,
         0.2010],
        [0.1002, 0.0903, 0.0900, 0.0799, 0.0960, 0.0941, 0.0880, 0.1834, 0.0851,
         0.0930],
        [0.0854, 0.0755, 0.0828, 0.1171, 0.0787, 0.0716, 0.0748, 0.2197, 0.0869,
         0.1074],
        [0.0717, 0.0990, 0.0964, 0.0866, 0.1830, 0.0660, 0.0876, 0.0949, 0.0796,
         0.1352],
        [0.0757, 0.1009, 0.0860, 0.1719, 0.1069, 0.1114, 0.1100, 0.0868, 0.0794,
         0.0711],
        [0.1926, 0.0957, 0.0933, 0.0971, 0.0888, 0.0959, 0.0813, 0.0787, 0.0967,
         0.0800],
        [0.2227, 0.0914, 0.0890, 0.0959, 0.0896, 0.0909, 0.0842, 0.0704, 0.0876,
         0.0784],
        [0.1712, 0.1026, 0.0984, 0.1420, 0.0777, 0.1078, 0.0766, 0.0709, 0.0750,
         0.0777],
        [0.0778, 0.1632, 0.0895, 0.0928, 0.0904, 0.0839, 0.1262, 0.0876, 0.0817,
         0.1068],
        [0.0722, 0.0889, 0.1022, 0.0950, 0.0780, 0.0734, 0.1261, 0.0705, 0.0869,
         0.2068],
        [0.1075, 0.0631, 0.0883, 0.0600, 0.0996, 0.1129, 0.0738, 0.2205, 0.0837,
         0.0905],
        [0.1801, 0.0885, 0.0928, 0.0890, 0.0940, 0.0889, 0.1178, 0.0709, 0.0884,
         0.0895],
        [0.0835, 0.0855, 0.0777, 0.2368, 0.0926, 0.0494, 0.0726, 0.0809, 0.1224,
         0.0988],
        [0.1569, 0.0661, 0.0788, 0.0661, 0.1222, 0.0988, 0.1096, 0.0881, 0.1563,
         0.0571],
        [0.0499, 0.0834, 0.0693, 0.0727, 0.0544, 0.0484, 0.3626, 0.0642, 0.0746,
         0.1204],
        [0.0838, 0.1026, 0.1008, 0.1097, 0.1252, 0.0712, 0.0843, 0.1245, 0.0783,
         0.1197],
        [0.0843, 0.1868, 0.0932, 0.0939, 0.0984, 0.0904, 0.0933, 0.0854, 0.0777,
         0.0967],
        [0.0648, 0.1130, 0.2187, 0.0649, 0.0728, 0.0934, 0.1138, 0.0809, 0.0970,
         0.0807],
        [0.0755, 0.0802, 0.0689, 0.0726, 0.0630, 0.0682, 0.0955, 0.2949, 0.0795,
         0.1017],
        [0.0775, 0.0915, 0.0890, 0.0734, 0.0971, 0.0726, 0.1060, 0.1556, 0.1063,
         0.1310],
        [0.0796, 0.0898, 0.0840, 0.1879, 0.1029, 0.0596, 0.0972, 0.0856, 0.1119,
         0.1015],
        [0.0712, 0.0984, 0.0899, 0.1129, 0.1435, 0.0966, 0.1186, 0.0944, 0.0873,
         0.0872],
        [0.1775, 0.0893, 0.1178, 0.0797, 0.0800, 0.1346, 0.0669, 0.0936, 0.0827,
         0.0780],
        [0.0771, 0.1079, 0.0966, 0.0952, 0.1005, 0.1031, 0.1312, 0.1117, 0.0996,
         0.0771],
        [0.0840, 0.0847, 0.0952, 0.0621, 0.1096, 0.1901, 0.1021, 0.0993, 0.1055,
         0.0674],
        [0.2086, 0.0938, 0.0995, 0.0871, 0.0875, 0.0986, 0.0974, 0.0663, 0.0860,
         0.0751],
        [0.0807, 0.1070, 0.1024, 0.1035, 0.1308, 0.0741, 0.0729, 0.0962, 0.0785,
         0.1540],
        [0.0842, 0.1887, 0.0928, 0.0932, 0.0974, 0.0915, 0.0920, 0.0843, 0.0764,
         0.0997],
        [0.0818, 0.0802, 0.0844, 0.1181, 0.0926, 0.0627, 0.0812, 0.0987, 0.1997,
         0.1005],
        [0.1345, 0.0912, 0.1197, 0.1221, 0.1029, 0.1050, 0.0794, 0.0781, 0.0951,
         0.0718],
        [0.0870, 0.0789, 0.0799, 0.0898, 0.1089, 0.0712, 0.1119, 0.1049, 0.1935,
         0.0739],
        [0.0774, 0.1121, 0.0965, 0.0948, 0.1044, 0.0834, 0.0895, 0.0909, 0.0848,
         0.1662]], device='cuda:0', grad_fn=<SoftmaxBackward>)
>> best accuracy: 91.83333333333333	best epoch: 10

>> final recovery rate: 92.84444444444443%
>> val epoch: 25
>> current accuracy: 96.03333333333333%
outputs: tensor([[1.4604e-05, 1.8403e-04, 1.6866e-05, 8.6128e-04, 9.6772e-04, 1.2300e-05,
         1.0873e-06, 9.9173e-01, 1.7657e-05, 6.1935e-03],
        [4.8058e-05, 9.6248e-05, 9.9535e-01, 3.8581e-05, 2.9377e-06, 7.0092e-05,
         2.1798e-04, 1.4937e-05, 4.1368e-03, 2.1582e-05],
        [1.6690e-06, 3.3690e-07, 9.9999e-01, 3.8038e-07, 5.4107e-07, 2.6908e-07,
         1.8304e-06, 5.2962e-08, 1.4719e-06, 3.0879e-07],
        [3.4173e-05, 1.9515e-06, 9.9991e-01, 5.8493e-06, 5.6126e-07, 7.2877e-06,
         4.5737e-06, 5.2074e-07, 3.1877e-05, 1.6034e-06],
        [5.0861e-04, 2.8576e-04, 2.2148e-04, 4.3955e-06, 1.5460e-04, 7.2378e-04,
         8.4954e-01, 1.4472e-05, 1.4851e-01, 3.4723e-05],
        [9.8180e-05, 5.7696e-07, 1.3143e-07, 8.7694e-07, 1.2766e-06, 9.9982e-01,
         4.2664e-05, 2.2146e-08, 3.6774e-05, 2.5656e-06],
        [1.7555e-06, 2.8199e-08, 6.2107e-10, 4.6733e-08, 9.9998e-01, 8.0845e-07,
         7.8543e-07, 3.6576e-08, 1.2065e-06, 1.8919e-05],
        [2.0126e-04, 1.7501e-04, 2.5407e-04, 4.0418e-03, 3.8615e-04, 1.5187e-03,
         1.0186e-04, 5.6105e-03, 9.0065e-04, 9.8681e-01],
        [1.0000e+00, 1.1696e-10, 5.1192e-09, 5.8645e-07, 1.7746e-08, 1.4708e-07,
         2.9188e-07, 3.1814e-10, 2.2772e-07, 2.5158e-08],
        [1.1376e-08, 9.9999e-01, 4.0995e-07, 1.2459e-07, 8.6503e-07, 6.7509e-07,
         2.0762e-06, 4.3370e-08, 1.8045e-06, 1.7941e-07],
        [9.0313e-07, 1.9392e-06, 3.8436e-06, 9.9995e-01, 2.8741e-06, 4.6709e-06,
         3.6138e-07, 9.5354e-07, 2.9940e-05, 5.3090e-07],
        [1.3357e-05, 1.3573e-06, 9.9994e-01, 2.4598e-05, 2.4638e-06, 1.3119e-06,
         6.7834e-06, 2.9624e-07, 1.1745e-05, 7.9548e-07],
        [5.1093e-08, 9.9995e-01, 3.8032e-06, 3.8152e-07, 1.2232e-06, 1.2755e-06,
         6.1135e-06, 1.6160e-07, 3.3785e-05, 9.0942e-08],
        [7.3202e-03, 1.1259e-01, 3.3985e-02, 1.6390e-02, 4.2420e-04, 3.2641e-02,
         1.1363e-03, 1.9871e-01, 5.8974e-01, 7.0668e-03],
        [1.0873e-04, 2.1064e-06, 8.6519e-07, 3.6406e-05, 1.1585e-04, 1.0084e-03,
         9.9865e-01, 1.6971e-07, 7.2705e-05, 2.3892e-06],
        [3.6444e-01, 6.9277e-06, 1.3216e-05, 1.4483e-05, 1.3519e-04, 3.6795e-04,
         6.3218e-01, 4.6613e-06, 2.8136e-03, 1.6421e-05],
        [3.5226e-06, 3.8773e-06, 9.9994e-01, 3.4477e-05, 4.0004e-06, 9.1235e-07,
         3.0509e-06, 1.5931e-07, 4.5944e-06, 1.1682e-06],
        [1.7495e-04, 3.4148e-06, 1.3704e-07, 1.3736e-08, 3.2719e-05, 1.2918e-04,
         9.9964e-01, 1.1143e-08, 2.2128e-05, 7.2382e-08],
        [3.1674e-05, 1.4873e-02, 1.3207e-04, 1.3445e-02, 5.0620e-04, 7.7616e-05,
         1.6128e-05, 9.7023e-01, 1.7078e-04, 5.1619e-04],
        [1.0864e-05, 3.0451e-05, 1.6591e-04, 7.0954e-03, 8.4142e-06, 8.5955e-06,
         1.9341e-05, 1.6338e-05, 9.9260e-01, 4.4868e-05],
        [1.4848e-08, 3.8298e-10, 6.5848e-09, 3.6235e-09, 1.3387e-05, 4.7292e-09,
         3.4843e-08, 3.1032e-08, 1.5419e-08, 9.9999e-01],
        [1.3230e-05, 2.1622e-04, 3.1604e-03, 9.9441e-01, 1.6546e-04, 1.4037e-03,
         2.3744e-04, 3.2428e-04, 5.8492e-05, 1.4147e-05],
        [2.0323e-08, 9.9999e-01, 1.6508e-06, 5.7609e-07, 1.5009e-06, 1.4932e-06,
         4.1141e-06, 4.9913e-08, 8.9567e-07, 6.0973e-08],
        [6.1021e-04, 1.6488e-01, 1.1319e-03, 9.3839e-02, 3.3679e-02, 2.1774e-04,
         2.0004e-04, 6.5495e-01, 2.0861e-02, 2.9628e-02],
        [2.3342e-05, 9.9130e-08, 5.8363e-08, 3.6104e-06, 3.4444e-07, 9.9994e-01,
         1.1222e-05, 3.7689e-09, 1.8282e-05, 2.8651e-06],
        [4.2791e-05, 2.7075e-07, 1.8552e-07, 1.9697e-08, 4.4612e-06, 1.6713e-05,
         9.9993e-01, 6.6753e-09, 1.7734e-06, 2.2639e-07],
        [1.6443e-07, 8.4912e-08, 1.7488e-07, 3.2783e-05, 3.0202e-05, 5.4444e-07,
         1.0066e-07, 8.1586e-07, 3.5850e-05, 9.9990e-01],
        [2.7511e-06, 2.2234e-06, 3.5520e-08, 4.9829e-09, 1.2552e-06, 4.5572e-06,
         9.9999e-01, 2.0742e-09, 2.2018e-06, 5.2308e-08],
        [1.0516e-06, 5.9871e-07, 6.3459e-07, 1.7126e-05, 5.6151e-04, 1.0584e-06,
         5.4363e-07, 3.9057e-05, 6.2489e-06, 9.9937e-01],
        [2.1312e-06, 8.5609e-06, 6.6373e-06, 9.9975e-01, 7.7001e-06, 1.9849e-04,
         1.9456e-06, 4.0856e-06, 1.7504e-05, 1.6726e-06],
        [4.1762e-06, 6.5511e-07, 3.3003e-06, 9.9965e-01, 8.8586e-07, 6.2650e-06,
         1.5016e-07, 3.5227e-07, 3.3492e-04, 6.6417e-07],
        [4.7315e-10, 1.0000e+00, 1.3741e-07, 1.3452e-08, 6.9699e-08, 1.1669e-07,
         4.4553e-07, 1.9508e-09, 1.4122e-07, 7.2766e-09],
        [2.0295e-07, 2.6771e-05, 3.4319e-06, 9.9968e-01, 8.8784e-06, 2.3230e-05,
         3.3737e-07, 2.4305e-04, 8.9953e-06, 9.5873e-06],
        [4.9591e-04, 9.4968e-03, 5.0110e-03, 5.1670e-01, 3.3591e-03, 3.4044e-01,
         6.2539e-02, 8.5295e-04, 6.0924e-02, 1.8469e-04],
        [3.6874e-05, 1.1756e-04, 2.5236e-05, 3.8453e-04, 1.8773e-04, 3.5141e-05,
         1.1048e-05, 9.8827e-01, 6.6748e-05, 1.0861e-02],
        [1.8670e-06, 2.2145e-06, 2.0091e-07, 1.4704e-04, 2.2900e-06, 9.9982e-01,
         5.5885e-06, 5.8469e-08, 2.1105e-05, 1.2732e-06],
        [1.2585e-04, 6.2092e-04, 2.7273e-05, 7.5116e-03, 1.2470e-01, 4.2330e-03,
         2.8913e-05, 1.1185e-04, 2.2015e-03, 8.6043e-01],
        [5.4033e-04, 4.8321e-06, 2.6582e-06, 1.1229e-04, 1.4188e-05, 9.9876e-01,
         3.4573e-04, 3.1385e-07, 1.1233e-04, 1.0396e-04],
        [4.7684e-06, 1.0308e-06, 1.1003e-06, 1.5782e-05, 8.6863e-06, 1.5410e-04,
         1.8065e-06, 5.8234e-06, 5.7663e-05, 9.9975e-01],
        [2.1266e-06, 2.6854e-07, 9.9999e-01, 6.7804e-07, 1.0526e-06, 1.2709e-07,
         8.4549e-07, 4.7899e-08, 1.4808e-07, 3.9308e-08],
        [1.7436e-05, 1.6104e-05, 8.9575e-06, 6.6109e-06, 5.0874e-05, 2.4617e-06,
         6.6264e-07, 9.9976e-01, 2.1925e-05, 1.1180e-04],
        [1.9871e-06, 6.6696e-06, 2.5697e-06, 1.2925e-05, 8.2360e-06, 4.0280e-06,
         2.7621e-07, 9.9990e-01, 3.1289e-06, 6.2461e-05],
        [2.0006e-08, 9.9999e-01, 1.1848e-06, 5.8845e-07, 1.6048e-06, 1.5517e-06,
         3.5682e-06, 6.8826e-08, 9.5150e-07, 1.3335e-07],
        [7.9588e-07, 1.3621e-07, 4.4031e-09, 2.3612e-08, 9.9918e-01, 6.0123e-08,
         3.2683e-07, 9.2530e-07, 1.6208e-07, 8.1436e-04],
        [1.0000e+00, 3.7092e-11, 7.2342e-09, 3.3107e-07, 4.9264e-09, 1.1418e-07,
         3.2391e-07, 7.0614e-11, 2.3025e-07, 7.9889e-09],
        [3.4536e-04, 4.5365e-02, 1.7256e-04, 1.4772e-03, 1.8086e-03, 6.6589e-02,
         1.0643e-04, 1.6185e-03, 1.5109e-02, 8.6741e-01],
        [3.4352e-05, 7.9852e-07, 9.9994e-01, 4.9159e-06, 4.6209e-06, 9.8445e-07,
         1.2549e-05, 3.7684e-07, 3.4809e-06, 4.5035e-07],
        [1.4437e-07, 3.4828e-09, 1.4493e-10, 5.2739e-08, 9.9998e-01, 1.8421e-07,
         8.9668e-08, 1.9066e-08, 2.9697e-07, 2.2861e-05]], device='cuda:0',
       grad_fn=<SoftmaxBackward>)
>> best accuracy: 96.03333333333333	best epoch: 25

>> final recovery rate: 95.03148148148148%
>> val epoch: 30
>> current accuracy: 95.7%
outputs: tensor([[3.6583e-09, 1.0000e+00, 1.4313e-07, 4.7030e-09, 2.3396e-07, 4.0597e-08,
         3.4600e-07, 3.0569e-07, 8.2114e-09, 7.6126e-10],
        [4.8989e-07, 3.5305e-07, 2.1888e-06, 9.9998e-01, 4.1785e-07, 2.1332e-06,
         7.7467e-08, 1.2565e-06, 1.0144e-05, 1.7819e-07],
        [1.3875e-06, 4.9987e-06, 6.6011e-08, 2.1382e-07, 2.0684e-06, 1.8103e-08,
         2.0319e-07, 9.9997e-01, 4.8238e-07, 1.5967e-05],
        [2.2642e-11, 1.0000e+00, 2.9813e-08, 2.3184e-11, 5.8028e-10, 7.3733e-09,
         2.9485e-08, 1.0562e-09, 1.6643e-10, 1.9311e-12],
        [7.1932e-09, 1.4312e-08, 1.0000e+00, 1.2757e-07, 1.6963e-07, 2.1148e-10,
         2.6483e-07, 3.0920e-09, 1.4687e-07, 4.4450e-09],
        [7.4070e-08, 2.4684e-07, 3.5980e-08, 5.9979e-07, 3.8303e-07, 1.5483e-07,
         2.8246e-10, 1.0000e+00, 9.9320e-09, 2.7141e-06],
        [5.0560e-12, 1.0000e+00, 1.0963e-08, 3.6697e-12, 1.0647e-10, 9.3369e-09,
         9.1617e-09, 1.0872e-10, 9.1780e-11, 2.1543e-12],
        [1.9643e-06, 1.4414e-08, 3.8549e-08, 1.5213e-08, 5.3481e-05, 5.1290e-08,
         4.0539e-06, 9.2576e-07, 2.4503e-08, 9.9994e-01],
        [1.0486e-07, 8.5773e-07, 2.3791e-06, 1.9375e-05, 2.9564e-08, 5.5740e-08,
         3.0382e-08, 3.3897e-08, 9.9998e-01, 1.2081e-06],
        [9.9999e-01, 1.0669e-09, 1.4503e-07, 9.4164e-07, 3.9553e-08, 9.4430e-08,
         4.4852e-06, 2.9449e-09, 1.6652e-07, 2.0385e-10],
        [2.3327e-08, 3.7612e-04, 4.0831e-07, 1.8667e-07, 2.1163e-05, 1.1114e-04,
         9.9949e-01, 5.9928e-08, 8.4394e-07, 1.6658e-08],
        [7.1569e-03, 5.0951e-01, 1.9079e-02, 1.9738e-02, 2.6251e-04, 3.1800e-02,
         3.3840e-03, 6.5262e-03, 4.0244e-01, 1.0672e-04],
        [2.0827e-07, 1.1010e-05, 7.0856e-08, 3.2418e-06, 9.9997e-01, 2.0195e-06,
         1.1789e-05, 8.2366e-07, 2.9800e-07, 3.7614e-06],
        [9.9999e-01, 3.9758e-10, 5.1001e-07, 3.0299e-06, 2.8444e-08, 8.9373e-08,
         5.3794e-06, 1.5308e-08, 2.9625e-07, 8.5137e-09],
        [1.4679e-07, 4.3141e-09, 3.9149e-09, 4.2091e-08, 6.2752e-06, 2.1338e-08,
         1.3872e-07, 5.7112e-07, 3.2782e-08, 9.9999e-01],
        [6.3403e-06, 1.2820e-06, 1.0997e-06, 3.0414e-06, 6.4114e-04, 7.1298e-07,
         1.3101e-05, 2.1369e-04, 1.1793e-06, 9.9912e-01],
        [2.4909e-09, 9.9999e-01, 1.5018e-06, 2.0034e-09, 1.1084e-07, 1.0911e-06,
         2.2311e-06, 3.3017e-08, 2.7007e-06, 7.9895e-10],
        [1.0000e+00, 2.4659e-12, 1.7591e-09, 1.7018e-08, 6.1603e-10, 3.7102e-10,
         1.8479e-07, 3.7155e-11, 1.4424e-09, 5.2848e-12],
        [4.6523e-07, 1.6105e-06, 1.9412e-08, 3.6113e-06, 7.2934e-06, 9.9995e-01,
         3.8086e-05, 4.9680e-08, 1.5044e-06, 4.1244e-07],
        [3.4602e-07, 4.8623e-06, 9.9825e-06, 5.0750e-02, 3.3645e-06, 1.3421e-06,
         5.8392e-07, 3.8840e-07, 9.4922e-01, 1.3713e-05],
        [9.9999e-01, 1.7598e-13, 3.7626e-09, 3.2802e-10, 1.6302e-10, 1.1124e-10,
         7.2416e-06, 4.0498e-12, 9.4674e-10, 1.8378e-11],
        [1.3453e-07, 4.5023e-08, 3.8097e-08, 4.3770e-07, 9.2002e-06, 1.8057e-08,
         4.2017e-07, 5.7178e-05, 1.6518e-07, 9.9993e-01],
        [1.0000e+00, 2.8293e-12, 2.1306e-09, 2.0782e-08, 2.6617e-09, 1.1535e-09,
         2.0583e-06, 7.2032e-12, 7.6726e-09, 1.4412e-11],
        [2.3597e-07, 6.3183e-07, 1.3552e-06, 9.9999e-01, 3.6285e-07, 8.9960e-06,
         2.3744e-07, 3.5133e-07, 2.0050e-06, 1.5460e-08],
        [1.9804e-06, 6.6289e-08, 9.0713e-08, 1.6373e-07, 3.2061e-05, 4.2566e-07,
         1.9787e-06, 1.8370e-05, 9.2370e-08, 9.9994e-01],
        [9.9998e-01, 4.3024e-10, 4.0983e-08, 3.1343e-06, 5.7502e-07, 4.4071e-07,
         1.4754e-05, 4.2237e-10, 5.1116e-07, 7.3739e-10],
        [2.8227e-05, 3.0032e-04, 2.1931e-04, 3.7813e-02, 2.1710e-02, 1.1656e-04,
         3.8702e-06, 9.2219e-01, 6.3385e-06, 1.7608e-02],
        [4.4836e-09, 8.4038e-07, 7.0754e-07, 1.4041e-07, 8.9324e-09, 7.9935e-09,
         3.4461e-08, 2.9457e-08, 1.0000e+00, 2.1925e-07],
        [1.5301e-08, 4.9993e-08, 3.6941e-09, 2.6352e-08, 4.4608e-08, 2.2333e-07,
         5.3766e-10, 1.0000e+00, 6.0570e-09, 1.5434e-06],
        [1.0000e+00, 1.3265e-12, 2.8293e-09, 8.8440e-09, 5.3810e-10, 1.3655e-09,
         4.5439e-08, 1.8842e-11, 4.1572e-09, 3.2866e-12],
        [6.8467e-12, 2.8716e-10, 8.2989e-14, 5.5858e-12, 4.7835e-10, 1.0000e+00,
         2.7667e-10, 1.0931e-14, 3.0596e-11, 6.1812e-12],
        [6.9447e-08, 2.4247e-08, 3.5337e-08, 9.7504e-07, 1.0615e-05, 6.1220e-08,
         1.1155e-07, 5.8339e-06, 2.7958e-07, 9.9998e-01],
        [1.9263e-06, 5.8735e-06, 1.2413e-05, 4.2512e-05, 8.0579e-08, 3.5017e-06,
         2.5115e-06, 4.5314e-06, 9.9987e-01, 5.5661e-05],
        [7.1979e-06, 8.3508e-05, 2.0205e-06, 2.2135e-05, 9.9892e-01, 9.4408e-06,
         4.8566e-04, 1.8358e-06, 3.3078e-06, 4.6448e-04],
        [1.7897e-08, 9.9999e-01, 1.2970e-07, 2.0699e-06, 7.6490e-06, 1.5407e-06,
         7.6918e-07, 8.3684e-07, 2.4071e-07, 1.7252e-07],
        [1.1261e-06, 5.9455e-07, 5.5186e-07, 1.0078e-05, 5.1270e-05, 7.2044e-06,
         6.8577e-07, 5.1103e-05, 1.4090e-06, 9.9988e-01],
        [4.8240e-10, 8.9900e-11, 1.0000e+00, 7.1348e-12, 3.8456e-10, 3.3797e-12,
         4.0124e-08, 2.9059e-11, 6.8567e-11, 4.7147e-11],
        [5.4201e-06, 5.0572e-04, 1.1643e-05, 2.0068e-01, 3.6361e-04, 7.9696e-01,
         1.4736e-03, 1.9180e-06, 3.6805e-06, 1.3114e-07],
        [1.4405e-08, 3.4919e-08, 2.1093e-11, 5.8772e-09, 1.0000e+00, 5.5519e-07,
         8.6890e-07, 1.1085e-09, 1.4932e-09, 2.4738e-08],
        [1.4404e-04, 1.1452e-05, 1.9128e-05, 5.0668e-05, 3.7653e-03, 2.8072e-05,
         2.9672e-04, 7.1871e-04, 3.1232e-05, 9.9493e-01],
        [3.8411e-05, 1.2383e-06, 2.3064e-06, 3.3339e-06, 3.1210e-04, 2.8505e-01,
         7.1459e-01, 3.0411e-07, 4.1970e-06, 5.5587e-07],
        [3.4685e-07, 1.3083e-09, 5.8425e-09, 4.2131e-09, 2.3657e-06, 2.2847e-08,
         6.0779e-07, 4.0921e-08, 1.0727e-08, 1.0000e+00],
        [2.2689e-07, 1.0599e-07, 8.2972e-09, 3.9794e-07, 1.6892e-05, 9.9997e-01,
         8.2289e-06, 2.0771e-08, 4.0609e-08, 4.4019e-06],
        [4.8412e-07, 2.1512e-05, 2.0733e-05, 9.9980e-01, 5.8512e-06, 5.1537e-05,
         4.8572e-07, 7.0912e-05, 2.5194e-05, 4.7958e-06],
        [1.0000e+00, 1.8636e-13, 1.9478e-09, 5.0057e-09, 5.0928e-11, 2.3767e-10,
         1.2305e-08, 6.4718e-12, 6.5608e-10, 8.0621e-13],
        [1.5215e-06, 3.7229e-08, 4.2472e-07, 9.9999e-01, 3.0371e-08, 8.8193e-06,
         6.1508e-07, 6.5899e-08, 2.0392e-07, 3.9447e-10],
        [3.0129e-07, 7.7411e-07, 3.1639e-06, 9.9988e-01, 1.0929e-06, 1.4128e-06,
         8.9839e-08, 3.6567e-07, 1.1499e-04, 2.7832e-07],
        [5.3526e-08, 1.3100e-08, 1.0036e-09, 7.0179e-10, 2.9493e-08, 5.6501e-10,
         1.4043e-09, 1.0000e+00, 1.0461e-08, 2.6959e-06]], device='cuda:0',
       grad_fn=<SoftmaxBackward>)
>> best accuracy: 96.03333333333333	best epoch: 25

>> final recovery rate: 95.11111111111111%
>> val epoch: 35
>> current accuracy: 95.96666666666667%
outputs: tensor([[6.6397e-05, 6.2075e-05, 9.9364e-01, 6.0179e-03, 6.2764e-05, 6.9360e-06,
         2.5275e-05, 6.7613e-05, 4.5513e-05, 2.6234e-06],
