noise type: uniform
noise level: 0.6
when_to_apply_epoch: 25
total clean data num: 17815
probability transition matrix:
[[0.4        0.06666667 0.06666667 0.06666667 0.06666667 0.06666667
  0.06666667 0.06666667 0.06666667 0.06666667]
 [0.06666667 0.4        0.06666667 0.06666667 0.06666667 0.06666667
  0.06666667 0.06666667 0.06666667 0.06666667]
 [0.06666667 0.06666667 0.4        0.06666667 0.06666667 0.06666667
  0.06666667 0.06666667 0.06666667 0.06666667]
 [0.06666667 0.06666667 0.06666667 0.4        0.06666667 0.06666667
  0.06666667 0.06666667 0.06666667 0.06666667]
 [0.06666667 0.06666667 0.06666667 0.06666667 0.4        0.06666667
  0.06666667 0.06666667 0.06666667 0.06666667]
 [0.06666667 0.06666667 0.06666667 0.06666667 0.06666667 0.4
  0.06666667 0.06666667 0.06666667 0.06666667]
 [0.06666667 0.06666667 0.06666667 0.06666667 0.06666667 0.06666667
  0.4        0.06666667 0.06666667 0.06666667]
 [0.06666667 0.06666667 0.06666667 0.06666667 0.06666667 0.06666667
  0.06666667 0.4        0.06666667 0.06666667]
 [0.06666667 0.06666667 0.06666667 0.06666667 0.06666667 0.06666667
  0.06666667 0.06666667 0.4        0.06666667]
 [0.06666667 0.06666667 0.06666667 0.06666667 0.06666667 0.06666667
  0.06666667 0.06666667 0.06666667 0.4       ]]
>> val epoch: 0
>> current accuracy: 31.759999999999998%
outputs: tensor([[0.1527, 0.1186, 0.0821, 0.0547, 0.1142, 0.0842, 0.0605, 0.1072, 0.1176,
         0.1083],
        [0.1319, 0.1081, 0.0665, 0.0532, 0.1192, 0.0812, 0.0732, 0.0908, 0.1058,
         0.1702],
        [0.1033, 0.0607, 0.0947, 0.0955, 0.1589, 0.1297, 0.1253, 0.1154, 0.0394,
         0.0771],
        [0.0885, 0.0656, 0.0937, 0.0583, 0.2149, 0.0956, 0.1100, 0.1647, 0.0331,
         0.0756],
        [0.0940, 0.1292, 0.0775, 0.0639, 0.1462, 0.0779, 0.1000, 0.1216, 0.0527,
         0.1369],
        [0.1365, 0.0723, 0.0757, 0.0346, 0.0946, 0.0821, 0.0502, 0.0942, 0.2668,
         0.0929],
        [0.0812, 0.0616, 0.0940, 0.0743, 0.1878, 0.0973, 0.1722, 0.1019, 0.0366,
         0.0930],
        [0.1031, 0.0732, 0.0953, 0.0637, 0.1830, 0.0900, 0.1395, 0.0762, 0.0572,
         0.1188],
        [0.0966, 0.0827, 0.0810, 0.0788, 0.1635, 0.0968, 0.1084, 0.1386, 0.0409,
         0.1126],
        [0.0840, 0.0563, 0.0855, 0.0983, 0.1580, 0.1609, 0.1253, 0.0919, 0.0436,
         0.0963],
        [0.0525, 0.0831, 0.2096, 0.0302, 0.2467, 0.0517, 0.1156, 0.1012, 0.0317,
         0.0777],
        [0.0740, 0.0567, 0.1220, 0.0633, 0.2197, 0.1112, 0.1629, 0.0856, 0.0309,
         0.0738],
        [0.1214, 0.0999, 0.0746, 0.0479, 0.1509, 0.0699, 0.0982, 0.0921, 0.0747,
         0.1704],
        [0.1406, 0.0957, 0.0754, 0.0325, 0.1365, 0.0666, 0.0694, 0.1401, 0.0944,
         0.1488],
        [0.1705, 0.1357, 0.0684, 0.0538, 0.1511, 0.0593, 0.0665, 0.1084, 0.0653,
         0.1211],
        [0.1067, 0.0997, 0.0615, 0.0411, 0.1272, 0.0589, 0.0850, 0.1404, 0.0512,
         0.2282],
        [0.1099, 0.1283, 0.0751, 0.0501, 0.1647, 0.0697, 0.0666, 0.1585, 0.0575,
         0.1197],
        [0.1027, 0.0663, 0.1069, 0.0755, 0.1634, 0.1345, 0.0700, 0.1625, 0.0433,
         0.0749],
        [0.1164, 0.1345, 0.0603, 0.0479, 0.1011, 0.0890, 0.0676, 0.0918, 0.1359,
         0.1556],
        [0.1079, 0.0775, 0.0928, 0.0738, 0.1788, 0.1051, 0.0846, 0.1470, 0.0464,
         0.0861],
        [0.1220, 0.1480, 0.0570, 0.0418, 0.0868, 0.0724, 0.0623, 0.0838, 0.1521,
         0.1739],
        [0.1284, 0.1266, 0.0728, 0.0494, 0.1178, 0.0825, 0.0775, 0.1136, 0.0887,
         0.1427],
        [0.0795, 0.0715, 0.1064, 0.0540, 0.1786, 0.0833, 0.1507, 0.1230, 0.0370,
         0.1159],
        [0.0751, 0.0665, 0.0995, 0.0764, 0.2002, 0.0999, 0.1649, 0.0910, 0.0350,
         0.0915],
        [0.0863, 0.0742, 0.0893, 0.0777, 0.1599, 0.1108, 0.1017, 0.1407, 0.0471,
         0.1123],
        [0.0897, 0.0854, 0.0801, 0.0775, 0.1691, 0.0934, 0.1165, 0.1250, 0.0496,
         0.1135],
        [0.0847, 0.0528, 0.1063, 0.0784, 0.1738, 0.1240, 0.1086, 0.1514, 0.0365,
         0.0836],
        [0.1094, 0.0853, 0.1056, 0.0700, 0.1894, 0.0853, 0.1086, 0.1101, 0.0484,
         0.0881],
        [0.1176, 0.1510, 0.0587, 0.0417, 0.1191, 0.0679, 0.0684, 0.0859, 0.1326,
         0.1570],
        [0.1135, 0.2468, 0.0487, 0.0386, 0.1077, 0.0595, 0.0500, 0.1021, 0.0870,
         0.1462],
        [0.0737, 0.0606, 0.1122, 0.0586, 0.2153, 0.1000, 0.1761, 0.0939, 0.0306,
         0.0790],
        [0.0929, 0.1553, 0.0549, 0.0450, 0.1020, 0.0573, 0.0759, 0.0954, 0.0673,
         0.2542],
        [0.0682, 0.0579, 0.1205, 0.0699, 0.2143, 0.1190, 0.1701, 0.0791, 0.0296,
         0.0713],
        [0.1270, 0.0795, 0.1228, 0.0628, 0.1604, 0.0836, 0.0939, 0.1145, 0.0540,
         0.1016],
        [0.1003, 0.1434, 0.0650, 0.0571, 0.1599, 0.0852, 0.0872, 0.1161, 0.0510,
         0.1348],
        [0.0913, 0.1130, 0.0631, 0.0775, 0.1368, 0.1044, 0.1295, 0.0824, 0.0571,
         0.1448],
        [0.0795, 0.0633, 0.0939, 0.0860, 0.1882, 0.1032, 0.1706, 0.0945, 0.0361,
         0.0849],
        [0.1213, 0.0643, 0.1179, 0.0645, 0.1650, 0.0998, 0.0875, 0.0915, 0.0693,
         0.1189],
        [0.1182, 0.2670, 0.0427, 0.0373, 0.1015, 0.0440, 0.0534, 0.0745, 0.0804,
         0.1810],
        [0.1349, 0.0882, 0.1048, 0.0625, 0.1275, 0.0852, 0.0809, 0.1001, 0.0793,
         0.1365],
        [0.0864, 0.0561, 0.0903, 0.0618, 0.1842, 0.0977, 0.0789, 0.2231, 0.0344,
         0.0873],
        [0.0735, 0.0587, 0.0919, 0.0793, 0.2235, 0.0971, 0.1580, 0.1078, 0.0336,
         0.0766],
        [0.0835, 0.0692, 0.1057, 0.0448, 0.2278, 0.0827, 0.1241, 0.1498, 0.0292,
         0.0832],
        [0.2165, 0.0923, 0.0841, 0.0434, 0.1233, 0.0734, 0.0596, 0.0831, 0.1530,
         0.0713],
        [0.1255, 0.0985, 0.0651, 0.0432, 0.1113, 0.0903, 0.0551, 0.0863, 0.2030,
         0.1217],
        [0.0833, 0.0623, 0.1094, 0.0646, 0.1981, 0.0927, 0.1497, 0.1184, 0.0360,
         0.0856],
        [0.0788, 0.0622, 0.1021, 0.0601, 0.2364, 0.1050, 0.1058, 0.1334, 0.0337,
         0.0824],
        [0.1107, 0.1312, 0.0443, 0.0376, 0.1128, 0.0594, 0.0798, 0.0908, 0.0816,
         0.2517],
        [0.0890, 0.1337, 0.0725, 0.0708, 0.1653, 0.0905, 0.1000, 0.1016, 0.0523,
         0.1243],
        [0.1174, 0.0886, 0.0717, 0.0588, 0.1469, 0.1077, 0.0675, 0.0858, 0.1167,
         0.1389],
        [0.1561, 0.0735, 0.0940, 0.0517, 0.1504, 0.0701, 0.0847, 0.1261, 0.0602,
         0.1332],
        [0.1199, 0.0700, 0.0788, 0.0563, 0.1209, 0.0824, 0.1067, 0.1130, 0.0653,
         0.1869],
        [0.0961, 0.0834, 0.0780, 0.0563, 0.1632, 0.0796, 0.0672, 0.2105, 0.0423,
         0.1233],
        [0.0905, 0.0758, 0.0700, 0.0941, 0.1376, 0.1373, 0.1097, 0.1139, 0.0539,
         0.1172],
        [0.0775, 0.0610, 0.0890, 0.0949, 0.1910, 0.1100, 0.1570, 0.0999, 0.0347,
         0.0850],
        [0.0803, 0.0765, 0.1115, 0.0528, 0.2042, 0.0784, 0.1801, 0.0901, 0.0351,
         0.0909],
        [0.0951, 0.1267, 0.0482, 0.0473, 0.1326, 0.0745, 0.0759, 0.1384, 0.0458,
         0.2154],
        [0.0616, 0.0581, 0.1110, 0.0711, 0.2349, 0.0998, 0.1518, 0.1103, 0.0302,
         0.0712],
        [0.1602, 0.0942, 0.0616, 0.0476, 0.1223, 0.0682, 0.0653, 0.1151, 0.0901,
         0.1755],
        [0.0930, 0.0921, 0.0903, 0.0756, 0.1797, 0.1073, 0.1002, 0.0993, 0.0485,
         0.1139],
        [0.1170, 0.0651, 0.0772, 0.0605, 0.1499, 0.0819, 0.1184, 0.0949, 0.0671,
         0.1680],
        [0.0731, 0.0602, 0.0907, 0.0819, 0.1960, 0.1145, 0.1626, 0.1014, 0.0332,
         0.0864],
        [0.0831, 0.0625, 0.1034, 0.0828, 0.1702, 0.1251, 0.0860, 0.1494, 0.0415,
         0.0960],
        [0.1113, 0.1273, 0.0836, 0.0712, 0.1469, 0.0929, 0.0813, 0.0873, 0.0748,
         0.1234],
        [0.0991, 0.2123, 0.0410, 0.0416, 0.1048, 0.0468, 0.0666, 0.0886, 0.0542,
         0.2450],
        [0.1037, 0.0943, 0.0657, 0.0565, 0.1420, 0.0895, 0.1000, 0.0849, 0.0801,
         0.1834],
        [0.0702, 0.0553, 0.0883, 0.1081, 0.1895, 0.1373, 0.1012, 0.1201, 0.0403,
         0.0897],
        [0.0777, 0.0609, 0.0924, 0.0795, 0.1906, 0.1238, 0.1155, 0.1274, 0.0358,
         0.0965],
        [0.1030, 0.1601, 0.0681, 0.0461, 0.1379, 0.0721, 0.0684, 0.1458, 0.0576,
         0.1410],
        [0.1383, 0.0875, 0.0665, 0.0392, 0.1254, 0.0818, 0.0692, 0.0842, 0.1733,
         0.1346],
        [0.1206, 0.2069, 0.0654, 0.0615, 0.1398, 0.0637, 0.0725, 0.0843, 0.0638,
         0.1214],
        [0.0906, 0.0916, 0.0742, 0.0650, 0.1606, 0.0744, 0.1767, 0.0909, 0.0458,
         0.1303]], device='cuda:0', grad_fn=<SoftmaxBackward>)
>> best accuracy: 31.759999999999998	best epoch: 0

>> final recovery rate: 39.58888888888889%
>> val epoch: 5
>> current accuracy: 54.76%
outputs: tensor([[0.0646, 0.0767, 0.1628, 0.1058, 0.0917, 0.0844, 0.2217, 0.0534, 0.0821,
         0.0568],
        [0.0922, 0.0941, 0.2057, 0.0565, 0.1339, 0.0832, 0.0965, 0.0601, 0.0974,
         0.0804],
        [0.0735, 0.0563, 0.1254, 0.1860, 0.0433, 0.2726, 0.0572, 0.0727, 0.0644,
         0.0488],
        [0.0576, 0.2551, 0.0712, 0.0683, 0.0969, 0.0627, 0.0586, 0.0456, 0.1572,
         0.1269],
        [0.3349, 0.0629, 0.0914, 0.0394, 0.1582, 0.0451, 0.0368, 0.1144, 0.0638,
         0.0531],
        [0.1834, 0.1262, 0.0784, 0.0558, 0.0822, 0.0584, 0.0488, 0.0601, 0.2528,
         0.0539],
        [0.0859, 0.0994, 0.0967, 0.0567, 0.0747, 0.0863, 0.0571, 0.0767, 0.1438,
         0.2229],
        [0.0658, 0.4619, 0.0643, 0.0464, 0.0799, 0.0624, 0.0560, 0.0455, 0.0642,
         0.0535],
        [0.0555, 0.0628, 0.1408, 0.0973, 0.2647, 0.0979, 0.0793, 0.0559, 0.0791,
         0.0668],
        [0.0819, 0.0672, 0.1463, 0.1165, 0.0748, 0.1311, 0.1798, 0.0618, 0.0754,
         0.0652],
        [0.0805, 0.0735, 0.1714, 0.0880, 0.1356, 0.1063, 0.1327, 0.0478, 0.0966,
         0.0677],
        [0.0744, 0.1022, 0.0766, 0.1227, 0.1007, 0.0818, 0.1395, 0.0627, 0.0859,
         0.1534],
        [0.1248, 0.1279, 0.1038, 0.0592, 0.1761, 0.0693, 0.0509, 0.1550, 0.0653,
         0.0677],
        [0.0497, 0.1356, 0.0559, 0.0443, 0.0792, 0.0607, 0.0397, 0.0432, 0.0699,
         0.4219],
        [0.0592, 0.4112, 0.0581, 0.0781, 0.0715, 0.0516, 0.0551, 0.0550, 0.1028,
         0.0574],
        [0.1014, 0.0773, 0.1512, 0.0680, 0.1674, 0.0898, 0.0789, 0.0873, 0.0987,
         0.0799],
        [0.1013, 0.0642, 0.1280, 0.1610, 0.0688, 0.1611, 0.1104, 0.0787, 0.0601,
         0.0665],
        [0.1189, 0.0670, 0.0837, 0.1192, 0.1343, 0.1063, 0.0752, 0.0688, 0.1260,
         0.1007],
        [0.4317, 0.0689, 0.0955, 0.0470, 0.1042, 0.0499, 0.0411, 0.0483, 0.0729,
         0.0403],
        [0.0757, 0.0474, 0.0377, 0.0329, 0.0909, 0.0347, 0.0280, 0.5613, 0.0325,
         0.0590],
        [0.1062, 0.3404, 0.0770, 0.0580, 0.0785, 0.0642, 0.0634, 0.0553, 0.0869,
         0.0702],
        [0.2965, 0.0733, 0.0929, 0.0580, 0.0836, 0.0541, 0.0549, 0.0521, 0.1840,
         0.0507],
        [0.0767, 0.0687, 0.1172, 0.0793, 0.1348, 0.0896, 0.2067, 0.0583, 0.0762,
         0.0924],
        [0.0831, 0.0761, 0.1628, 0.0834, 0.1683, 0.0823, 0.0835, 0.1085, 0.0863,
         0.0657],
        [0.0781, 0.0711, 0.0970, 0.0859, 0.1966, 0.0999, 0.1087, 0.1128, 0.0821,
         0.0679],
        [0.0731, 0.0515, 0.1010, 0.2129, 0.0583, 0.2636, 0.0635, 0.0626, 0.0665,
         0.0470],
        [0.0906, 0.0642, 0.2261, 0.0803, 0.1345, 0.0920, 0.0783, 0.0529, 0.1211,
         0.0599],
        [0.0824, 0.0831, 0.2475, 0.0608, 0.0902, 0.1603, 0.0485, 0.0909, 0.0704,
         0.0659],
        [0.0874, 0.0744, 0.2214, 0.0964, 0.0471, 0.1649, 0.1036, 0.0875, 0.0570,
         0.0603],
        [0.0886, 0.0558, 0.1051, 0.1634, 0.0865, 0.1816, 0.0988, 0.0645, 0.0893,
         0.0665],
        [0.3456, 0.0712, 0.1225, 0.0605, 0.1122, 0.0662, 0.0446, 0.0710, 0.0645,
         0.0417],
        [0.0879, 0.0685, 0.1932, 0.1099, 0.1025, 0.1159, 0.0706, 0.0569, 0.1219,
         0.0727],
        [0.1683, 0.0614, 0.0750, 0.0597, 0.0671, 0.0520, 0.0491, 0.0495, 0.3717,
         0.0461],
        [0.0950, 0.0874, 0.0769, 0.0611, 0.1351, 0.0669, 0.0558, 0.0932, 0.0687,
         0.2598],
        [0.0913, 0.0594, 0.1205, 0.1371, 0.1179, 0.1714, 0.1013, 0.0734, 0.0651,
         0.0625],
        [0.0742, 0.0846, 0.1684, 0.0824, 0.0637, 0.0798, 0.2325, 0.0542, 0.0907,
         0.0695],
        [0.0684, 0.0710, 0.1438, 0.1062, 0.1277, 0.1418, 0.1087, 0.0813, 0.0860,
         0.0651],
        [0.1296, 0.1005, 0.0950, 0.0705, 0.0680, 0.0725, 0.0648, 0.0582, 0.2870,
         0.0539],
        [0.1126, 0.0673, 0.0938, 0.1054, 0.1007, 0.2042, 0.0617, 0.1120, 0.0793,
         0.0630],
        [0.0696, 0.0560, 0.0633, 0.0484, 0.0924, 0.0739, 0.0378, 0.4639, 0.0399,
         0.0548],
        [0.2537, 0.0805, 0.1174, 0.0603, 0.1187, 0.0708, 0.0495, 0.0734, 0.1164,
         0.0592],
        [0.0691, 0.2983, 0.0697, 0.0685, 0.0650, 0.0702, 0.0504, 0.0700, 0.1336,
         0.1053],
        [0.1332, 0.1304, 0.1520, 0.0708, 0.1029, 0.0814, 0.0943, 0.0856, 0.0892,
         0.0604],
        [0.0667, 0.0595, 0.1236, 0.1112, 0.2139, 0.1098, 0.0692, 0.0887, 0.0915,
         0.0659],
        [0.0859, 0.0672, 0.0793, 0.0768, 0.2227, 0.0690, 0.0521, 0.2000, 0.0794,
         0.0675],
        [0.0674, 0.3113, 0.0813, 0.0545, 0.0796, 0.0723, 0.0605, 0.0435, 0.0864,
         0.1432],
        [0.1290, 0.0734, 0.0852, 0.0623, 0.2097, 0.0654, 0.0469, 0.1981, 0.0653,
         0.0648],
        [0.1701, 0.0955, 0.1541, 0.0612, 0.1205, 0.0819, 0.0530, 0.0918, 0.0953,
         0.0766],
        [0.0748, 0.0544, 0.1185, 0.2076, 0.0972, 0.1660, 0.0531, 0.0764, 0.0961,
         0.0559],
        [0.1013, 0.1127, 0.1097, 0.0689, 0.1468, 0.1054, 0.0542, 0.1365, 0.0954,
         0.0693],
        [0.0739, 0.2808, 0.0657, 0.0624, 0.0863, 0.0670, 0.0583, 0.0464, 0.0725,
         0.1868],
        [0.1119, 0.0649, 0.1014, 0.0550, 0.0843, 0.0646, 0.0487, 0.0607, 0.2812,
         0.1273],
        [0.0968, 0.0851, 0.1719, 0.0633, 0.2023, 0.0873, 0.0779, 0.0571, 0.0816,
         0.0767],
        [0.0741, 0.3525, 0.0746, 0.0606, 0.0784, 0.0658, 0.0589, 0.0466, 0.1009,
         0.0875],
        [0.0993, 0.2230, 0.0907, 0.0723, 0.0880, 0.0751, 0.0903, 0.0487, 0.0926,
         0.1201],
        [0.0677, 0.1274, 0.0705, 0.0560, 0.0946, 0.0654, 0.0470, 0.0477, 0.1080,
         0.3156],
        [0.1225, 0.0661, 0.1276, 0.0730, 0.1132, 0.1389, 0.0497, 0.1643, 0.0831,
         0.0617],
        [0.1829, 0.0691, 0.1228, 0.0622, 0.1172, 0.0689, 0.0642, 0.0630, 0.1794,
         0.0703],
        [0.0732, 0.0812, 0.1198, 0.0688, 0.0573, 0.1065, 0.1053, 0.1353, 0.0720,
         0.1806],
        [0.0672, 0.3320, 0.0716, 0.0586, 0.0676, 0.0787, 0.0581, 0.0649, 0.1067,
         0.0945],
        [0.0971, 0.0697, 0.1553, 0.0800, 0.1564, 0.0882, 0.1522, 0.0461, 0.0832,
         0.0718],
        [0.0978, 0.0685, 0.0866, 0.0690, 0.1002, 0.1328, 0.0554, 0.2422, 0.0626,
         0.0849],
        [0.0864, 0.0671, 0.1364, 0.0835, 0.1054, 0.1992, 0.0589, 0.1171, 0.0775,
         0.0684],
        [0.1433, 0.1150, 0.0780, 0.0540, 0.1110, 0.0683, 0.0437, 0.0928, 0.1324,
         0.1617],
        [0.1010, 0.2159, 0.0700, 0.0624, 0.0733, 0.0778, 0.0434, 0.0641, 0.1805,
         0.1116],
        [0.1035, 0.1321, 0.1021, 0.0967, 0.0815, 0.0969, 0.0622, 0.0695, 0.1692,
         0.0862],
        [0.0847, 0.0623, 0.0743, 0.1543, 0.0998, 0.1201, 0.0744, 0.1639, 0.0693,
         0.0969],
        [0.2226, 0.0647, 0.0877, 0.0597, 0.1157, 0.0623, 0.0484, 0.0685, 0.1886,
         0.0819],
        [0.4901, 0.0508, 0.0705, 0.0384, 0.1043, 0.0428, 0.0362, 0.0456, 0.0821,
         0.0393],
        [0.1457, 0.1537, 0.1027, 0.0621, 0.1351, 0.0603, 0.0626, 0.1057, 0.0884,
         0.0838],
        [0.0700, 0.0753, 0.1635, 0.0937, 0.0988, 0.1006, 0.1050, 0.0773, 0.1267,
         0.0892],
        [0.0608, 0.0745, 0.2267, 0.0669, 0.2076, 0.0765, 0.0707, 0.0573, 0.0888,
         0.0701]], device='cuda:0', grad_fn=<SoftmaxBackward>)
>> best accuracy: 54.76	best epoch: 5

>> final recovery rate: 39.58888888888889%
>> val epoch: 10
>> current accuracy: 63.94%
outputs: tensor([[0.3232, 0.0829, 0.1554, 0.0525, 0.0635, 0.0625, 0.0753, 0.0774, 0.0591,
         0.0483],
        [0.0507, 0.0702, 0.0700, 0.0605, 0.0505, 0.0500, 0.0746, 0.0811, 0.4320,
         0.0603],
        [0.0605, 0.0781, 0.1211, 0.0694, 0.0536, 0.2955, 0.0913, 0.1065, 0.0656,
         0.0583],
        [0.0615, 0.1925, 0.0925, 0.0583, 0.0565, 0.0552, 0.0713, 0.1071, 0.0878,
         0.2173],
        [0.0776, 0.0760, 0.1051, 0.0965, 0.1922, 0.1027, 0.0789, 0.1386, 0.0791,
         0.0533],
        [0.0722, 0.0758, 0.0985, 0.1789, 0.0413, 0.1832, 0.0828, 0.1466, 0.0575,
         0.0634],
        [0.0542, 0.0713, 0.0674, 0.0481, 0.0623, 0.0795, 0.4369, 0.0641, 0.0678,
         0.0484],
        [0.0544, 0.3933, 0.0791, 0.0590, 0.0489, 0.0485, 0.0840, 0.0745, 0.1054,
         0.0529],
        [0.0689, 0.0885, 0.2563, 0.0876, 0.0686, 0.0872, 0.1355, 0.0877, 0.0620,
         0.0577],
        [0.1118, 0.0796, 0.1615, 0.0962, 0.1037, 0.0716, 0.1024, 0.1195, 0.0918,
         0.0618],
        [0.0648, 0.0609, 0.1182, 0.3066, 0.0358, 0.1511, 0.0784, 0.1044, 0.0359,
         0.0439],
        [0.0640, 0.0742, 0.0872, 0.1978, 0.0544, 0.1355, 0.1075, 0.1443, 0.0697,
         0.0653],
        [0.0708, 0.0560, 0.0697, 0.2186, 0.0569, 0.1474, 0.1581, 0.1011, 0.0712,
         0.0502],
        [0.0838, 0.1428, 0.0818, 0.0742, 0.1433, 0.0724, 0.1151, 0.0771, 0.1252,
         0.0844],
        [0.0601, 0.0682, 0.0711, 0.1163, 0.0339, 0.2690, 0.0711, 0.1995, 0.0542,
         0.0566],
        [0.0711, 0.0815, 0.0803, 0.1439, 0.0863, 0.1031, 0.1804, 0.1197, 0.0672,
         0.0664],
        [0.0887, 0.0786, 0.1652, 0.0758, 0.0695, 0.0771, 0.0725, 0.0989, 0.2106,
         0.0631],
        [0.0639, 0.1132, 0.1109, 0.0637, 0.0481, 0.1025, 0.0682, 0.1187, 0.1443,
         0.1665],
        [0.0508, 0.0625, 0.0710, 0.0560, 0.0506, 0.0487, 0.0668, 0.0733, 0.4729,
         0.0475],
        [0.0569, 0.0686, 0.0618, 0.0786, 0.0983, 0.0728, 0.3931, 0.0648, 0.0597,
         0.0453],
        [0.0413, 0.0594, 0.0957, 0.0564, 0.3976, 0.0493, 0.0724, 0.0884, 0.0798,
         0.0598],
        [0.0629, 0.0654, 0.1260, 0.0721, 0.1204, 0.0685, 0.3011, 0.0673, 0.0623,
         0.0539],
        [0.0690, 0.0702, 0.2210, 0.1443, 0.0481, 0.1037, 0.0788, 0.1280, 0.0589,
         0.0780],
        [0.0600, 0.0629, 0.0656, 0.1819, 0.0510, 0.2671, 0.0937, 0.1181, 0.0519,
         0.0478],
        [0.0543, 0.4195, 0.0585, 0.0594, 0.0484, 0.0409, 0.0876, 0.0663, 0.1144,
         0.0508],
        [0.0599, 0.1026, 0.0892, 0.1340, 0.1130, 0.0809, 0.0667, 0.1748, 0.0800,
         0.0990],
        [0.0736, 0.0657, 0.1292, 0.1333, 0.1035, 0.0926, 0.0974, 0.1317, 0.0956,
         0.0774],
        [0.0592, 0.0659, 0.0909, 0.0671, 0.2231, 0.0580, 0.1880, 0.0973, 0.0791,
         0.0714],
        [0.0722, 0.0752, 0.0851, 0.0977, 0.1526, 0.1083, 0.1641, 0.1115, 0.0754,
         0.0579],
        [0.0717, 0.1221, 0.0626, 0.2222, 0.0520, 0.1001, 0.0993, 0.1315, 0.0577,
         0.0808],
        [0.0567, 0.0665, 0.0985, 0.1365, 0.0578, 0.1072, 0.0722, 0.2611, 0.0601,
         0.0834],
        [0.0506, 0.0759, 0.0672, 0.0420, 0.0554, 0.0653, 0.4862, 0.0548, 0.0568,
         0.0459],
        [0.0568, 0.0665, 0.0839, 0.1215, 0.1987, 0.0789, 0.1229, 0.1255, 0.0862,
         0.0591],
        [0.3864, 0.0723, 0.0873, 0.0485, 0.0630, 0.0667, 0.0738, 0.0617, 0.0979,
         0.0424],
        [0.0622, 0.3714, 0.0755, 0.0626, 0.0554, 0.0531, 0.0807, 0.0997, 0.0710,
         0.0683],
        [0.0713, 0.0862, 0.0849, 0.1909, 0.0488, 0.1500, 0.1544, 0.1082, 0.0560,
         0.0494],
        [0.0503, 0.0856, 0.0817, 0.0647, 0.0835, 0.0966, 0.0573, 0.3308, 0.0671,
         0.0825],
        [0.0525, 0.0655, 0.0745, 0.0764, 0.0607, 0.4223, 0.0704, 0.0831, 0.0532,
         0.0415],
        [0.0685, 0.0707, 0.2531, 0.1285, 0.0799, 0.0982, 0.0874, 0.0993, 0.0544,
         0.0601],
        [0.1377, 0.2615, 0.0739, 0.0621, 0.0590, 0.0574, 0.0908, 0.0602, 0.1280,
         0.0695],
        [0.1212, 0.0963, 0.1674, 0.0526, 0.0576, 0.0653, 0.2525, 0.0679, 0.0627,
         0.0566],
        [0.1767, 0.1145, 0.0985, 0.1102, 0.0758, 0.0846, 0.0683, 0.1613, 0.0556,
         0.0545],
        [0.2877, 0.1062, 0.0807, 0.0510, 0.0896, 0.0666, 0.0954, 0.0645, 0.1038,
         0.0545],
        [0.0683, 0.0969, 0.0945, 0.0927, 0.0531, 0.0601, 0.0693, 0.1850, 0.1185,
         0.1617],
        [0.0478, 0.1844, 0.0933, 0.0519, 0.0550, 0.0643, 0.0794, 0.0912, 0.0597,
         0.2730],
        [0.0821, 0.0903, 0.1742, 0.0898, 0.1309, 0.0513, 0.1196, 0.1026, 0.0944,
         0.0648],
        [0.1100, 0.0886, 0.3375, 0.0520, 0.0759, 0.0549, 0.0645, 0.0819, 0.0718,
         0.0628],
        [0.1203, 0.1428, 0.0966, 0.1007, 0.0669, 0.0679, 0.0825, 0.0844, 0.0971,
         0.1407],
        [0.0654, 0.0776, 0.1111, 0.0581, 0.0658, 0.0687, 0.0709, 0.1575, 0.1005,
         0.2244],
        [0.0592, 0.0785, 0.0770, 0.1335, 0.0517, 0.1396, 0.0896, 0.2171, 0.0665,
         0.0871],
        [0.0827, 0.1203, 0.1200, 0.0942, 0.0539, 0.0968, 0.0988, 0.1166, 0.1107,
         0.1060],
        [0.1131, 0.1474, 0.0851, 0.1119, 0.0639, 0.0729, 0.0758, 0.0970, 0.0809,
         0.1520],
        [0.0701, 0.0788, 0.0910, 0.0852, 0.1398, 0.1123, 0.1843, 0.0874, 0.0892,
         0.0618],
        [0.0653, 0.0741, 0.0834, 0.1048, 0.0527, 0.1083, 0.0732, 0.3033, 0.0638,
         0.0710],
        [0.0422, 0.0592, 0.0642, 0.0564, 0.0434, 0.0634, 0.5293, 0.0526, 0.0515,
         0.0379],
        [0.0973, 0.0645, 0.1211, 0.0943, 0.0764, 0.0624, 0.0753, 0.2490, 0.0825,
         0.0772],
        [0.0965, 0.1041, 0.1108, 0.1095, 0.0946, 0.0577, 0.0902, 0.0815, 0.1743,
         0.0808],
        [0.0351, 0.5313, 0.0511, 0.0573, 0.0345, 0.0339, 0.0933, 0.0656, 0.0586,
         0.0392],
        [0.0992, 0.0638, 0.0843, 0.0582, 0.0599, 0.0610, 0.0818, 0.0790, 0.3564,
         0.0565],
        [0.0597, 0.0865, 0.0791, 0.1082, 0.0803, 0.1375, 0.1293, 0.1847, 0.0654,
         0.0693],
        [0.0854, 0.1801, 0.0911, 0.0779, 0.0550, 0.0546, 0.0930, 0.0793, 0.1974,
         0.0862],
        [0.0645, 0.0705, 0.2441, 0.0950, 0.0526, 0.1784, 0.0786, 0.1132, 0.0468,
         0.0563],
        [0.1742, 0.0854, 0.0727, 0.0687, 0.0647, 0.0627, 0.0982, 0.0645, 0.2521,
         0.0568],
        [0.0634, 0.0783, 0.0899, 0.1273, 0.0584, 0.0677, 0.1033, 0.1797, 0.1073,
         0.1248],
        [0.0479, 0.4014, 0.0958, 0.0539, 0.0483, 0.0521, 0.0839, 0.0824, 0.0803,
         0.0542],
        [0.0575, 0.0773, 0.0739, 0.0628, 0.1663, 0.0637, 0.3066, 0.0719, 0.0723,
         0.0478],
        [0.0825, 0.1592, 0.0965, 0.0724, 0.0583, 0.0706, 0.0995, 0.0817, 0.1429,
         0.1365],
        [0.0663, 0.0815, 0.1012, 0.0775, 0.1149, 0.0807, 0.1315, 0.1817, 0.0717,
         0.0930],
        [0.2193, 0.1476, 0.1697, 0.0630, 0.0586, 0.0705, 0.0779, 0.0775, 0.0644,
         0.0517],
        [0.0828, 0.1094, 0.0807, 0.0731, 0.0411, 0.0786, 0.0590, 0.2641, 0.0913,
         0.1200],
        [0.0694, 0.0675, 0.2139, 0.0709, 0.1960, 0.1077, 0.0791, 0.0807, 0.0645,
         0.0503],
        [0.4002, 0.0750, 0.0830, 0.0428, 0.0780, 0.0578, 0.0731, 0.0626, 0.0861,
         0.0414]], device='cuda:0', grad_fn=<SoftmaxBackward>)
>> best accuracy: 63.94	best epoch: 10

>> final recovery rate: 39.58888888888889%
>> val epoch: 15
>> current accuracy: 64.36%
outputs: tensor([[0.0612, 0.0619, 0.0685, 0.1577, 0.2208, 0.0997, 0.1261, 0.0756, 0.0782,
         0.0504],
        [0.0511, 0.0645, 0.0573, 0.0862, 0.0675, 0.0649, 0.1089, 0.0761, 0.3703,
         0.0532],
        [0.0515, 0.0717, 0.0731, 0.1186, 0.0471, 0.4081, 0.0491, 0.0702, 0.0540,
         0.0567],
        [0.0552, 0.3907, 0.0582, 0.0844, 0.0620, 0.0511, 0.0803, 0.0818, 0.0757,
         0.0605],
        [0.0566, 0.0531, 0.0983, 0.1078, 0.1875, 0.0724, 0.0893, 0.1976, 0.0717,
         0.0656],
        [0.1907, 0.0684, 0.2244, 0.0687, 0.0922, 0.0632, 0.0642, 0.1157, 0.0527,
         0.0600],
        [0.0573, 0.0788, 0.2408, 0.0910, 0.0960, 0.1194, 0.0886, 0.0788, 0.0793,
         0.0700],
        [0.0604, 0.0640, 0.0586, 0.0838, 0.0605, 0.0527, 0.1056, 0.0754, 0.3935,
         0.0455],
        [0.0447, 0.0773, 0.2200, 0.1589, 0.0821, 0.0938, 0.0850, 0.1104, 0.0549,
         0.0729],
        [0.0489, 0.0675, 0.0590, 0.0750, 0.0524, 0.0574, 0.0722, 0.4539, 0.0474,
         0.0663],
        [0.0689, 0.0706, 0.0840, 0.2007, 0.0920, 0.0906, 0.1561, 0.0993, 0.0709,
         0.0669],
        [0.0720, 0.0854, 0.0595, 0.1391, 0.0567, 0.0761, 0.0914, 0.0767, 0.2873,
         0.0558],
        [0.0751, 0.3540, 0.0606, 0.0839, 0.0644, 0.0652, 0.0924, 0.0786, 0.0639,
         0.0619],
        [0.0464, 0.0719, 0.1971, 0.1003, 0.1701, 0.0590, 0.0576, 0.1399, 0.0684,
         0.0893],
        [0.0564, 0.0500, 0.0383, 0.0685, 0.0636, 0.0410, 0.0886, 0.0815, 0.0540,
         0.4581],
        [0.0571, 0.0693, 0.0730, 0.3174, 0.0744, 0.1311, 0.1063, 0.0664, 0.0608,
         0.0442],
        [0.0797, 0.0715, 0.1258, 0.1147, 0.1121, 0.1579, 0.0877, 0.1297, 0.0679,
         0.0528],
        [0.0651, 0.1386, 0.0543, 0.0791, 0.0911, 0.0645, 0.0983, 0.0798, 0.0752,
         0.2540],
        [0.0513, 0.0588, 0.0754, 0.0899, 0.3278, 0.0617, 0.1012, 0.1049, 0.0726,
         0.0563],
        [0.0519, 0.0759, 0.2159, 0.0758, 0.0798, 0.0483, 0.0617, 0.2604, 0.0511,
         0.0792],
        [0.0518, 0.0704, 0.1050, 0.1817, 0.1131, 0.1064, 0.1795, 0.0717, 0.0708,
         0.0497],
        [0.0721, 0.0684, 0.0666, 0.2360, 0.0872, 0.2383, 0.0682, 0.0654, 0.0525,
         0.0454],
        [0.0572, 0.0615, 0.0488, 0.0747, 0.0552, 0.0597, 0.0879, 0.0627, 0.4560,
         0.0362],
        [0.0876, 0.0686, 0.0779, 0.0939, 0.0577, 0.0649, 0.1043, 0.0845, 0.2990,
         0.0618],
        [0.0621, 0.1076, 0.1276, 0.1758, 0.1234, 0.0919, 0.0695, 0.0942, 0.0718,
         0.0762],
        [0.1699, 0.0665, 0.0750, 0.1159, 0.0692, 0.0623, 0.1176, 0.0805, 0.1769,
         0.0662],
        [0.3316, 0.0517, 0.1181, 0.1042, 0.0536, 0.0723, 0.0751, 0.0807, 0.0684,
         0.0442],
        [0.5146, 0.0614, 0.0467, 0.0514, 0.0519, 0.0576, 0.0757, 0.0491, 0.0562,
         0.0352],
        [0.0904, 0.1059, 0.0938, 0.0854, 0.0627, 0.0737, 0.2147, 0.0536, 0.0807,
         0.1391],
        [0.0443, 0.0668, 0.1852, 0.0724, 0.2787, 0.0641, 0.0778, 0.0778, 0.0715,
         0.0614],
        [0.0882, 0.1015, 0.0924, 0.1504, 0.1131, 0.0669, 0.0803, 0.1289, 0.1006,
         0.0777],
        [0.2148, 0.0729, 0.0968, 0.1513, 0.0743, 0.0706, 0.0890, 0.0784, 0.0943,
         0.0577],
        [0.0570, 0.3710, 0.0627, 0.0965, 0.0564, 0.0545, 0.0791, 0.0794, 0.0913,
         0.0523],
        [0.0772, 0.0655, 0.0595, 0.1307, 0.0804, 0.0751, 0.1003, 0.1307, 0.1168,
         0.1639],
        [0.0455, 0.0662, 0.0750, 0.0991, 0.0774, 0.0568, 0.3921, 0.0578, 0.0803,
         0.0498],
        [0.1273, 0.0650, 0.1321, 0.0736, 0.1286, 0.0687, 0.0778, 0.1868, 0.0641,
         0.0759],
        [0.0892, 0.0728, 0.0952, 0.0950, 0.1282, 0.0851, 0.1963, 0.0646, 0.1200,
         0.0535],
        [0.0627, 0.0612, 0.0846, 0.2482, 0.0762, 0.1382, 0.0993, 0.1220, 0.0638,
         0.0438],
        [0.0740, 0.3831, 0.0609, 0.0831, 0.0629, 0.0616, 0.0899, 0.0613, 0.0716,
         0.0515],
        [0.0887, 0.3222, 0.0539, 0.0893, 0.0538, 0.0768, 0.0942, 0.0588, 0.0970,
         0.0652],
        [0.0649, 0.3603, 0.0581, 0.0830, 0.0548, 0.0624, 0.0951, 0.0689, 0.0963,
         0.0561],
        [0.0421, 0.0812, 0.1954, 0.0984, 0.0381, 0.0914, 0.0685, 0.2508, 0.0525,
         0.0817],
        [0.0633, 0.0712, 0.0883, 0.0988, 0.1515, 0.0793, 0.1968, 0.1038, 0.0797,
         0.0672],
        [0.0502, 0.0680, 0.0415, 0.0688, 0.0613, 0.0592, 0.0794, 0.0591, 0.0558,
         0.4567],
        [0.0452, 0.0722, 0.0673, 0.1272, 0.0589, 0.3377, 0.0548, 0.1177, 0.0586,
         0.0603],
        [0.0559, 0.0666, 0.0577, 0.1811, 0.1054, 0.1197, 0.0750, 0.1314, 0.1590,
         0.0483],
        [0.0663, 0.0672, 0.0467, 0.0790, 0.0777, 0.0511, 0.1015, 0.0765, 0.0652,
         0.3690],
        [0.0391, 0.0666, 0.0618, 0.0931, 0.0435, 0.0717, 0.0739, 0.4358, 0.0474,
         0.0672],
        [0.0326, 0.0651, 0.1364, 0.0752, 0.3504, 0.0502, 0.0692, 0.0879, 0.0686,
         0.0646],
        [0.0613, 0.0674, 0.0566, 0.1628, 0.0674, 0.1141, 0.2765, 0.0654, 0.0832,
         0.0453],
        [0.1503, 0.0721, 0.0986, 0.1579, 0.0775, 0.0948, 0.0838, 0.0727, 0.1429,
         0.0494],
        [0.0570, 0.0626, 0.0891, 0.0951, 0.3002, 0.1051, 0.0781, 0.0763, 0.0896,
         0.0470],
        [0.1537, 0.2297, 0.0557, 0.0887, 0.0740, 0.0828, 0.0997, 0.0669, 0.0782,
         0.0705],
        [0.0468, 0.0818, 0.0597, 0.0848, 0.0756, 0.1166, 0.0747, 0.3296, 0.0611,
         0.0693],
        [0.0676, 0.1016, 0.1100, 0.1643, 0.1277, 0.0879, 0.0781, 0.0780, 0.1228,
         0.0620],
        [0.0596, 0.0520, 0.0572, 0.0918, 0.0575, 0.0593, 0.0928, 0.0603, 0.4242,
         0.0452],
        [0.0962, 0.0852, 0.2525, 0.0968, 0.0727, 0.0754, 0.0960, 0.0778, 0.0814,
         0.0661],
        [0.2003, 0.1312, 0.0749, 0.1271, 0.0893, 0.0672, 0.1239, 0.0571, 0.0822,
         0.0470],
        [0.0600, 0.0751, 0.0448, 0.4171, 0.0709, 0.0830, 0.0651, 0.1053, 0.0412,
         0.0374],
        [0.0626, 0.0932, 0.0466, 0.0973, 0.0854, 0.0718, 0.1168, 0.0670, 0.0650,
         0.2944],
        [0.1344, 0.0603, 0.0996, 0.1329, 0.1222, 0.0699, 0.0779, 0.1309, 0.1023,
         0.0696],
        [0.0733, 0.0772, 0.0621, 0.1368, 0.0798, 0.0746, 0.2222, 0.0688, 0.0879,
         0.1172],
        [0.0962, 0.0926, 0.0843, 0.0838, 0.0977, 0.1145, 0.0735, 0.2177, 0.0570,
         0.0827],
        [0.0670, 0.0702, 0.0817, 0.1511, 0.0894, 0.2021, 0.0975, 0.0911, 0.0655,
         0.0845],
        [0.0766, 0.3280, 0.0548, 0.0949, 0.0641, 0.0660, 0.0981, 0.0775, 0.0687,
         0.0713],
        [0.0553, 0.0681, 0.0827, 0.0993, 0.0600, 0.0709, 0.3889, 0.0552, 0.0722,
         0.0475],
        [0.0690, 0.0769, 0.1959, 0.0857, 0.1819, 0.0744, 0.1293, 0.0588, 0.0806,
         0.0476],
        [0.0530, 0.0811, 0.0983, 0.1313, 0.0949, 0.0693, 0.2663, 0.0628, 0.0831,
         0.0598],
        [0.0449, 0.0766, 0.2576, 0.0779, 0.1724, 0.0602, 0.1026, 0.0759, 0.0739,
         0.0579],
        [0.0563, 0.0898, 0.3584, 0.0752, 0.0861, 0.0395, 0.0787, 0.0790, 0.0666,
         0.0704],
        [0.0412, 0.0537, 0.0589, 0.0705, 0.0602, 0.0503, 0.0872, 0.0694, 0.4706,
         0.0381],
        [0.0506, 0.0670, 0.0636, 0.1390, 0.0849, 0.3101, 0.0626, 0.0857, 0.0727,
         0.0638]], device='cuda:0', grad_fn=<SoftmaxBackward>)
>> best accuracy: 64.36	best epoch: 15

>> final recovery rate: 39.58888888888889%
>> val epoch: 20
>> current accuracy: 72.3%
outputs: tensor([[0.0685, 0.0886, 0.0643, 0.0426, 0.0769, 0.0584, 0.0602, 0.0844, 0.0579,
         0.3981],
        [0.1280, 0.0946, 0.0714, 0.1377, 0.0667, 0.1949, 0.1056, 0.0736, 0.0639,
         0.0636],
        [0.0745, 0.0742, 0.1082, 0.2029, 0.0540, 0.0624, 0.0929, 0.2229, 0.0470,
         0.0611],
        [0.0618, 0.0596, 0.0663, 0.1566, 0.1851, 0.1174, 0.0571, 0.1661, 0.0664,
         0.0636],
        [0.0648, 0.2141, 0.1415, 0.0596, 0.0850, 0.0776, 0.1362, 0.0893, 0.0622,
         0.0696],
        [0.0674, 0.0794, 0.0485, 0.0485, 0.1186, 0.0454, 0.0681, 0.3800, 0.0696,
         0.0744],
        [0.0851, 0.0724, 0.0883, 0.0741, 0.1444, 0.1284, 0.0662, 0.1858, 0.0856,
         0.0696],
        [0.1137, 0.0838, 0.2335, 0.0517, 0.0556, 0.0625, 0.1541, 0.1053, 0.0554,
         0.0843],
        [0.0679, 0.0943, 0.0514, 0.0629, 0.0536, 0.4270, 0.0821, 0.0559, 0.0555,
         0.0495],
        [0.0696, 0.0591, 0.0620, 0.0418, 0.0671, 0.0487, 0.0755, 0.0595, 0.0485,
         0.4681],
        [0.0819, 0.0827, 0.0545, 0.1069, 0.0566, 0.1594, 0.2604, 0.0753, 0.0637,
         0.0585],
        [0.0659, 0.0671, 0.0426, 0.0713, 0.1069, 0.1046, 0.3610, 0.0608, 0.0619,
         0.0579],
        [0.0736, 0.1090, 0.1012, 0.1939, 0.1279, 0.0615, 0.1061, 0.0806, 0.0775,
         0.0687],
        [0.0717, 0.0626, 0.0489, 0.0545, 0.0614, 0.0505, 0.0912, 0.0623, 0.4513,
         0.0456],
        [0.0606, 0.0792, 0.0511, 0.1579, 0.1962, 0.2359, 0.0423, 0.0532, 0.0603,
         0.0632],
        [0.0652, 0.0563, 0.0665, 0.0602, 0.0593, 0.0503, 0.4811, 0.0477, 0.0506,
         0.0629],
        [0.3918, 0.0809, 0.0998, 0.0637, 0.0758, 0.0510, 0.0665, 0.0740, 0.0310,
         0.0654],
        [0.1177, 0.0822, 0.0641, 0.0693, 0.0766, 0.0647, 0.0954, 0.0716, 0.2494,
         0.1091],
        [0.1062, 0.0688, 0.0594, 0.0607, 0.0671, 0.0567, 0.0982, 0.0716, 0.3441,
         0.0670],
        [0.0729, 0.1118, 0.0547, 0.1016, 0.0539, 0.3351, 0.0791, 0.0589, 0.0576,
         0.0743],
        [0.0685, 0.0787, 0.0647, 0.0445, 0.0747, 0.0581, 0.0722, 0.0645, 0.0486,
         0.4253],
        [0.0843, 0.0813, 0.1055, 0.1264, 0.1660, 0.1548, 0.0893, 0.0651, 0.0626,
         0.0647],
        [0.0829, 0.3257, 0.0699, 0.0501, 0.0747, 0.0522, 0.0870, 0.0775, 0.0606,
         0.1192],
        [0.1401, 0.0972, 0.0769, 0.0509, 0.0747, 0.0614, 0.0968, 0.0837, 0.1104,
         0.2080],
        [0.3962, 0.0509, 0.0944, 0.0599, 0.1094, 0.0655, 0.0732, 0.0586, 0.0404,
         0.0515],
        [0.1438, 0.0599, 0.0651, 0.0664, 0.0704, 0.0555, 0.0991, 0.0771, 0.3073,
         0.0553],
        [0.4213, 0.0587, 0.0563, 0.0613, 0.0596, 0.0593, 0.0936, 0.0643, 0.0481,
         0.0775],
        [0.0553, 0.0758, 0.1095, 0.1211, 0.1213, 0.0539, 0.0759, 0.1712, 0.1516,
         0.0645],
        [0.0625, 0.0919, 0.1531, 0.1011, 0.1214, 0.0968, 0.1354, 0.0847, 0.0628,
         0.0903],
        [0.0580, 0.0859, 0.0567, 0.0610, 0.3314, 0.0416, 0.0522, 0.1359, 0.0768,
         0.1006],
        [0.0747, 0.0848, 0.1240, 0.1507, 0.1593, 0.1256, 0.0571, 0.0953, 0.0723,
         0.0563],
        [0.0634, 0.0653, 0.0861, 0.0551, 0.1095, 0.0426, 0.0856, 0.3613, 0.0625,
         0.0687],
        [0.0683, 0.3521, 0.0774, 0.0562, 0.0791, 0.0434, 0.0822, 0.1014, 0.0788,
         0.0611],
        [0.0849, 0.0726, 0.0722, 0.2896, 0.0806, 0.1119, 0.0890, 0.0727, 0.0603,
         0.0663],
        [0.0704, 0.0649, 0.0587, 0.0954, 0.1068, 0.0818, 0.3344, 0.0565, 0.0718,
         0.0594],
        [0.1947, 0.0748, 0.0663, 0.1003, 0.1110, 0.0597, 0.0666, 0.1401, 0.1037,
         0.0827],
        [0.0496, 0.0563, 0.0646, 0.0437, 0.0567, 0.0465, 0.0755, 0.0575, 0.5119,
         0.0378],
        [0.0522, 0.0694, 0.0368, 0.0562, 0.0674, 0.0528, 0.5143, 0.0386, 0.0497,
         0.0626],
        [0.0632, 0.0534, 0.1008, 0.2438, 0.1047, 0.1171, 0.0843, 0.0941, 0.0812,
         0.0574],
        [0.0687, 0.0708, 0.0613, 0.0428, 0.0669, 0.0567, 0.0635, 0.0616, 0.0452,
         0.4624],
        [0.0692, 0.1405, 0.0708, 0.0456, 0.0807, 0.0621, 0.0764, 0.0917, 0.0619,
         0.3009],
        [0.5625, 0.0504, 0.0466, 0.0526, 0.0653, 0.0506, 0.0517, 0.0458, 0.0269,
         0.0475],
        [0.0433, 0.0712, 0.0720, 0.0552, 0.4591, 0.0534, 0.0522, 0.0544, 0.0759,
         0.0633],
        [0.1785, 0.0617, 0.0600, 0.0560, 0.1974, 0.0719, 0.1046, 0.0784, 0.0636,
         0.1280],
        [0.0770, 0.0602, 0.0678, 0.0853, 0.0768, 0.0589, 0.0974, 0.0775, 0.2220,
         0.1771],
        [0.0796, 0.0823, 0.3824, 0.0520, 0.0486, 0.0946, 0.0654, 0.0916, 0.0383,
         0.0652],
        [0.0535, 0.0621, 0.0963, 0.0986, 0.2069, 0.0459, 0.1026, 0.1600, 0.0827,
         0.0915],
        [0.0642, 0.0677, 0.1938, 0.1147, 0.1440, 0.1411, 0.0693, 0.0788, 0.0641,
         0.0625],
        [0.0763, 0.0579, 0.0785, 0.0432, 0.0739, 0.0630, 0.0906, 0.0690, 0.0523,
         0.3952],
        [0.1622, 0.1993, 0.0678, 0.0739, 0.0965, 0.0795, 0.0907, 0.0882, 0.0424,
         0.0995],
        [0.0677, 0.0548, 0.5073, 0.0514, 0.0663, 0.0398, 0.0582, 0.0595, 0.0457,
         0.0491],
        [0.0905, 0.0895, 0.2918, 0.0692, 0.0552, 0.0478, 0.1276, 0.0925, 0.0596,
         0.0762],
        [0.0401, 0.5309, 0.0449, 0.0413, 0.0486, 0.0293, 0.0759, 0.0588, 0.0759,
         0.0543],
        [0.1002, 0.0710, 0.0609, 0.1077, 0.0616, 0.1474, 0.0712, 0.2879, 0.0433,
         0.0488],
        [0.0522, 0.0637, 0.0749, 0.0769, 0.0588, 0.0527, 0.1180, 0.0607, 0.3896,
         0.0525],
        [0.0589, 0.0649, 0.0649, 0.0507, 0.0665, 0.0555, 0.4534, 0.0545, 0.0693,
         0.0613],
        [0.0541, 0.0696, 0.0902, 0.0633, 0.1130, 0.0592, 0.0708, 0.3388, 0.0615,
         0.0794],
        [0.0955, 0.1429, 0.0734, 0.0486, 0.1015, 0.0561, 0.0744, 0.1065, 0.0715,
         0.2295],
        [0.0708, 0.0706, 0.0947, 0.0712, 0.1061, 0.0977, 0.0748, 0.2768, 0.0605,
         0.0770],
        [0.0877, 0.1066, 0.2266, 0.1094, 0.0868, 0.0667, 0.0831, 0.1031, 0.0587,
         0.0712],
        [0.0556, 0.0594, 0.0657, 0.0540, 0.0545, 0.0512, 0.0904, 0.0785, 0.4412,
         0.0495],
        [0.2765, 0.1405, 0.0586, 0.0680, 0.0747, 0.0649, 0.0768, 0.0621, 0.1014,
         0.0766],
        [0.3347, 0.0416, 0.0800, 0.0522, 0.1261, 0.0654, 0.0881, 0.0871, 0.0500,
         0.0748],
        [0.1110, 0.0913, 0.0543, 0.1841, 0.0765, 0.0707, 0.2045, 0.0770, 0.0648,
         0.0658],
        [0.0705, 0.0890, 0.0758, 0.0695, 0.0952, 0.2777, 0.1214, 0.0748, 0.0711,
         0.0551],
        [0.1002, 0.0633, 0.0972, 0.0608, 0.0641, 0.0600, 0.1378, 0.0752, 0.2517,
         0.0897],
        [0.0510, 0.4923, 0.0506, 0.0546, 0.0580, 0.0343, 0.0791, 0.0595, 0.0611,
         0.0593],
        [0.0587, 0.0549, 0.0539, 0.0456, 0.0881, 0.0625, 0.0866, 0.0553, 0.0433,
         0.4510],
        [0.0518, 0.0718, 0.1097, 0.1032, 0.0570, 0.0494, 0.0733, 0.3623, 0.0598,
         0.0617],
        [0.0821, 0.0988, 0.0555, 0.0604, 0.0966, 0.0878, 0.0632, 0.3218, 0.0658,
         0.0679],
        [0.0811, 0.0695, 0.0481, 0.2268, 0.0917, 0.2130, 0.0793, 0.0588, 0.0560,
         0.0756],
        [0.4152, 0.0623, 0.0984, 0.0613, 0.0675, 0.0571, 0.0619, 0.0673, 0.0432,
         0.0660]], device='cuda:0', grad_fn=<SoftmaxBackward>)
>> best accuracy: 72.3	best epoch: 20

>> final recovery rate: 39.58888888888889%
>> val epoch: 25
>> current accuracy: 69.17999999999999%
outputs: tensor([[0.1239, 0.0558, 0.1761, 0.0783, 0.0731, 0.0825, 0.0743, 0.1417, 0.0832,
         0.1111],
        [0.0773, 0.0654, 0.0625, 0.0836, 0.0780, 0.0693, 0.4063, 0.0398, 0.0576,
         0.0604],
        [0.0985, 0.0848, 0.0831, 0.0849, 0.0555, 0.1576, 0.1182, 0.1639, 0.0823,
         0.0713],
        [0.1251, 0.0707, 0.1522, 0.0654, 0.0740, 0.2616, 0.0613, 0.0425, 0.0787,
         0.0684],
        [0.1213, 0.0586, 0.0865, 0.0710, 0.0794, 0.0604, 0.0583, 0.0772, 0.3011,
         0.0862],
        [0.1432, 0.0619, 0.1265, 0.0735, 0.0884, 0.0802, 0.0624, 0.0529, 0.1889,
         0.1222],
        [0.0758, 0.0659, 0.0817, 0.0708, 0.0800, 0.0812, 0.1382, 0.0876, 0.1099,
         0.2091],
        [0.1199, 0.0727, 0.1534, 0.0929, 0.0576, 0.1963, 0.1044, 0.0641, 0.0727,
         0.0660],
        [0.0629, 0.0675, 0.0531, 0.0782, 0.0969, 0.0762, 0.0656, 0.3419, 0.0856,
         0.0721],
        [0.0788, 0.0727, 0.0762, 0.1078, 0.2101, 0.1968, 0.0580, 0.0475, 0.0750,
         0.0771],
        [0.0720, 0.0953, 0.0783, 0.0641, 0.1327, 0.0636, 0.0700, 0.0601, 0.1070,
         0.2569],
        [0.0666, 0.0776, 0.0411, 0.0455, 0.5017, 0.0658, 0.0627, 0.0255, 0.0563,
         0.0571],
        [0.1225, 0.0524, 0.0807, 0.0592, 0.0463, 0.0536, 0.0465, 0.0511, 0.4268,
         0.0609],
        [0.0748, 0.0758, 0.0591, 0.1059, 0.0800, 0.0861, 0.3436, 0.0463, 0.0652,
         0.0632],
        [0.0648, 0.0358, 0.0449, 0.0553, 0.0525, 0.0434, 0.0538, 0.0370, 0.0706,
         0.5420],
        [0.0670, 0.0526, 0.0470, 0.0641, 0.0489, 0.0609, 0.0632, 0.0436, 0.0825,
         0.4702],
        [0.1846, 0.0685, 0.1961, 0.0991, 0.0789, 0.1155, 0.0685, 0.0415, 0.0740,
         0.0733],
        [0.1186, 0.0608, 0.0545, 0.3452, 0.0852, 0.0801, 0.0608, 0.0762, 0.0480,
         0.0708],
        [0.0856, 0.1127, 0.0990, 0.0711, 0.0724, 0.0613, 0.0676, 0.0799, 0.0895,
         0.2611],
        [0.2308, 0.0791, 0.1739, 0.0593, 0.0935, 0.0551, 0.1020, 0.0499, 0.0781,
         0.0783],
        [0.1000, 0.0522, 0.2500, 0.2055, 0.0595, 0.0649, 0.0723, 0.0528, 0.0659,
         0.0768],
