noise type: uniform
noise level: 0.4
when_to_apply_epoch: 30
total clean data num: 32340
probability transition matrix:
[[0.6        0.04444444 0.04444444 0.04444444 0.04444444 0.04444444
  0.04444444 0.04444444 0.04444444 0.04444444]
 [0.04444444 0.6        0.04444444 0.04444444 0.04444444 0.04444444
  0.04444444 0.04444444 0.04444444 0.04444444]
 [0.04444444 0.04444444 0.6        0.04444444 0.04444444 0.04444444
  0.04444444 0.04444444 0.04444444 0.04444444]
 [0.04444444 0.04444444 0.04444444 0.6        0.04444444 0.04444444
  0.04444444 0.04444444 0.04444444 0.04444444]
 [0.04444444 0.04444444 0.04444444 0.04444444 0.6        0.04444444
  0.04444444 0.04444444 0.04444444 0.04444444]
 [0.04444444 0.04444444 0.04444444 0.04444444 0.04444444 0.6
  0.04444444 0.04444444 0.04444444 0.04444444]
 [0.04444444 0.04444444 0.04444444 0.04444444 0.04444444 0.04444444
  0.6        0.04444444 0.04444444 0.04444444]
 [0.04444444 0.04444444 0.04444444 0.04444444 0.04444444 0.04444444
  0.04444444 0.6        0.04444444 0.04444444]
 [0.04444444 0.04444444 0.04444444 0.04444444 0.04444444 0.04444444
  0.04444444 0.04444444 0.6        0.04444444]
 [0.04444444 0.04444444 0.04444444 0.04444444 0.04444444 0.04444444
  0.04444444 0.04444444 0.04444444 0.6       ]]
>> val epoch: 0
>> current accuracy: 90.36666666666666%
outputs: tensor([[0.0558, 0.1103, 0.0660, 0.1145, 0.0453, 0.0629, 0.2398, 0.0747, 0.1579,
         0.0727],
        [0.0652, 0.0519, 0.0651, 0.0768, 0.0739, 0.0568, 0.0444, 0.0653, 0.4741,
         0.0264],
        [0.0388, 0.0811, 0.0581, 0.0506, 0.0992, 0.1103, 0.0388, 0.0629, 0.0880,
         0.3722],
        [0.0324, 0.0721, 0.0581, 0.0501, 0.0749, 0.0878, 0.0360, 0.0724, 0.0888,
         0.4273],
        [0.0296, 0.0516, 0.0619, 0.0546, 0.2780, 0.0922, 0.0453, 0.0599, 0.0753,
         0.2516],
        [0.0434, 0.0326, 0.0947, 0.0510, 0.0272, 0.0367, 0.0518, 0.5706, 0.0541,
         0.0380],
        [0.0582, 0.0751, 0.0659, 0.0815, 0.0736, 0.0649, 0.0509, 0.0795, 0.4117,
         0.0387],
        [0.6387, 0.0314, 0.0221, 0.0593, 0.0627, 0.0364, 0.0401, 0.0283, 0.0480,
         0.0331],
        [0.0424, 0.0788, 0.0677, 0.0593, 0.0870, 0.0777, 0.0442, 0.1002, 0.0928,
         0.3499],
        [0.0327, 0.0585, 0.2704, 0.1498, 0.0453, 0.0578, 0.0684, 0.1508, 0.1220,
         0.0444],
        [0.0593, 0.1443, 0.0876, 0.0889, 0.0525, 0.0652, 0.0591, 0.1032, 0.2394,
         0.1003],
        [0.0618, 0.2119, 0.0837, 0.0872, 0.0609, 0.0519, 0.0648, 0.1080, 0.1658,
         0.1040],
        [0.6613, 0.0275, 0.0194, 0.0581, 0.0584, 0.0372, 0.0381, 0.0277, 0.0434,
         0.0289],
        [0.0213, 0.0322, 0.0361, 0.7341, 0.0336, 0.0337, 0.0261, 0.0280, 0.0220,
         0.0329],
        [0.0284, 0.0479, 0.0528, 0.0597, 0.2284, 0.2077, 0.0404, 0.0591, 0.0829,
         0.1928],
        [0.0396, 0.0610, 0.2275, 0.2392, 0.0320, 0.0608, 0.0569, 0.1404, 0.0822,
         0.0601],
        [0.0293, 0.0688, 0.0548, 0.0454, 0.0710, 0.0863, 0.0339, 0.0690, 0.0906,
         0.4509],
        [0.0317, 0.0545, 0.0504, 0.0412, 0.1169, 0.0833, 0.0316, 0.0474, 0.0622,
         0.4809],
        [0.0293, 0.0419, 0.0498, 0.6221, 0.0436, 0.0520, 0.0371, 0.0507, 0.0384,
         0.0351],
        [0.0653, 0.0493, 0.0579, 0.0703, 0.0756, 0.0563, 0.0446, 0.0636, 0.4896,
         0.0275],
        [0.0505, 0.0901, 0.0396, 0.0983, 0.0252, 0.0439, 0.4599, 0.0493, 0.0659,
         0.0774],
        [0.0376, 0.0886, 0.3025, 0.1006, 0.0316, 0.0478, 0.0617, 0.1557, 0.0976,
         0.0765],
        [0.0220, 0.0418, 0.0333, 0.1044, 0.0244, 0.0430, 0.5789, 0.0381, 0.0637,
         0.0504],
        [0.0517, 0.0540, 0.1069, 0.0819, 0.0435, 0.0517, 0.0630, 0.4185, 0.0804,
         0.0483],
        [0.0340, 0.0560, 0.0690, 0.0841, 0.0384, 0.1097, 0.0405, 0.0570, 0.4731,
         0.0383],
        [0.6392, 0.0335, 0.0240, 0.0532, 0.0700, 0.0286, 0.0387, 0.0274, 0.0460,
         0.0393],
        [0.2010, 0.0673, 0.0424, 0.1286, 0.0445, 0.0898, 0.2259, 0.0463, 0.0889,
         0.0653],
        [0.0268, 0.0561, 0.0489, 0.0447, 0.0886, 0.1147, 0.0330, 0.0679, 0.0792,
         0.4402],
        [0.0263, 0.0321, 0.4418, 0.0519, 0.0192, 0.0301, 0.0548, 0.2589, 0.0494,
         0.0356],
        [0.0655, 0.0406, 0.0453, 0.0974, 0.0447, 0.3723, 0.0403, 0.0460, 0.2035,
         0.0443],
        [0.0328, 0.0710, 0.0527, 0.1260, 0.3009, 0.0817, 0.0535, 0.0870, 0.0864,
         0.1080],
        [0.2777, 0.0598, 0.0311, 0.0932, 0.0395, 0.0458, 0.2889, 0.0299, 0.0554,
         0.0787],
        [0.0461, 0.0654, 0.0677, 0.0660, 0.0538, 0.0565, 0.0408, 0.0732, 0.4952,
         0.0353],
        [0.0632, 0.0451, 0.0876, 0.0745, 0.0386, 0.0477, 0.0605, 0.4595, 0.0671,
         0.0562],
        [0.0260, 0.0620, 0.0351, 0.6503, 0.0456, 0.0525, 0.0308, 0.0304, 0.0288,
         0.0384],
        [0.0311, 0.0480, 0.0568, 0.5538, 0.0452, 0.0590, 0.0423, 0.0485, 0.0617,
         0.0535],
        [0.0361, 0.0700, 0.0643, 0.0642, 0.0413, 0.0900, 0.0412, 0.0820, 0.3034,
         0.2075],
        [0.0582, 0.0490, 0.1356, 0.0769, 0.0363, 0.0472, 0.0625, 0.4112, 0.0675,
         0.0555],
        [0.0361, 0.0751, 0.0405, 0.0992, 0.0249, 0.0452, 0.5011, 0.0472, 0.0626,
         0.0682],
        [0.0365, 0.0499, 0.0300, 0.0892, 0.0220, 0.0551, 0.5687, 0.0343, 0.0459,
         0.0682],
        [0.0225, 0.0443, 0.0473, 0.0955, 0.0497, 0.0538, 0.4787, 0.0478, 0.0602,
         0.1002],
        [0.0135, 0.0120, 0.0258, 0.0394, 0.7215, 0.0452, 0.0273, 0.0318, 0.0453,
         0.0384],
        [0.5520, 0.0523, 0.0275, 0.0670, 0.0716, 0.0354, 0.0501, 0.0370, 0.0568,
         0.0503],
        [0.1003, 0.0769, 0.0638, 0.1209, 0.0410, 0.1380, 0.0854, 0.0475, 0.2460,
         0.0802],
        [0.0417, 0.0619, 0.0659, 0.0633, 0.0552, 0.0529, 0.0393, 0.0746, 0.5124,
         0.0329],
        [0.4250, 0.0613, 0.0336, 0.0888, 0.0565, 0.0442, 0.1247, 0.0302, 0.0720,
         0.0634],
        [0.0350, 0.0536, 0.3427, 0.1104, 0.0299, 0.0494, 0.0586, 0.1538, 0.1058,
         0.0607],
        [0.5844, 0.0421, 0.0253, 0.0676, 0.0620, 0.0436, 0.0454, 0.0319, 0.0584,
         0.0393]], device='cuda:0', grad_fn=<SoftmaxBackward>)
>> best accuracy: 90.36666666666666	best epoch: 0

>> final recovery rate: 59.88888888888889%
