noise type: uniform
noise level: 0.2
when_to_apply_epoch: 25
total clean data num: 36016
probability transition matrix:
[[0.8        0.02222222 0.02222222 0.02222222 0.02222222 0.02222222
  0.02222222 0.02222222 0.02222222 0.02222222]
 [0.02222222 0.8        0.02222222 0.02222222 0.02222222 0.02222222
  0.02222222 0.02222222 0.02222222 0.02222222]
 [0.02222222 0.02222222 0.8        0.02222222 0.02222222 0.02222222
  0.02222222 0.02222222 0.02222222 0.02222222]
 [0.02222222 0.02222222 0.02222222 0.8        0.02222222 0.02222222
  0.02222222 0.02222222 0.02222222 0.02222222]
 [0.02222222 0.02222222 0.02222222 0.02222222 0.8        0.02222222
  0.02222222 0.02222222 0.02222222 0.02222222]
 [0.02222222 0.02222222 0.02222222 0.02222222 0.02222222 0.8
  0.02222222 0.02222222 0.02222222 0.02222222]
 [0.02222222 0.02222222 0.02222222 0.02222222 0.02222222 0.02222222
  0.8        0.02222222 0.02222222 0.02222222]
 [0.02222222 0.02222222 0.02222222 0.02222222 0.02222222 0.02222222
  0.02222222 0.8        0.02222222 0.02222222]
 [0.02222222 0.02222222 0.02222222 0.02222222 0.02222222 0.02222222
  0.02222222 0.02222222 0.8        0.02222222]
 [0.02222222 0.02222222 0.02222222 0.02222222 0.02222222 0.02222222
  0.02222222 0.02222222 0.02222222 0.8       ]]
>> val epoch: 0
>> current accuracy: 45.06%
outputs: tensor([[0.3674, 0.1185, 0.0580, 0.0419, 0.0599, 0.0398, 0.0407, 0.0602, 0.0945,
         0.1191],
        [0.1085, 0.0250, 0.1565, 0.1880, 0.0932, 0.1571, 0.0764, 0.0529, 0.0866,
         0.0557],
        [0.0326, 0.0328, 0.1280, 0.1531, 0.1182, 0.1030, 0.3031, 0.0541, 0.0279,
         0.0472],
        [0.0487, 0.0909, 0.0890, 0.1529, 0.0732, 0.1095, 0.1523, 0.1144, 0.0332,
         0.1359],
        [0.0632, 0.1426, 0.0793, 0.1167, 0.0656, 0.0987, 0.0969, 0.0887, 0.0740,
         0.1743],
        [0.0240, 0.0175, 0.0857, 0.2281, 0.0702, 0.2689, 0.0747, 0.1801, 0.0178,
         0.0330],
        [0.3747, 0.0344, 0.0237, 0.0156, 0.0281, 0.0096, 0.0126, 0.0079, 0.4809,
         0.0124],
        [0.0502, 0.0424, 0.0983, 0.1235, 0.0829, 0.1676, 0.0790, 0.2470, 0.0262,
         0.0829],
        [0.0981, 0.1441, 0.0466, 0.0636, 0.0312, 0.0669, 0.0254, 0.0349, 0.4146,
         0.0748],
        [0.0583, 0.0201, 0.1082, 0.2491, 0.0780, 0.1650, 0.0729, 0.2061, 0.0150,
         0.0272],
        [0.0635, 0.0980, 0.1039, 0.1518, 0.0673, 0.1392, 0.0949, 0.0560, 0.1050,
         0.1203],
        [0.1792, 0.0619, 0.0142, 0.0086, 0.0172, 0.0093, 0.0123, 0.0095, 0.6476,
         0.0402],
        [0.0313, 0.0138, 0.3090, 0.0513, 0.3677, 0.0368, 0.1185, 0.0421, 0.0156,
         0.0140],
        [0.0278, 0.1288, 0.0301, 0.0851, 0.0292, 0.1044, 0.0603, 0.1239, 0.0274,
         0.3829],
        [0.5553, 0.0575, 0.0513, 0.0402, 0.0508, 0.0187, 0.0318, 0.0336, 0.1276,
         0.0333],
        [0.0407, 0.0205, 0.1727, 0.1534, 0.1911, 0.1169, 0.1040, 0.1468, 0.0252,
         0.0286],
        [0.0245, 0.0263, 0.1152, 0.1560, 0.1147, 0.1824, 0.1015, 0.2412, 0.0143,
         0.0238],
        [0.0218, 0.0333, 0.0704, 0.1348, 0.0972, 0.1587, 0.1652, 0.2566, 0.0167,
         0.0454],
        [0.1592, 0.0913, 0.0422, 0.0367, 0.0428, 0.0235, 0.0637, 0.0595, 0.0978,
         0.3833],
        [0.0605, 0.0194, 0.1790, 0.1139, 0.1850, 0.0780, 0.0893, 0.2188, 0.0210,
         0.0351],
        [0.0384, 0.0165, 0.3153, 0.0411, 0.3246, 0.0359, 0.1456, 0.0484, 0.0159,
         0.0183],
        [0.0286, 0.0242, 0.2013, 0.0712, 0.2903, 0.0498, 0.2132, 0.0799, 0.0183,
         0.0233],
        [0.3717, 0.0214, 0.1272, 0.0333, 0.1349, 0.0156, 0.0432, 0.1271, 0.0807,
         0.0449],
        [0.1467, 0.4573, 0.0352, 0.0249, 0.0246, 0.0229, 0.0346, 0.0224, 0.1134,
         0.1179],
        [0.0581, 0.0493, 0.1428, 0.1244, 0.1145, 0.1033, 0.1801, 0.0931, 0.0407,
         0.0938],
        [0.0895, 0.0684, 0.1761, 0.0908, 0.1221, 0.0689, 0.1683, 0.0514, 0.0781,
         0.0864],
        [0.0208, 0.6497, 0.0080, 0.0064, 0.0067, 0.0097, 0.0101, 0.0100, 0.0143,
         0.2643],
        [0.1228, 0.0666, 0.1071, 0.1483, 0.0716, 0.1133, 0.0698, 0.0685, 0.1231,
         0.1088],
        [0.1343, 0.0571, 0.0699, 0.0641, 0.0608, 0.0488, 0.0560, 0.0354, 0.3818,
         0.0920],
        [0.0646, 0.0403, 0.1162, 0.0937, 0.1021, 0.0693, 0.1646, 0.1780, 0.0404,
         0.1308],
        [0.0434, 0.0210, 0.2484, 0.1365, 0.2109, 0.1288, 0.1059, 0.0395, 0.0438,
         0.0218],
        [0.4277, 0.0245, 0.0837, 0.0352, 0.0787, 0.0190, 0.0208, 0.0135, 0.2836,
         0.0133],
        [0.0210, 0.0180, 0.1005, 0.1755, 0.0953, 0.1662, 0.0522, 0.3302, 0.0140,
         0.0271],
        [0.1485, 0.0362, 0.1196, 0.2030, 0.0686, 0.1244, 0.0706, 0.1325, 0.0324,
         0.0643],
        [0.0297, 0.0575, 0.0735, 0.1698, 0.0778, 0.1259, 0.1803, 0.1409, 0.0346,
         0.1100],
        [0.5541, 0.0300, 0.1279, 0.0549, 0.0701, 0.0246, 0.0268, 0.0411, 0.0499,
         0.0205],
        [0.0474, 0.0340, 0.1156, 0.1153, 0.1639, 0.1089, 0.1352, 0.2271, 0.0189,
         0.0337],
        [0.0887, 0.1477, 0.0480, 0.0642, 0.0430, 0.0578, 0.0639, 0.1235, 0.0368,
         0.3263],
        [0.1026, 0.2514, 0.0304, 0.0211, 0.0360, 0.0204, 0.0377, 0.0858, 0.0334,
         0.3811],
        [0.0642, 0.0808, 0.0730, 0.0583, 0.0830, 0.0502, 0.2025, 0.1497, 0.0309,
         0.2074],
        [0.0289, 0.0222, 0.1651, 0.0898, 0.2108, 0.0616, 0.2768, 0.0902, 0.0212,
         0.0334],
        [0.0196, 0.0112, 0.1147, 0.3274, 0.0737, 0.3138, 0.0361, 0.0695, 0.0175,
         0.0164],
        [0.0406, 0.0475, 0.1785, 0.0906, 0.1503, 0.0697, 0.2641, 0.0564, 0.0405,
         0.0618],
        [0.0169, 0.0173, 0.0613, 0.2885, 0.0631, 0.2872, 0.0614, 0.1594, 0.0204,
         0.0247],
        [0.0923, 0.4577, 0.0139, 0.0126, 0.0143, 0.0134, 0.0152, 0.0109, 0.2837,
         0.0860],
        [0.0279, 0.0261, 0.1511, 0.1038, 0.2009, 0.0950, 0.1346, 0.2200, 0.0161,
         0.0244],
        [0.0245, 0.0401, 0.0450, 0.1959, 0.0582, 0.1713, 0.0978, 0.3121, 0.0155,
         0.0396],
        [0.0897, 0.0241, 0.3069, 0.0384, 0.3368, 0.0245, 0.0952, 0.0312, 0.0346,
         0.0186],
        [0.0263, 0.0248, 0.1202, 0.1878, 0.1041, 0.1816, 0.1553, 0.1331, 0.0248,
         0.0421],
        [0.0274, 0.0315, 0.0748, 0.2214, 0.0720, 0.2260, 0.1018, 0.1934, 0.0200,
         0.0316],
        [0.1164, 0.2031, 0.1234, 0.0692, 0.0841, 0.0440, 0.1265, 0.0406, 0.0926,
         0.1001],
        [0.3669, 0.0184, 0.1313, 0.0375, 0.0971, 0.0234, 0.0321, 0.0189, 0.2532,
         0.0212],
        [0.0409, 0.0206, 0.2078, 0.1084, 0.2134, 0.0935, 0.1701, 0.0943, 0.0237,
         0.0274],
        [0.0183, 0.0263, 0.0981, 0.1722, 0.1052, 0.1167, 0.3428, 0.0678, 0.0209,
         0.0317],
        [0.0569, 0.0274, 0.1920, 0.1376, 0.2022, 0.1000, 0.1539, 0.0637, 0.0357,
         0.0305],
        [0.0616, 0.0300, 0.1118, 0.1590, 0.0822, 0.1697, 0.0829, 0.1702, 0.0373,
         0.0953],
        [0.0725, 0.0657, 0.0697, 0.0677, 0.0465, 0.0537, 0.0941, 0.0826, 0.0965,
         0.3509],
        [0.0206, 0.6864, 0.0116, 0.0105, 0.0081, 0.0147, 0.0147, 0.0097, 0.0346,
         0.1891],
        [0.0744, 0.0566, 0.0712, 0.0587, 0.1017, 0.0477, 0.0828, 0.3767, 0.0229,
         0.1073],
        [0.0683, 0.1509, 0.0479, 0.0661, 0.0440, 0.0439, 0.0538, 0.1059, 0.0639,
         0.3555],
        [0.1813, 0.0954, 0.0402, 0.0211, 0.0330, 0.0185, 0.0212, 0.0115, 0.5281,
         0.0497],
        [0.0392, 0.0220, 0.1971, 0.0940, 0.1954, 0.0842, 0.2159, 0.1058, 0.0180,
         0.0284],
        [0.0099, 0.0149, 0.0403, 0.3035, 0.0471, 0.3329, 0.0598, 0.1585, 0.0131,
         0.0200],
        [0.1056, 0.2781, 0.0341, 0.0370, 0.0215, 0.0363, 0.0228, 0.0159, 0.3690,
         0.0797],
        [0.0358, 0.4631, 0.0212, 0.0202, 0.0178, 0.0249, 0.0234, 0.0354, 0.0256,
         0.3326],
        [0.0150, 0.0202, 0.0746, 0.3116, 0.0663, 0.2662, 0.0838, 0.1115, 0.0217,
         0.0291],
        [0.1310, 0.4147, 0.0228, 0.0174, 0.0208, 0.0173, 0.0261, 0.0150, 0.2476,
         0.0874],
        [0.0235, 0.0172, 0.2651, 0.0595, 0.3425, 0.0467, 0.1553, 0.0593, 0.0148,
         0.0163],
        [0.0801, 0.0841, 0.1393, 0.1626, 0.0764, 0.1194, 0.1001, 0.0438, 0.1194,
         0.0749],
        [0.0602, 0.1272, 0.1266, 0.1182, 0.0951, 0.0670, 0.1791, 0.0539, 0.0713,
         0.1014],
        [0.0554, 0.0289, 0.1448, 0.1962, 0.1381, 0.1532, 0.1236, 0.0962, 0.0307,
         0.0327],
        [0.0334, 0.0288, 0.0760, 0.2348, 0.0497, 0.3107, 0.0319, 0.1736, 0.0274,
         0.0337]], device='cuda:0', grad_fn=<SoftmaxBackward>)
>> best accuracy: 45.06	best epoch: 0

>> final recovery rate: 80.03555555555556%
>> val epoch: 5
>> current accuracy: 71.14%
outputs: tensor([[0.7588, 0.0726, 0.0180, 0.0146, 0.0163, 0.0169, 0.0285, 0.0181, 0.0262,
         0.0300],
        [0.5550, 0.0302, 0.0288, 0.0465, 0.0793, 0.0381, 0.0328, 0.0210, 0.1220,
         0.0463],
        [0.0220, 0.0162, 0.7265, 0.0682, 0.0211, 0.0711, 0.0161, 0.0321, 0.0132,
         0.0138],
        [0.0141, 0.0208, 0.0191, 0.0383, 0.0209, 0.1218, 0.0227, 0.7056, 0.0137,
         0.0230],
        [0.0245, 0.8713, 0.0165, 0.0128, 0.0156, 0.0099, 0.0117, 0.0122, 0.0101,
         0.0153],
        [0.4679, 0.0257, 0.0711, 0.0511, 0.0550, 0.0286, 0.0329, 0.0329, 0.2077,
         0.0270],
        [0.0413, 0.1077, 0.1030, 0.0912, 0.0248, 0.0526, 0.4700, 0.0447, 0.0255,
         0.0393],
        [0.0369, 0.0315, 0.0220, 0.0255, 0.0194, 0.0242, 0.7829, 0.0211, 0.0194,
         0.0172],
        [0.0575, 0.0258, 0.1897, 0.0542, 0.0307, 0.0234, 0.5067, 0.0395, 0.0320,
         0.0404],
        [0.0277, 0.0274, 0.0102, 0.2213, 0.0539, 0.2728, 0.3166, 0.0338, 0.0174,
         0.0188],
        [0.0101, 0.0149, 0.0158, 0.0656, 0.0186, 0.7650, 0.0161, 0.0609, 0.0140,
         0.0191],
        [0.0228, 0.0232, 0.0174, 0.0799, 0.0322, 0.0337, 0.6857, 0.0412, 0.0356,
         0.0281],
        [0.0725, 0.0364, 0.1225, 0.1707, 0.0239, 0.2398, 0.1866, 0.0372, 0.0481,
         0.0623],
        [0.1435, 0.0759, 0.0558, 0.0359, 0.0632, 0.0456, 0.0388, 0.0429, 0.3789,
         0.1195],
        [0.0121, 0.0119, 0.0116, 0.3468, 0.0180, 0.5129, 0.0347, 0.0258, 0.0138,
         0.0124],
        [0.0343, 0.0425, 0.0286, 0.0238, 0.0608, 0.0276, 0.6845, 0.0368, 0.0298,
         0.0313],
        [0.0204, 0.0211, 0.4638, 0.1153, 0.0795, 0.1361, 0.0702, 0.0562, 0.0166,
         0.0207],
        [0.0216, 0.0285, 0.1207, 0.0787, 0.0083, 0.5364, 0.0246, 0.1386, 0.0142,
         0.0282],
        [0.2397, 0.3959, 0.0373, 0.0344, 0.0410, 0.0356, 0.0435, 0.0431, 0.0767,
         0.0528],
        [0.0822, 0.0505, 0.0341, 0.0304, 0.0324, 0.0631, 0.0343, 0.3572, 0.2510,
         0.0648],
        [0.0290, 0.0268, 0.0695, 0.0456, 0.6004, 0.0378, 0.1008, 0.0435, 0.0285,
         0.0182],
        [0.0318, 0.0271, 0.0483, 0.0711, 0.0841, 0.0258, 0.5695, 0.0706, 0.0408,
         0.0309],
        [0.0117, 0.0125, 0.0057, 0.0081, 0.0201, 0.0167, 0.0082, 0.8962, 0.0098,
         0.0110],
        [0.0136, 0.0244, 0.0299, 0.5318, 0.0617, 0.2401, 0.0259, 0.0339, 0.0264,
         0.0122],
        [0.0211, 0.0237, 0.1331, 0.0949, 0.4182, 0.0875, 0.1010, 0.0872, 0.0132,
         0.0201],
        [0.0212, 0.0166, 0.5275, 0.0978, 0.0297, 0.1708, 0.0279, 0.0752, 0.0117,
         0.0215],
        [0.6442, 0.0227, 0.1508, 0.0174, 0.0652, 0.0165, 0.0260, 0.0169, 0.0233,
         0.0171],
        [0.0839, 0.1683, 0.0421, 0.0362, 0.0415, 0.0496, 0.0362, 0.0267, 0.3487,
         0.1667],
        [0.0150, 0.0191, 0.0074, 0.4859, 0.0397, 0.2621, 0.1234, 0.0168, 0.0153,
         0.0153],
        [0.0138, 0.0218, 0.0209, 0.3298, 0.0279, 0.0196, 0.0516, 0.0260, 0.4771,
         0.0114],
        [0.1442, 0.0250, 0.0228, 0.0440, 0.0486, 0.0254, 0.0414, 0.0270, 0.5835,
         0.0382],
        [0.0343, 0.0401, 0.0253, 0.0353, 0.0273, 0.0271, 0.0364, 0.0240, 0.6969,
         0.0534],
        [0.2557, 0.0331, 0.0337, 0.0369, 0.0386, 0.0387, 0.0626, 0.0311, 0.4185,
         0.0511],
        [0.0157, 0.8803, 0.0099, 0.0180, 0.0158, 0.0094, 0.0134, 0.0119, 0.0077,
         0.0178],
        [0.0140, 0.0083, 0.0065, 0.0146, 0.0144, 0.0199, 0.0136, 0.8145, 0.0103,
         0.0838],
        [0.0070, 0.0103, 0.0097, 0.0057, 0.0075, 0.0136, 0.0132, 0.0147, 0.0061,
         0.9121],
        [0.0046, 0.0058, 0.0151, 0.0166, 0.9229, 0.0114, 0.0075, 0.0078, 0.0046,
         0.0036],
        [0.0209, 0.0249, 0.0570, 0.0770, 0.4905, 0.2083, 0.0212, 0.0662, 0.0193,
         0.0147],
        [0.0375, 0.0232, 0.1009, 0.2453, 0.0393, 0.2126, 0.0621, 0.2091, 0.0281,
         0.0420],
        [0.0812, 0.0363, 0.0936, 0.0465, 0.0215, 0.0373, 0.6055, 0.0313, 0.0219,
         0.0249],
        [0.1381, 0.0149, 0.4135, 0.1367, 0.0858, 0.0595, 0.0554, 0.0534, 0.0163,
         0.0263],
        [0.0435, 0.0428, 0.0715, 0.1286, 0.0239, 0.4581, 0.0217, 0.1318, 0.0306,
         0.0475],
        [0.0268, 0.0245, 0.2521, 0.4299, 0.0290, 0.0876, 0.0524, 0.0513, 0.0275,
         0.0189],
        [0.0367, 0.0384, 0.0594, 0.0980, 0.0846, 0.0572, 0.0342, 0.2560, 0.0320,
         0.3034],
        [0.2634, 0.0629, 0.2457, 0.0713, 0.0231, 0.0599, 0.1017, 0.0725, 0.0495,
         0.0501],
        [0.0056, 0.0082, 0.0163, 0.0179, 0.8932, 0.0204, 0.0098, 0.0199, 0.0046,
         0.0041],
        [0.0081, 0.0411, 0.0167, 0.0087, 0.0169, 0.0192, 0.0218, 0.0094, 0.0095,
         0.8486],
        [0.0491, 0.0659, 0.1223, 0.0830, 0.0275, 0.0966, 0.3287, 0.0765, 0.0203,
         0.1302],
        [0.0231, 0.0821, 0.0155, 0.0290, 0.0276, 0.0271, 0.0227, 0.0308, 0.6711,
         0.0711],
        [0.0432, 0.0350, 0.2605, 0.0784, 0.1849, 0.1350, 0.0725, 0.1509, 0.0185,
         0.0212],
        [0.5341, 0.0976, 0.0356, 0.0261, 0.0441, 0.0323, 0.0300, 0.0224, 0.1240,
         0.0539],
        [0.0212, 0.8636, 0.0173, 0.0112, 0.0120, 0.0127, 0.0124, 0.0101, 0.0080,
         0.0315],
        [0.0442, 0.0397, 0.1686, 0.1166, 0.0830, 0.1161, 0.1446, 0.1986, 0.0267,
         0.0619],
        [0.0386, 0.7366, 0.0223, 0.0216, 0.0270, 0.0174, 0.0236, 0.0170, 0.0527,
         0.0433],
        [0.0251, 0.0433, 0.0421, 0.0274, 0.3253, 0.0537, 0.0304, 0.3997, 0.0299,
         0.0233],
        [0.0214, 0.0245, 0.0175, 0.0265, 0.0296, 0.0322, 0.0231, 0.0250, 0.7534,
         0.0468],
        [0.0135, 0.6235, 0.0312, 0.0219, 0.0253, 0.0176, 0.0235, 0.0153, 0.0094,
         0.2187],
        [0.0210, 0.0198, 0.2901, 0.0545, 0.4181, 0.0587, 0.0542, 0.0512, 0.0158,
         0.0167],
        [0.0254, 0.0552, 0.0375, 0.1628, 0.0197, 0.1808, 0.0825, 0.0893, 0.0278,
         0.3189],
        [0.0181, 0.0245, 0.0108, 0.4080, 0.1294, 0.1176, 0.0408, 0.0771, 0.1544,
         0.0193],
        [0.0884, 0.0306, 0.0246, 0.0279, 0.0762, 0.0260, 0.0327, 0.0370, 0.6121,
         0.0444],
        [0.4374, 0.0497, 0.0217, 0.0259, 0.1215, 0.0262, 0.0200, 0.0242, 0.2004,
         0.0730],
        [0.0161, 0.0254, 0.0160, 0.4771, 0.0305, 0.2871, 0.0557, 0.0545, 0.0229,
         0.0147],
        [0.0224, 0.0237, 0.0200, 0.2325, 0.0329, 0.2130, 0.3712, 0.0268, 0.0237,
         0.0335],
        [0.0733, 0.0521, 0.1145, 0.1688, 0.0517, 0.1276, 0.0306, 0.1685, 0.0352,
         0.1777],
        [0.0560, 0.0769, 0.0113, 0.1208, 0.0312, 0.0995, 0.0172, 0.0740, 0.0454,
         0.4677],
        [0.0168, 0.0120, 0.7453, 0.0718, 0.0315, 0.0260, 0.0302, 0.0365, 0.0159,
         0.0139],
        [0.5479, 0.0517, 0.0389, 0.0297, 0.0755, 0.0187, 0.0253, 0.0275, 0.1384,
         0.0463],
        [0.0338, 0.0809, 0.0258, 0.0123, 0.0361, 0.0293, 0.0176, 0.6943, 0.0121,
         0.0577],
        [0.0179, 0.0225, 0.1283, 0.2124, 0.3682, 0.1379, 0.0212, 0.0611, 0.0140,
         0.0164],
        [0.2510, 0.0158, 0.5271, 0.0218, 0.0491, 0.0214, 0.0304, 0.0396, 0.0213,
         0.0225],
        [0.0116, 0.0114, 0.1184, 0.0381, 0.7122, 0.0422, 0.0157, 0.0285, 0.0121,
         0.0097]], device='cuda:0', grad_fn=<SoftmaxBackward>)
>> best accuracy: 71.14	best epoch: 5

>> final recovery rate: 80.03555555555556%
>> val epoch: 10
>> current accuracy: 78.56%
outputs: tensor([[0.1146, 0.0312, 0.1639, 0.0389, 0.1205, 0.0270, 0.4195, 0.0436, 0.0173,
         0.0236],
        [0.0109, 0.0203, 0.4820, 0.2484, 0.0309, 0.0853, 0.0396, 0.0218, 0.0223,
         0.0386],
        [0.0241, 0.7763, 0.0313, 0.0319, 0.0173, 0.0262, 0.0194, 0.0224, 0.0198,
         0.0312],
        [0.0161, 0.0118, 0.0164, 0.0159, 0.0199, 0.0142, 0.8559, 0.0178, 0.0181,
         0.0138],
        [0.2731, 0.0338, 0.2370, 0.1362, 0.1505, 0.0405, 0.0502, 0.0276, 0.0196,
         0.0316],
        [0.1213, 0.0282, 0.1877, 0.1657, 0.0817, 0.1138, 0.0232, 0.2120, 0.0282,
         0.0382],
        [0.0983, 0.0615, 0.1748, 0.3714, 0.0253, 0.0832, 0.0370, 0.0739, 0.0198,
         0.0547],
        [0.0273, 0.0445, 0.0321, 0.0234, 0.6389, 0.0605, 0.0651, 0.0375, 0.0156,
         0.0550],
        [0.5352, 0.1997, 0.0108, 0.0254, 0.0143, 0.0378, 0.0347, 0.0208, 0.0707,
         0.0506],
        [0.0867, 0.0216, 0.0422, 0.1055, 0.0361, 0.3079, 0.2578, 0.0756, 0.0217,
         0.0449],
        [0.0057, 0.0125, 0.8031, 0.0159, 0.0214, 0.0507, 0.0185, 0.0136, 0.0209,
         0.0379],
        [0.0156, 0.0272, 0.0337, 0.0403, 0.5999, 0.0840, 0.0457, 0.0890, 0.0297,
         0.0350],
        [0.0370, 0.1081, 0.0360, 0.0500, 0.4200, 0.0706, 0.0418, 0.1174, 0.0413,
         0.0779],
        [0.0312, 0.0179, 0.0261, 0.0445, 0.0535, 0.0213, 0.7415, 0.0165, 0.0245,
         0.0230],
        [0.6119, 0.0224, 0.0519, 0.0772, 0.0169, 0.0627, 0.0865, 0.0348, 0.0159,
         0.0199],
        [0.0375, 0.0380, 0.2102, 0.2431, 0.0160, 0.0727, 0.0380, 0.0421, 0.2470,
         0.0554],
        [0.0334, 0.0233, 0.0283, 0.0203, 0.7581, 0.0246, 0.0193, 0.0502, 0.0183,
         0.0241],
        [0.0281, 0.0395, 0.0241, 0.0362, 0.2447, 0.0853, 0.0329, 0.4391, 0.0285,
         0.0415],
        [0.0438, 0.0242, 0.0631, 0.2716, 0.2896, 0.1200, 0.0406, 0.0906, 0.0276,
         0.0289],
        [0.0107, 0.0268, 0.0102, 0.0091, 0.8694, 0.0188, 0.0138, 0.0078, 0.0137,
         0.0197],
        [0.8610, 0.0155, 0.0273, 0.0172, 0.0093, 0.0117, 0.0128, 0.0093, 0.0214,
         0.0146],
        [0.0260, 0.0224, 0.0195, 0.0234, 0.0158, 0.0234, 0.0148, 0.0234, 0.8119,
         0.0193],
        [0.3722, 0.0393, 0.2711, 0.0365, 0.1103, 0.0333, 0.0254, 0.0109, 0.0279,
         0.0732],
        [0.0133, 0.0204, 0.0143, 0.0202, 0.0145, 0.0198, 0.0183, 0.0194, 0.8403,
         0.0194],
        [0.0290, 0.7246, 0.0215, 0.0293, 0.0190, 0.0163, 0.0236, 0.0134, 0.0233,
         0.1001],
        [0.0066, 0.0314, 0.0153, 0.0282, 0.0068, 0.0079, 0.0131, 0.0142, 0.8641,
         0.0123],
        [0.0110, 0.0136, 0.0152, 0.7496, 0.0124, 0.1218, 0.0248, 0.0159, 0.0187,
         0.0170],
        [0.0226, 0.0261, 0.0171, 0.0168, 0.0174, 0.0240, 0.0281, 0.0145, 0.0366,
         0.7966],
        [0.7692, 0.0505, 0.0281, 0.0197, 0.0278, 0.0204, 0.0269, 0.0111, 0.0136,
         0.0327],
        [0.5419, 0.0169, 0.1418, 0.1514, 0.0112, 0.0460, 0.0320, 0.0148, 0.0181,
         0.0260],
        [0.0325, 0.0887, 0.0293, 0.0350, 0.0150, 0.0189, 0.0384, 0.0207, 0.5372,
         0.1843],
        [0.0334, 0.0382, 0.0251, 0.0241, 0.0213, 0.0395, 0.0322, 0.7229, 0.0271,
         0.0361],
        [0.0286, 0.0141, 0.0077, 0.5163, 0.0171, 0.3021, 0.0243, 0.0154, 0.0116,
         0.0629],
        [0.0143, 0.0178, 0.7568, 0.0211, 0.1148, 0.0098, 0.0315, 0.0059, 0.0098,
         0.0181],
        [0.8616, 0.0293, 0.0154, 0.0134, 0.0075, 0.0177, 0.0180, 0.0083, 0.0115,
         0.0173],
        [0.0442, 0.1599, 0.0220, 0.0343, 0.0193, 0.0284, 0.0243, 0.0178, 0.0602,
         0.5897],
        [0.1223, 0.0178, 0.7334, 0.0414, 0.0170, 0.0209, 0.0131, 0.0096, 0.0073,
         0.0172],
        [0.0387, 0.0336, 0.0806, 0.0426, 0.6019, 0.0513, 0.0196, 0.0686, 0.0206,
         0.0425],
        [0.0331, 0.0421, 0.1021, 0.0596, 0.0824, 0.0948, 0.0516, 0.4785, 0.0245,
         0.0314],
        [0.0165, 0.0338, 0.0122, 0.6538, 0.0141, 0.1633, 0.0243, 0.0212, 0.0392,
         0.0217],
        [0.0158, 0.0134, 0.0182, 0.0250, 0.0207, 0.0188, 0.8308, 0.0162, 0.0267,
         0.0143],
        [0.0169, 0.0168, 0.0147, 0.2461, 0.0158, 0.0504, 0.5310, 0.0296, 0.0609,
         0.0179],
        [0.0217, 0.0317, 0.0394, 0.5063, 0.0149, 0.3132, 0.0159, 0.0184, 0.0206,
         0.0178],
        [0.0207, 0.0341, 0.0216, 0.0645, 0.0161, 0.5922, 0.0353, 0.0960, 0.0589,
         0.0605],
        [0.8313, 0.0167, 0.0180, 0.0165, 0.0184, 0.0221, 0.0174, 0.0103, 0.0326,
         0.0169],
        [0.0249, 0.0505, 0.0880, 0.1556, 0.1267, 0.1557, 0.3242, 0.0188, 0.0254,
         0.0301],
        [0.0194, 0.0229, 0.0136, 0.0252, 0.0119, 0.0597, 0.0329, 0.7741, 0.0192,
         0.0209],
        [0.3881, 0.3643, 0.0161, 0.0282, 0.0144, 0.0425, 0.0447, 0.0217, 0.0324,
         0.0475],
        [0.0197, 0.0309, 0.6268, 0.0893, 0.0089, 0.0733, 0.0319, 0.0879, 0.0162,
         0.0151],
        [0.0355, 0.0214, 0.0106, 0.0627, 0.6578, 0.0264, 0.0837, 0.0124, 0.0673,
         0.0222],
        [0.0621, 0.0193, 0.0205, 0.1160, 0.0244, 0.0536, 0.0166, 0.0244, 0.1087,
         0.5544],
        [0.0197, 0.0322, 0.0264, 0.0454, 0.1128, 0.0713, 0.0326, 0.5792, 0.0282,
         0.0523],
        [0.0210, 0.0421, 0.0228, 0.0316, 0.1206, 0.0464, 0.0421, 0.5953, 0.0406,
         0.0374],
        [0.0205, 0.0187, 0.0198, 0.0394, 0.0437, 0.0478, 0.6919, 0.0432, 0.0295,
         0.0455],
        [0.0161, 0.0245, 0.0221, 0.0414, 0.0141, 0.0247, 0.0228, 0.0245, 0.3472,
         0.4626],
        [0.0161, 0.0110, 0.0132, 0.0144, 0.0095, 0.0189, 0.8697, 0.0149, 0.0189,
         0.0134],
        [0.0135, 0.0250, 0.0584, 0.1764, 0.0461, 0.5271, 0.0267, 0.0704, 0.0263,
         0.0302],
        [0.0157, 0.0125, 0.0194, 0.2463, 0.0336, 0.1116, 0.0348, 0.4566, 0.0399,
         0.0297],
        [0.0257, 0.6946, 0.0343, 0.0382, 0.0274, 0.0233, 0.0255, 0.0202, 0.0118,
         0.0989],
        [0.0179, 0.0191, 0.0090, 0.0926, 0.0150, 0.0161, 0.7619, 0.0227, 0.0340,
         0.0118],
        [0.0331, 0.0218, 0.0129, 0.2342, 0.0263, 0.4672, 0.1286, 0.0212, 0.0150,
         0.0396],
        [0.1461, 0.0872, 0.3823, 0.0407, 0.1092, 0.0483, 0.0446, 0.0519, 0.0436,
         0.0460],
        [0.0037, 0.0103, 0.0276, 0.0219, 0.0049, 0.0125, 0.0123, 0.0181, 0.8804,
         0.0083],
        [0.6159, 0.0318, 0.0908, 0.0401, 0.0182, 0.0441, 0.0165, 0.0215, 0.0719,
         0.0493],
        [0.0265, 0.6041, 0.0371, 0.0261, 0.0127, 0.0286, 0.0263, 0.0171, 0.1982,
         0.0233],
        [0.0429, 0.0270, 0.0350, 0.0137, 0.7553, 0.0283, 0.0175, 0.0387, 0.0143,
         0.0273],
        [0.0648, 0.0217, 0.0376, 0.4081, 0.2364, 0.0685, 0.0891, 0.0180, 0.0279,
         0.0278],
        [0.0207, 0.0831, 0.0298, 0.0234, 0.0200, 0.0277, 0.0319, 0.0198, 0.0230,
         0.7206],
        [0.0125, 0.0190, 0.2619, 0.4773, 0.0565, 0.0353, 0.0659, 0.0308, 0.0252,
         0.0155],
        [0.0248, 0.0341, 0.0229, 0.2012, 0.0136, 0.5810, 0.0473, 0.0212, 0.0265,
         0.0275],
        [0.0271, 0.0357, 0.0178, 0.0149, 0.0102, 0.0263, 0.0260, 0.0149, 0.0332,
         0.7939],
        [0.0184, 0.0833, 0.0847, 0.0334, 0.0141, 0.5005, 0.0312, 0.0379, 0.1499,
         0.0465]], device='cuda:0', grad_fn=<SoftmaxBackward>)
>> best accuracy: 78.56	best epoch: 10

>> final recovery rate: 80.03555555555556%
>> val epoch: 15
>> current accuracy: 80.92%
outputs: tensor([[0.0229, 0.0309, 0.1667, 0.2765, 0.0749, 0.1694, 0.1158, 0.0763, 0.0260,
         0.0406],
        [0.0173, 0.0160, 0.0369, 0.0332, 0.3787, 0.0400, 0.0289, 0.4208, 0.0113,
         0.0169],
        [0.0286, 0.0150, 0.0120, 0.0078, 0.8521, 0.0159, 0.0148, 0.0204, 0.0165,
         0.0169],
        [0.0093, 0.0457, 0.0230, 0.0092, 0.0097, 0.0137, 0.0185, 0.0143, 0.8389,
         0.0177],
        [0.0355, 0.0224, 0.0629, 0.1698, 0.3436, 0.1450, 0.0829, 0.0874, 0.0300,
         0.0206],
        [0.0205, 0.0146, 0.0085, 0.0164, 0.0265, 0.0209, 0.0245, 0.8331, 0.0188,
         0.0163],
        [0.0286, 0.1852, 0.0314, 0.0574, 0.0180, 0.0568, 0.0208, 0.0218, 0.0324,
         0.5475],
        [0.0261, 0.1768, 0.0292, 0.0555, 0.0105, 0.5501, 0.0171, 0.0439, 0.0501,
         0.0406],
        [0.0139, 0.0208, 0.0120, 0.0169, 0.0119, 0.0142, 0.0143, 0.0113, 0.0205,
         0.8641],
        [0.4665, 0.0244, 0.1319, 0.0990, 0.1327, 0.0374, 0.0284, 0.0217, 0.0310,
         0.0271],
        [0.0245, 0.0122, 0.0083, 0.5724, 0.0138, 0.2478, 0.0210, 0.0430, 0.0235,
         0.0336],
        [0.0204, 0.0206, 0.0131, 0.0202, 0.0156, 0.0184, 0.0190, 0.0253, 0.8315,
         0.0159],
        [0.0178, 0.0206, 0.0202, 0.0737, 0.0529, 0.6286, 0.0144, 0.1143, 0.0260,
         0.0316],
        [0.0072, 0.0098, 0.0298, 0.8474, 0.0061, 0.0167, 0.0252, 0.0237, 0.0255,
         0.0087],
        [0.0846, 0.0238, 0.0174, 0.0212, 0.0145, 0.0239, 0.0227, 0.0241, 0.0208,
         0.7470],
        [0.0236, 0.0681, 0.0933, 0.3878, 0.0548, 0.2025, 0.0350, 0.0583, 0.0565,
         0.0201],
        [0.0325, 0.1301, 0.0232, 0.0335, 0.0244, 0.0303, 0.0264, 0.0219, 0.1651,
         0.5126],
        [0.0155, 0.0183, 0.7836, 0.0459, 0.0131, 0.0198, 0.0317, 0.0274, 0.0311,
         0.0137],
        [0.0602, 0.0350, 0.0367, 0.0379, 0.0773, 0.0245, 0.2561, 0.0379, 0.0576,
         0.3768],
        [0.0360, 0.0185, 0.0197, 0.0241, 0.0102, 0.0206, 0.8116, 0.0200, 0.0235,
         0.0158],
        [0.0412, 0.7717, 0.0222, 0.0244, 0.0179, 0.0278, 0.0205, 0.0214, 0.0305,
         0.0224],
        [0.0108, 0.0144, 0.0069, 0.0143, 0.0190, 0.0088, 0.0165, 0.8784, 0.0165,
         0.0143],
        [0.2459, 0.0986, 0.0255, 0.0343, 0.0386, 0.0564, 0.0227, 0.4058, 0.0278,
         0.0443],
        [0.0072, 0.0148, 0.0182, 0.0107, 0.0191, 0.0174, 0.0238, 0.0293, 0.8460,
         0.0135],
        [0.0249, 0.0170, 0.8477, 0.0128, 0.0198, 0.0116, 0.0156, 0.0150, 0.0161,
         0.0194],
        [0.0233, 0.0283, 0.2251, 0.2384, 0.2326, 0.0154, 0.1382, 0.0358, 0.0236,
         0.0393],
        [0.0230, 0.0177, 0.0271, 0.3277, 0.0964, 0.0239, 0.3857, 0.0260, 0.0413,
         0.0311],
        [0.0185, 0.0119, 0.0204, 0.6159, 0.0143, 0.1907, 0.0265, 0.0608, 0.0222,
         0.0189],
        [0.0584, 0.0191, 0.0130, 0.0252, 0.0377, 0.0376, 0.0271, 0.0370, 0.7223,
         0.0227],
        [0.0235, 0.0429, 0.0423, 0.0168, 0.0257, 0.7356, 0.0211, 0.0158, 0.0279,
         0.0483],
        [0.3734, 0.0335, 0.0317, 0.0257, 0.1295, 0.0532, 0.0135, 0.0937, 0.0567,
         0.1890],
        [0.4453, 0.0086, 0.0518, 0.0342, 0.1277, 0.0349, 0.0243, 0.2323, 0.0162,
         0.0247],
        [0.0072, 0.0150, 0.0097, 0.0411, 0.0082, 0.0092, 0.0183, 0.0174, 0.8658,
         0.0080],
        [0.0608, 0.0090, 0.0190, 0.6250, 0.0288, 0.0777, 0.0397, 0.0621, 0.0210,
         0.0571],
        [0.0467, 0.0358, 0.0895, 0.1404, 0.0254, 0.0735, 0.4855, 0.0538, 0.0159,
         0.0335],
        [0.0278, 0.0285, 0.0735, 0.0289, 0.3813, 0.0653, 0.0308, 0.3060, 0.0341,
         0.0237],
        [0.0060, 0.0055, 0.0125, 0.9005, 0.0077, 0.0141, 0.0169, 0.0199, 0.0075,
         0.0094],
        [0.0203, 0.0181, 0.0192, 0.0289, 0.7947, 0.0467, 0.0119, 0.0325, 0.0148,
         0.0127],
        [0.0147, 0.0097, 0.0059, 0.0197, 0.0335, 0.0134, 0.0157, 0.8615, 0.0138,
         0.0121],
        [0.0376, 0.0194, 0.6678, 0.0355, 0.0958, 0.0297, 0.0129, 0.0693, 0.0159,
         0.0162],
        [0.0591, 0.1205, 0.0179, 0.0251, 0.0162, 0.0198, 0.0155, 0.0133, 0.0411,
         0.6714],
        [0.0127, 0.0200, 0.0078, 0.0157, 0.0124, 0.0217, 0.0143, 0.8637, 0.0186,
         0.0130],
        [0.0261, 0.0256, 0.2644, 0.0363, 0.0646, 0.0283, 0.4555, 0.0305, 0.0382,
         0.0306],
        [0.0250, 0.0193, 0.0133, 0.0209, 0.0115, 0.0179, 0.8280, 0.0291, 0.0167,
         0.0183],
        [0.0329, 0.0313, 0.1689, 0.0299, 0.2625, 0.0251, 0.3377, 0.0195, 0.0518,
         0.0405],
        [0.0345, 0.7451, 0.0230, 0.0367, 0.0183, 0.0243, 0.0195, 0.0364, 0.0190,
         0.0435],
        [0.0219, 0.7018, 0.0316, 0.0309, 0.0247, 0.0228, 0.0136, 0.0294, 0.0194,
         0.1040],
        [0.7771, 0.0120, 0.1114, 0.0094, 0.0101, 0.0119, 0.0117, 0.0156, 0.0180,
         0.0227],
        [0.0145, 0.0186, 0.0178, 0.0122, 0.8651, 0.0111, 0.0179, 0.0095, 0.0198,
         0.0136],
        [0.0124, 0.0094, 0.0137, 0.0145, 0.0141, 0.0156, 0.0243, 0.0136, 0.0177,
         0.8647],
        [0.2478, 0.0470, 0.0425, 0.0470, 0.0139, 0.0331, 0.0206, 0.0181, 0.4191,
         0.1108],
        [0.8325, 0.0091, 0.0873, 0.0063, 0.0114, 0.0077, 0.0076, 0.0132, 0.0075,
         0.0175],
        [0.0323, 0.0115, 0.0195, 0.5693, 0.0178, 0.2584, 0.0205, 0.0353, 0.0142,
         0.0211],
        [0.0243, 0.0155, 0.0236, 0.0562, 0.7886, 0.0206, 0.0130, 0.0221, 0.0137,
         0.0224],
        [0.0162, 0.0251, 0.0521, 0.5480, 0.0204, 0.2415, 0.0274, 0.0332, 0.0172,
         0.0188],
        [0.2458, 0.3328, 0.0213, 0.0457, 0.0499, 0.0232, 0.0252, 0.0342, 0.0252,
         0.1966],
        [0.0302, 0.0167, 0.0277, 0.0342, 0.0154, 0.0181, 0.8071, 0.0157, 0.0178,
         0.0172],
        [0.0276, 0.6932, 0.0253, 0.0325, 0.0190, 0.0228, 0.0124, 0.0197, 0.0247,
         0.1229],
        [0.9069, 0.0052, 0.0080, 0.0069, 0.0132, 0.0133, 0.0086, 0.0174, 0.0117,
         0.0089],
        [0.0150, 0.2772, 0.0277, 0.0297, 0.0151, 0.0156, 0.0372, 0.0282, 0.5144,
         0.0401],
        [0.0198, 0.0068, 0.0162, 0.0194, 0.0120, 0.0139, 0.0159, 0.0143, 0.0216,
         0.8600],
        [0.0134, 0.7930, 0.0339, 0.0209, 0.0145, 0.0192, 0.0218, 0.0299, 0.0323,
         0.0210],
        [0.0316, 0.0191, 0.0394, 0.1142, 0.6490, 0.0179, 0.0453, 0.0296, 0.0291,
         0.0249],
        [0.0175, 0.0318, 0.1381, 0.0491, 0.0481, 0.0184, 0.6082, 0.0224, 0.0446,
         0.0219],
        [0.0160, 0.0179, 0.0242, 0.0375, 0.0484, 0.7484, 0.0177, 0.0376, 0.0142,
         0.0382],
        [0.4361, 0.0182, 0.0484, 0.0732, 0.2079, 0.0316, 0.0958, 0.0434, 0.0167,
         0.0287],
        [0.0193, 0.0226, 0.7658, 0.0143, 0.0428, 0.0288, 0.0374, 0.0181, 0.0282,
         0.0227],
        [0.0558, 0.0500, 0.0331, 0.0758, 0.0172, 0.0483, 0.0525, 0.0205, 0.6234,
         0.0235],
        [0.1853, 0.3736, 0.0363, 0.0404, 0.0574, 0.0292, 0.0662, 0.0256, 0.0335,
         0.1526],
        [0.0118, 0.0230, 0.0153, 0.0192, 0.0126, 0.0141, 0.0186, 0.0179, 0.8546,
         0.0129],
        [0.0183, 0.0234, 0.8541, 0.0073, 0.0163, 0.0216, 0.0215, 0.0087, 0.0140,
         0.0146],
        [0.0272, 0.0196, 0.0181, 0.3990, 0.0362, 0.3109, 0.0381, 0.0999, 0.0260,
         0.0250]], device='cuda:0', grad_fn=<SoftmaxBackward>)
>> best accuracy: 80.92	best epoch: 15

>> final recovery rate: 80.03555555555556%
>> val epoch: 20
>> current accuracy: 82.0%
outputs: tensor([[0.6926, 0.0228, 0.0448, 0.0306, 0.0246, 0.0393, 0.0332, 0.0368, 0.0540,
         0.0213],
        [0.0187, 0.0242, 0.0170, 0.0176, 0.0185, 0.0161, 0.0385, 0.0161, 0.0147,
         0.8186],
        [0.0164, 0.0417, 0.0175, 0.0135, 0.7883, 0.0199, 0.0319, 0.0192, 0.0218,
         0.0298],
        [0.0174, 0.8496, 0.0220, 0.0201, 0.0127, 0.0161, 0.0089, 0.0262, 0.0122,
         0.0150],
        [0.0136, 0.0265, 0.1039, 0.0184, 0.0313, 0.0281, 0.0237, 0.1016, 0.5930,
         0.0598],
        [0.0121, 0.0175, 0.0156, 0.1960, 0.0198, 0.6568, 0.0067, 0.0376, 0.0110,
         0.0270],
        [0.7698, 0.0114, 0.0670, 0.0175, 0.0213, 0.0271, 0.0210, 0.0312, 0.0094,
         0.0242],
        [0.0121, 0.0207, 0.0364, 0.2317, 0.1839, 0.0826, 0.0170, 0.3803, 0.0175,
         0.0179],
        [0.0147, 0.0413, 0.0343, 0.0154, 0.0157, 0.7639, 0.0167, 0.0357, 0.0346,
         0.0278],
        [0.7451, 0.0220, 0.0119, 0.0222, 0.0188, 0.0439, 0.0143, 0.0225, 0.0653,
         0.0341],
        [0.0148, 0.0097, 0.0144, 0.0163, 0.0104, 0.0123, 0.8843, 0.0195, 0.0113,
         0.0071],
        [0.0180, 0.0132, 0.0189, 0.0257, 0.0123, 0.0177, 0.0146, 0.0300, 0.8398,
         0.0098],
        [0.0220, 0.0512, 0.0285, 0.0125, 0.0160, 0.7659, 0.0155, 0.0285, 0.0266,
         0.0332],
        [0.0126, 0.0238, 0.0246, 0.0335, 0.0227, 0.0170, 0.0291, 0.0406, 0.7781,
         0.0179],
        [0.0395, 0.0190, 0.0198, 0.0349, 0.0334, 0.0280, 0.0332, 0.0459, 0.7290,
         0.0173],
        [0.0145, 0.0145, 0.0168, 0.5954, 0.0503, 0.0741, 0.0766, 0.1098, 0.0345,
         0.0134],
        [0.0140, 0.0164, 0.0125, 0.0169, 0.0071, 0.0119, 0.0104, 0.0116, 0.0131,
         0.8861],
        [0.0318, 0.0258, 0.0554, 0.0422, 0.1403, 0.1562, 0.0168, 0.4839, 0.0212,
         0.0262],
        [0.1148, 0.0283, 0.0350, 0.0438, 0.6155, 0.0267, 0.0310, 0.0189, 0.0600,
         0.0259],
        [0.1027, 0.4495, 0.0309, 0.0261, 0.0403, 0.0176, 0.0288, 0.0343, 0.0205,
         0.2492],
        [0.0092, 0.0066, 0.0062, 0.0225, 0.0109, 0.8992, 0.0196, 0.0093, 0.0075,
         0.0089],
        [0.0113, 0.0362, 0.0301, 0.0748, 0.0231, 0.0240, 0.1577, 0.0386, 0.5819,
         0.0223],
        [0.0266, 0.7257, 0.0254, 0.0237, 0.0314, 0.0125, 0.0223, 0.0191, 0.0143,
         0.0991],
        [0.0109, 0.0427, 0.6607, 0.0235, 0.0094, 0.0489, 0.1539, 0.0189, 0.0175,
         0.0137],
        [0.0086, 0.0181, 0.0202, 0.0247, 0.0161, 0.0146, 0.0237, 0.0347, 0.8203,
         0.0191],
        [0.0133, 0.0186, 0.0205, 0.0271, 0.0125, 0.8121, 0.0213, 0.0232, 0.0178,
         0.0336],
        [0.0143, 0.0310, 0.0191, 0.0174, 0.0086, 0.0099, 0.8629, 0.0202, 0.0070,
         0.0097],
        [0.0100, 0.8532, 0.0157, 0.0192, 0.0156, 0.0068, 0.0132, 0.0159, 0.0117,
         0.0386],
        [0.7597, 0.0446, 0.0353, 0.0206, 0.0325, 0.0218, 0.0293, 0.0250, 0.0121,
         0.0191],
        [0.0144, 0.0162, 0.0338, 0.0137, 0.0117, 0.0150, 0.0330, 0.0529, 0.7813,
         0.0282],
        [0.4850, 0.0195, 0.0307, 0.0826, 0.0137, 0.0570, 0.0238, 0.0302, 0.1695,
         0.0881],
        [0.5386, 0.0709, 0.0323, 0.0153, 0.0171, 0.0314, 0.0150, 0.0220, 0.0238,
         0.2336],
        [0.0175, 0.0139, 0.0334, 0.0270, 0.0393, 0.0125, 0.8113, 0.0146, 0.0168,
         0.0138],
        [0.0092, 0.0134, 0.0345, 0.0860, 0.0310, 0.0543, 0.0181, 0.7271, 0.0185,
         0.0077],
        [0.0226, 0.0433, 0.0264, 0.1541, 0.0488, 0.5260, 0.0323, 0.0664, 0.0318,
         0.0485],
        [0.0234, 0.0423, 0.0589, 0.5112, 0.0156, 0.0745, 0.0331, 0.0548, 0.1388,
         0.0473],
        [0.0244, 0.0258, 0.0161, 0.1852, 0.6019, 0.0343, 0.0323, 0.0247, 0.0226,
         0.0328],
        [0.0107, 0.0239, 0.8329, 0.0175, 0.0576, 0.0074, 0.0147, 0.0118, 0.0081,
         0.0154],
        [0.0252, 0.0421, 0.0296, 0.5586, 0.0309, 0.1329, 0.0862, 0.0454, 0.0228,
         0.0264],
        [0.0281, 0.0389, 0.0462, 0.0144, 0.0274, 0.6883, 0.0174, 0.0719, 0.0282,
         0.0392],
        [0.7863, 0.0171, 0.0160, 0.0195, 0.0424, 0.0215, 0.0262, 0.0384, 0.0201,
         0.0125],
        [0.0126, 0.0137, 0.1288, 0.0701, 0.6790, 0.0287, 0.0132, 0.0221, 0.0097,
         0.0221],
        [0.7075, 0.0305, 0.0392, 0.0208, 0.0342, 0.0350, 0.0270, 0.0717, 0.0117,
         0.0224],
        [0.0166, 0.0422, 0.2031, 0.0616, 0.1075, 0.2847, 0.1439, 0.0991, 0.0151,
         0.0262],
        [0.0061, 0.0251, 0.5776, 0.0548, 0.0191, 0.0126, 0.0467, 0.2351, 0.0068,
         0.0161],
        [0.0172, 0.0267, 0.0208, 0.0237, 0.0351, 0.0277, 0.0283, 0.0541, 0.7430,
         0.0234],
        [0.0221, 0.0247, 0.0189, 0.0137, 0.0228, 0.0143, 0.0201, 0.8220, 0.0205,
         0.0208],
        [0.0163, 0.0479, 0.0384, 0.1633, 0.0438, 0.3814, 0.0126, 0.2218, 0.0186,
         0.0559],
        [0.0092, 0.0144, 0.0154, 0.0326, 0.8435, 0.0246, 0.0265, 0.0089, 0.0113,
         0.0137],
        [0.0176, 0.0133, 0.0147, 0.2909, 0.0386, 0.5367, 0.0186, 0.0452, 0.0151,
         0.0093],
        [0.4125, 0.0042, 0.0153, 0.0270, 0.3359, 0.1260, 0.0124, 0.0272, 0.0277,
         0.0118],
        [0.0350, 0.0229, 0.0172, 0.1856, 0.0291, 0.4538, 0.1060, 0.0599, 0.0150,
         0.0754],
        [0.0116, 0.0306, 0.0229, 0.0285, 0.0225, 0.0206, 0.0254, 0.0425, 0.7711,
         0.0243],
        [0.0111, 0.0126, 0.0038, 0.0062, 0.9254, 0.0112, 0.0089, 0.0056, 0.0061,
         0.0092],
        [0.7522, 0.0343, 0.0100, 0.0182, 0.0190, 0.0430, 0.0210, 0.0266, 0.0165,
         0.0593],
        [0.0109, 0.0132, 0.0154, 0.8549, 0.0247, 0.0111, 0.0279, 0.0160, 0.0116,
         0.0145],
        [0.0130, 0.0332, 0.6114, 0.0693, 0.0181, 0.0344, 0.1755, 0.0131, 0.0072,
         0.0247],
        [0.0283, 0.0133, 0.0167, 0.0166, 0.0153, 0.0333, 0.0153, 0.0243, 0.0168,
         0.8200],
        [0.3894, 0.0589, 0.1960, 0.0295, 0.0439, 0.0194, 0.1002, 0.0259, 0.0719,
         0.0648],
        [0.0139, 0.0060, 0.0163, 0.1046, 0.0134, 0.0145, 0.0141, 0.0215, 0.7596,
         0.0361],
        [0.0363, 0.0413, 0.1893, 0.1778, 0.2734, 0.0528, 0.0207, 0.1630, 0.0161,
         0.0293],
        [0.0262, 0.0359, 0.0844, 0.0609, 0.0205, 0.5848, 0.1018, 0.0480, 0.0095,
         0.0279],
        [0.0235, 0.0170, 0.0537, 0.0364, 0.0424, 0.0201, 0.7402, 0.0330, 0.0112,
         0.0225],
        [0.0156, 0.0185, 0.0173, 0.0150, 0.0303, 0.0272, 0.0278, 0.0308, 0.8015,
         0.0160],
        [0.2810, 0.0197, 0.4634, 0.0688, 0.0642, 0.0208, 0.0203, 0.0248, 0.0143,
         0.0229],
        [0.8623, 0.0087, 0.0240, 0.0183, 0.0239, 0.0129, 0.0099, 0.0130, 0.0165,
         0.0104],
        [0.0275, 0.0096, 0.0197, 0.0268, 0.0121, 0.0635, 0.0173, 0.0486, 0.0176,
         0.7574],
        [0.0171, 0.6856, 0.0177, 0.0177, 0.0244, 0.0083, 0.0190, 0.0268, 0.0121,
         0.1713],
        [0.0191, 0.8312, 0.0202, 0.0199, 0.0186, 0.0102, 0.0219, 0.0199, 0.0154,
         0.0236],
        [0.8163, 0.0172, 0.0613, 0.0105, 0.0129, 0.0178, 0.0134, 0.0151, 0.0059,
         0.0297],
        [0.0219, 0.0218, 0.0248, 0.0208, 0.0281, 0.0305, 0.0351, 0.0372, 0.0275,
         0.7524],
        [0.0160, 0.0169, 0.0214, 0.0747, 0.0858, 0.0429, 0.6571, 0.0481, 0.0207,
         0.0163]], device='cuda:0', grad_fn=<SoftmaxBackward>)
>> best accuracy: 82.0	best epoch: 20

>> final recovery rate: 80.03555555555556%
>> val epoch: 25
>> current accuracy: 79.34%
outputs: tensor([[0.0149, 0.0102, 0.0206, 0.8299, 0.0372, 0.0260, 0.0192, 0.0089, 0.0113,
         0.0219],
        [0.0244, 0.0130, 0.1970, 0.2192, 0.0872, 0.0456, 0.3487, 0.0245, 0.0155,
         0.0250],
        [0.0196, 0.0109, 0.0182, 0.0199, 0.0115, 0.0188, 0.0188, 0.0111, 0.0357,
         0.8356],
        [0.0263, 0.0266, 0.0287, 0.0275, 0.1778, 0.2330, 0.4038, 0.0275, 0.0204,
         0.0284],
        [0.0175, 0.0157, 0.4390, 0.0395, 0.0393, 0.0220, 0.3720, 0.0126, 0.0223,
         0.0202],
        [0.0151, 0.0118, 0.0156, 0.0099, 0.0095, 0.0137, 0.0160, 0.0105, 0.0210,
         0.8769],
        [0.0717, 0.0121, 0.7294, 0.0116, 0.0494, 0.0073, 0.0107, 0.0166, 0.0347,
         0.0564],
        [0.0463, 0.0127, 0.0079, 0.0179, 0.0376, 0.0192, 0.0206, 0.7997, 0.0182,
         0.0200],
        [0.2111, 0.0113, 0.0348, 0.0216, 0.3608, 0.0151, 0.0145, 0.0144, 0.2445,
         0.0720],
        [0.0469, 0.0436, 0.0297, 0.0508, 0.1208, 0.0674, 0.0360, 0.5509, 0.0266,
         0.0274],
        [0.0224, 0.7567, 0.0353, 0.0169, 0.0145, 0.0371, 0.0215, 0.0360, 0.0387,
         0.0209],
        [0.0348, 0.0200, 0.0314, 0.0581, 0.0142, 0.1023, 0.0241, 0.6190, 0.0233,
         0.0729],
        [0.6998, 0.0100, 0.0501, 0.0182, 0.0132, 0.0288, 0.0227, 0.0344, 0.0992,
         0.0237],
        [0.0233, 0.0186, 0.0256, 0.0220, 0.0433, 0.7125, 0.0355, 0.0302, 0.0297,
         0.0592],
        [0.0232, 0.0236, 0.0214, 0.0141, 0.8385, 0.0109, 0.0105, 0.0070, 0.0335,
         0.0173],
        [0.0252, 0.0073, 0.0232, 0.0224, 0.0255, 0.0124, 0.0323, 0.0298, 0.7783,
         0.0434],
        [0.0286, 0.0252, 0.0829, 0.6586, 0.0145, 0.0901, 0.0085, 0.0367, 0.0294,
         0.0254],
        [0.0226, 0.7886, 0.0268, 0.0250, 0.0160, 0.0245, 0.0135, 0.0295, 0.0334,
         0.0201],
        [0.3953, 0.0192, 0.3893, 0.0190, 0.0319, 0.0111, 0.0364, 0.0297, 0.0373,
         0.0308],
        [0.0240, 0.0248, 0.0496, 0.0126, 0.0279, 0.7363, 0.0221, 0.0365, 0.0257,
         0.0407],
        [0.0390, 0.0095, 0.0174, 0.0196, 0.0118, 0.0211, 0.0236, 0.0133, 0.0611,
         0.7834],
