noise type: uniform
noise level: 0.4
when_to_apply_epoch: 25
total clean data num: 26915
probability transition matrix:
[[0.6        0.04444444 0.04444444 0.04444444 0.04444444 0.04444444
  0.04444444 0.04444444 0.04444444 0.04444444]
 [0.04444444 0.6        0.04444444 0.04444444 0.04444444 0.04444444
  0.04444444 0.04444444 0.04444444 0.04444444]
 [0.04444444 0.04444444 0.6        0.04444444 0.04444444 0.04444444
  0.04444444 0.04444444 0.04444444 0.04444444]
 [0.04444444 0.04444444 0.04444444 0.6        0.04444444 0.04444444
  0.04444444 0.04444444 0.04444444 0.04444444]
 [0.04444444 0.04444444 0.04444444 0.04444444 0.6        0.04444444
  0.04444444 0.04444444 0.04444444 0.04444444]
 [0.04444444 0.04444444 0.04444444 0.04444444 0.04444444 0.6
  0.04444444 0.04444444 0.04444444 0.04444444]
 [0.04444444 0.04444444 0.04444444 0.04444444 0.04444444 0.04444444
  0.6        0.04444444 0.04444444 0.04444444]
 [0.04444444 0.04444444 0.04444444 0.04444444 0.04444444 0.04444444
  0.04444444 0.6        0.04444444 0.04444444]
 [0.04444444 0.04444444 0.04444444 0.04444444 0.04444444 0.04444444
  0.04444444 0.04444444 0.6        0.04444444]
 [0.04444444 0.04444444 0.04444444 0.04444444 0.04444444 0.04444444
  0.04444444 0.04444444 0.04444444 0.6       ]]
>> val epoch: 0
>> current accuracy: 38.440000000000005%
outputs: tensor([[0.0610, 0.0566, 0.1196, 0.1009, 0.1573, 0.1240, 0.0820, 0.1864, 0.0530,
         0.0593],
        [0.0514, 0.0416, 0.1183, 0.0773, 0.2040, 0.1353, 0.1695, 0.1242, 0.0390,
         0.0395],
        [0.2707, 0.0405, 0.1540, 0.0862, 0.1018, 0.0754, 0.0603, 0.0639, 0.0952,
         0.0520],
        [0.0888, 0.2517, 0.0626, 0.0497, 0.0873, 0.0591, 0.0539, 0.0581, 0.1457,
         0.1431],
        [0.0856, 0.0460, 0.1572, 0.0583, 0.2267, 0.0727, 0.1140, 0.0716, 0.1062,
         0.0618],
        [0.1221, 0.0448, 0.1167, 0.1361, 0.1009, 0.1500, 0.0733, 0.1189, 0.0620,
         0.0752],
        [0.1914, 0.1066, 0.0547, 0.0450, 0.0610, 0.0377, 0.0610, 0.0791, 0.1832,
         0.1804],
        [0.0567, 0.0572, 0.0923, 0.1109, 0.1610, 0.1281, 0.1590, 0.1211, 0.0618,
         0.0518],
        [0.0574, 0.0422, 0.1620, 0.0692, 0.3227, 0.0721, 0.1182, 0.0707, 0.0503,
         0.0351],
        [0.0677, 0.0334, 0.1515, 0.1064, 0.1206, 0.1245, 0.0911, 0.1990, 0.0397,
         0.0661],
        [0.0491, 0.0543, 0.1160, 0.0918, 0.1882, 0.1204, 0.1873, 0.1064, 0.0475,
         0.0389],
        [0.0540, 0.0462, 0.1716, 0.1023, 0.2351, 0.1277, 0.1162, 0.0721, 0.0404,
         0.0344],
        [0.0903, 0.3137, 0.0368, 0.0473, 0.0367, 0.0340, 0.0432, 0.0507, 0.0812,
         0.2660],
        [0.0817, 0.0763, 0.0669, 0.0707, 0.0612, 0.0708, 0.0755, 0.1756, 0.0514,
         0.2701],
        [0.0605, 0.0659, 0.1363, 0.1098, 0.1349, 0.1232, 0.1038, 0.1048, 0.0735,
         0.0875],
        [0.1465, 0.0894, 0.0919, 0.0619, 0.0804, 0.0509, 0.0608, 0.0735, 0.1750,
         0.1696],
        [0.0505, 0.0461, 0.1441, 0.1340, 0.1698, 0.1768, 0.1331, 0.0625, 0.0475,
         0.0355],
        [0.0679, 0.0470, 0.1540, 0.0599, 0.3008, 0.0740, 0.0990, 0.1009, 0.0573,
         0.0393],
        [0.2277, 0.0336, 0.1720, 0.0696, 0.1316, 0.0573, 0.0552, 0.0605, 0.1238,
         0.0688],
        [0.1120, 0.1747, 0.0642, 0.0721, 0.0582, 0.0681, 0.0560, 0.0957, 0.1052,
         0.1940],
        [0.2132, 0.1095, 0.0657, 0.0483, 0.0696, 0.0464, 0.0740, 0.0928, 0.1232,
         0.1574],
        [0.1789, 0.0429, 0.1290, 0.0478, 0.1125, 0.0596, 0.0821, 0.1655, 0.0730,
         0.1088],
        [0.0713, 0.4227, 0.0314, 0.0490, 0.0362, 0.0528, 0.0343, 0.0367, 0.1002,
         0.1653],
        [0.1286, 0.1041, 0.0657, 0.0538, 0.0717, 0.0436, 0.0631, 0.1852, 0.0696,
         0.2146],
        [0.0472, 0.0458, 0.1086, 0.1177, 0.1592, 0.1279, 0.2377, 0.0811, 0.0391,
         0.0357],
        [0.0646, 0.0616, 0.1246, 0.0731, 0.2044, 0.0767, 0.1859, 0.0923, 0.0634,
         0.0533],
        [0.1078, 0.0473, 0.1298, 0.0714, 0.1605, 0.0933, 0.0837, 0.1005, 0.1143,
         0.0916],
        [0.2108, 0.0367, 0.1393, 0.0708, 0.1362, 0.0883, 0.0606, 0.0629, 0.1465,
         0.0479],
        [0.0557, 0.0522, 0.1849, 0.0681, 0.2781, 0.0801, 0.1345, 0.0576, 0.0521,
         0.0366],
        [0.0885, 0.2248, 0.0541, 0.0757, 0.0729, 0.0787, 0.0531, 0.0390, 0.2108,
         0.1023],
        [0.3789, 0.0511, 0.0730, 0.0396, 0.0905, 0.0308, 0.0501, 0.0365, 0.2142,
         0.0353],
        [0.0760, 0.0478, 0.1290, 0.0680, 0.1730, 0.1084, 0.0876, 0.2003, 0.0489,
         0.0609],
        [0.0635, 0.0505, 0.1038, 0.1564, 0.1147, 0.2621, 0.0496, 0.1053, 0.0498,
         0.0443],
        [0.0605, 0.0656, 0.0969, 0.1597, 0.1263, 0.1822, 0.0856, 0.1106, 0.0647,
         0.0480],
        [0.1448, 0.0677, 0.0925, 0.0614, 0.1190, 0.0713, 0.0548, 0.0448, 0.2527,
         0.0910],
        [0.0543, 0.0477, 0.1059, 0.1131, 0.1155, 0.1663, 0.1102, 0.1825, 0.0384,
         0.0662],
        [0.0488, 0.0503, 0.2550, 0.0574, 0.2709, 0.0754, 0.1042, 0.0590, 0.0418,
         0.0371],
        [0.0847, 0.1194, 0.0897, 0.0869, 0.0944, 0.0971, 0.0639, 0.1034, 0.1126,
         0.1480],
        [0.0515, 0.5687, 0.0261, 0.0428, 0.0296, 0.0392, 0.0279, 0.0283, 0.0449,
         0.1411],
        [0.0646, 0.0897, 0.0903, 0.0778, 0.1276, 0.0738, 0.2463, 0.0665, 0.0528,
         0.1107],
        [0.0511, 0.0417, 0.1687, 0.0607, 0.3058, 0.0576, 0.1817, 0.0541, 0.0446,
         0.0339],
        [0.0604, 0.0453, 0.2013, 0.0572, 0.2710, 0.0768, 0.1274, 0.0778, 0.0392,
         0.0436],
        [0.0394, 0.0339, 0.0928, 0.1379, 0.1230, 0.1927, 0.1853, 0.1243, 0.0381,
         0.0325],
        [0.0732, 0.0649, 0.0985, 0.0714, 0.1340, 0.0827, 0.1958, 0.1124, 0.0662,
         0.1008],
        [0.1609, 0.1158, 0.0828, 0.0703, 0.0920, 0.0841, 0.0644, 0.1063, 0.1375,
         0.0860],
        [0.0711, 0.0651, 0.1030, 0.1065, 0.0910, 0.1539, 0.0739, 0.1731, 0.0515,
         0.1108],
        [0.0776, 0.0351, 0.1395, 0.1822, 0.1142, 0.2476, 0.0582, 0.0676, 0.0470,
         0.0309],
        [0.0888, 0.1500, 0.0812, 0.0570, 0.0925, 0.0651, 0.0560, 0.0674, 0.1428,
         0.1991],
        [0.0911, 0.1106, 0.0893, 0.0810, 0.0974, 0.0954, 0.0774, 0.1491, 0.0717,
         0.1371],
        [0.0935, 0.2598, 0.0623, 0.0605, 0.0730, 0.0624, 0.0463, 0.0893, 0.0931,
         0.1598],
        [0.0430, 0.0401, 0.1145, 0.1512, 0.1195, 0.2340, 0.1595, 0.0760, 0.0338,
         0.0285],
        [0.0417, 0.0405, 0.1002, 0.1260, 0.1342, 0.1917, 0.1796, 0.1091, 0.0439,
         0.0331],
        [0.1603, 0.0488, 0.1221, 0.0906, 0.0948, 0.1070, 0.0759, 0.1646, 0.0539,
         0.0820],
        [0.1192, 0.1340, 0.0439, 0.0549, 0.0632, 0.0546, 0.0614, 0.0453, 0.1994,
         0.2242],
        [0.1067, 0.0770, 0.0802, 0.0852, 0.0841, 0.0997, 0.0554, 0.1511, 0.0748,
         0.1859],
        [0.0830, 0.0597, 0.0925, 0.0688, 0.1043, 0.0694, 0.1720, 0.1815, 0.0562,
         0.1125],
        [0.0540, 0.0540, 0.0742, 0.1110, 0.0872, 0.1186, 0.1235, 0.2402, 0.0366,
         0.1007],
        [0.0776, 0.1474, 0.0978, 0.0919, 0.0836, 0.1105, 0.0754, 0.0793, 0.0889,
         0.1476],
        [0.0682, 0.0657, 0.0956, 0.0838, 0.1389, 0.1017, 0.2058, 0.1056, 0.0579,
         0.0766],
        [0.0556, 0.0439, 0.1402, 0.1310, 0.2043, 0.1412, 0.0922, 0.1021, 0.0493,
         0.0403],
        [0.0920, 0.2542, 0.0486, 0.0510, 0.0486, 0.0514, 0.0557, 0.0750, 0.0837,
         0.2397],
        [0.1458, 0.0314, 0.1570, 0.0936, 0.1307, 0.1083, 0.0754, 0.0967, 0.0980,
         0.0632],
        [0.3481, 0.0261, 0.1053, 0.0577, 0.0883, 0.0635, 0.0562, 0.0697, 0.1346,
         0.0506],
        [0.0742, 0.3231, 0.0451, 0.0530, 0.0517, 0.0742, 0.0415, 0.0562, 0.1002,
         0.1807],
        [0.0493, 0.0536, 0.1571, 0.0882, 0.2432, 0.1264, 0.1088, 0.0873, 0.0493,
         0.0367],
        [0.1128, 0.0848, 0.0970, 0.0555, 0.0896, 0.0572, 0.0649, 0.0616, 0.1685,
         0.2080],
        [0.3365, 0.0870, 0.0756, 0.0489, 0.0754, 0.0400, 0.0641, 0.0621, 0.1286,
         0.0818],
        [0.1067, 0.1362, 0.0452, 0.0586, 0.0477, 0.0527, 0.0575, 0.0894, 0.0813,
         0.3246],
        [0.0744, 0.0917, 0.0661, 0.0559, 0.0842, 0.0610, 0.1000, 0.1131, 0.0548,
         0.2988],
        [0.0830, 0.0604, 0.1391, 0.0801, 0.1550, 0.0939, 0.0909, 0.1608, 0.0693,
         0.0675],
        [0.0545, 0.0466, 0.1182, 0.0967, 0.1866, 0.0982, 0.2454, 0.0601, 0.0552,
         0.0384],
        [0.1474, 0.1179, 0.0838, 0.0702, 0.0649, 0.0533, 0.0753, 0.0571, 0.1772,
         0.1530]], device='cuda:0', grad_fn=<SoftmaxBackward>)
>> best accuracy: 38.440000000000005	best epoch: 0

>> final recovery rate: 59.81111111111112%
>> val epoch: 5
>> current accuracy: 60.760000000000005%
outputs: tensor([[0.0533, 0.0503, 0.0570, 0.0786, 0.2159, 0.0691, 0.3001, 0.0483, 0.0834,
         0.0439],
        [0.0915, 0.0650, 0.1399, 0.1257, 0.0539, 0.0671, 0.0538, 0.0571, 0.0876,
         0.2586],
        [0.0717, 0.0372, 0.2011, 0.2556, 0.0374, 0.1906, 0.0499, 0.0576, 0.0399,
         0.0591],
        [0.0505, 0.4760, 0.0353, 0.0619, 0.0351, 0.0220, 0.0539, 0.0473, 0.0267,
         0.1913],
        [0.0472, 0.0372, 0.0404, 0.0522, 0.0262, 0.0228, 0.0722, 0.0440, 0.0305,
         0.6274],
        [0.0627, 0.0431, 0.1437, 0.0748, 0.0803, 0.1290, 0.0635, 0.3096, 0.0471,
         0.0462],
        [0.0879, 0.0466, 0.3013, 0.0732, 0.0752, 0.0568, 0.1847, 0.0474, 0.0557,
         0.0712],
        [0.0496, 0.0415, 0.0817, 0.2349, 0.0713, 0.3284, 0.0708, 0.0475, 0.0426,
         0.0317],
        [0.0467, 0.0501, 0.1679, 0.0941, 0.0960, 0.0746, 0.3303, 0.0463, 0.0466,
         0.0474],
        [0.0677, 0.0341, 0.0385, 0.0455, 0.4378, 0.0884, 0.0469, 0.1376, 0.0552,
         0.0483],
        [0.1088, 0.0896, 0.0312, 0.0448, 0.0242, 0.0212, 0.0473, 0.0301, 0.0287,
         0.5741],
        [0.1132, 0.0284, 0.0749, 0.0507, 0.1637, 0.0521, 0.0468, 0.0457, 0.3868,
         0.0377],
        [0.1330, 0.1624, 0.0697, 0.0606, 0.1375, 0.0476, 0.1267, 0.1229, 0.0605,
         0.0791],
        [0.0704, 0.4615, 0.0436, 0.0527, 0.0420, 0.0446, 0.0576, 0.0528, 0.0388,
         0.1359],
        [0.0550, 0.0522, 0.2722, 0.1283, 0.1302, 0.0889, 0.0418, 0.0642, 0.1150,
         0.0522],
        [0.0672, 0.0300, 0.0287, 0.0399, 0.0283, 0.0224, 0.0320, 0.0556, 0.0264,
         0.6695],
        [0.0389, 0.0401, 0.2841, 0.2717, 0.0470, 0.1313, 0.0671, 0.0352, 0.0463,
         0.0383],
        [0.0434, 0.0419, 0.0692, 0.0416, 0.2399, 0.0339, 0.3992, 0.0342, 0.0458,
         0.0509],
        [0.0541, 0.0400, 0.1526, 0.2078, 0.0596, 0.1583, 0.1082, 0.0613, 0.0953,
         0.0628],
        [0.0552, 0.0416, 0.0443, 0.1324, 0.0472, 0.3916, 0.0354, 0.1413, 0.0558,
         0.0552],
        [0.4639, 0.0404, 0.0983, 0.0486, 0.1103, 0.0197, 0.0565, 0.0865, 0.0355,
         0.0402],
        [0.0374, 0.0376, 0.2734, 0.1910, 0.0556, 0.0904, 0.1960, 0.0363, 0.0382,
         0.0443],
        [0.0466, 0.0490, 0.0386, 0.1210, 0.1939, 0.1812, 0.1729, 0.1004, 0.0506,
         0.0458],
        [0.0547, 0.0488, 0.0245, 0.0358, 0.0165, 0.0130, 0.0263, 0.0248, 0.0257,
         0.7298],
        [0.0518, 0.0412, 0.2023, 0.1814, 0.0994, 0.1065, 0.1267, 0.0865, 0.0458,
         0.0585],
        [0.0529, 0.0519, 0.1126, 0.2303, 0.0843, 0.2887, 0.0322, 0.0648, 0.0384,
         0.0440],
        [0.1781, 0.0520, 0.2327, 0.0453, 0.1626, 0.0458, 0.0693, 0.0817, 0.0624,
         0.0701],
        [0.1721, 0.1121, 0.0903, 0.0740, 0.0540, 0.0383, 0.2872, 0.0461, 0.0469,
         0.0791],
        [0.0713, 0.0345, 0.1363, 0.0798, 0.1711, 0.1547, 0.0348, 0.1860, 0.0857,
         0.0457],
        [0.0494, 0.0401, 0.0897, 0.1324, 0.0917, 0.3400, 0.0471, 0.1147, 0.0454,
         0.0496],
        [0.0455, 0.0412, 0.0894, 0.0988, 0.1569, 0.2498, 0.0777, 0.1320, 0.0512,
         0.0576],
        [0.1101, 0.0720, 0.0517, 0.0493, 0.1335, 0.0391, 0.1976, 0.0688, 0.0879,
         0.1901],
        [0.0639, 0.6027, 0.0330, 0.0350, 0.0365, 0.0259, 0.0385, 0.0347, 0.0701,
         0.0596],
        [0.0892, 0.1199, 0.1431, 0.1262, 0.0371, 0.0702, 0.0719, 0.0395, 0.0721,
         0.2308],
        [0.0477, 0.0324, 0.1919, 0.0487, 0.3781, 0.0629, 0.1021, 0.0493, 0.0404,
         0.0466],
        [0.0756, 0.3708, 0.0411, 0.0621, 0.0327, 0.0247, 0.0356, 0.0365, 0.0373,
         0.2838],
        [0.0669, 0.0383, 0.1515, 0.0824, 0.1605, 0.0620, 0.2508, 0.0410, 0.1048,
         0.0417],
        [0.1762, 0.1857, 0.1132, 0.0947, 0.0504, 0.0609, 0.0981, 0.0602, 0.1134,
         0.0473],
        [0.0474, 0.0339, 0.0734, 0.3639, 0.0516, 0.2537, 0.0374, 0.0477, 0.0574,
         0.0336],
        [0.1321, 0.0437, 0.0487, 0.0434, 0.0459, 0.0458, 0.0390, 0.0399, 0.5185,
         0.0429],
        [0.0548, 0.0357, 0.0792, 0.1301, 0.0667, 0.4210, 0.0417, 0.0818, 0.0477,
         0.0414],
        [0.0776, 0.0382, 0.0958, 0.0971, 0.1919, 0.1487, 0.0816, 0.1725, 0.0576,
         0.0392],
        [0.0425, 0.0380, 0.0374, 0.0480, 0.0351, 0.0259, 0.6467, 0.0284, 0.0548,
         0.0432],
        [0.2184, 0.0411, 0.0415, 0.0466, 0.0462, 0.0432, 0.0402, 0.0503, 0.4084,
         0.0640],
        [0.0851, 0.4702, 0.0354, 0.0534, 0.0365, 0.0416, 0.0458, 0.0391, 0.0783,
         0.1145],
        [0.4132, 0.0910, 0.0501, 0.0600, 0.0575, 0.0274, 0.0550, 0.0515, 0.0938,
         0.1005],
        [0.0592, 0.0331, 0.0669, 0.1730, 0.0515, 0.4421, 0.0284, 0.0728, 0.0406,
         0.0325],
        [0.0334, 0.0353, 0.1452, 0.2791, 0.0737, 0.1050, 0.2116, 0.0396, 0.0412,
         0.0360],
        [0.0698, 0.0510, 0.0880, 0.0432, 0.3457, 0.0721, 0.0729, 0.1628, 0.0552,
         0.0392],
        [0.0419, 0.0347, 0.0338, 0.0670, 0.0457, 0.0260, 0.6076, 0.0345, 0.0747,
         0.0341],
        [0.1261, 0.3111, 0.0438, 0.0601, 0.0515, 0.0503, 0.0550, 0.0518, 0.2097,
         0.0405],
        [0.1020, 0.1095, 0.0948, 0.0776, 0.0857, 0.0816, 0.0618, 0.2590, 0.0520,
         0.0760],
        [0.0701, 0.6723, 0.0273, 0.0308, 0.0254, 0.0256, 0.0431, 0.0333, 0.0338,
         0.0384],
        [0.0474, 0.0297, 0.4153, 0.0504, 0.2366, 0.0710, 0.0538, 0.0259, 0.0365,
         0.0335],
        [0.2179, 0.1311, 0.0731, 0.0768, 0.0524, 0.0481, 0.0629, 0.0485, 0.1531,
         0.1362],
        [0.0429, 0.0322, 0.1235, 0.3714, 0.0666, 0.1236, 0.0961, 0.0466, 0.0532,
         0.0439],
        [0.0603, 0.0271, 0.0228, 0.0272, 0.0385, 0.0343, 0.0280, 0.0393, 0.6531,
         0.0695],
        [0.0516, 0.0282, 0.0297, 0.0214, 0.0364, 0.0306, 0.0273, 0.0355, 0.6952,
         0.0443],
        [0.0669, 0.0349, 0.1311, 0.2153, 0.1191, 0.1283, 0.0661, 0.0964, 0.0496,
         0.0922],
        [0.0495, 0.0416, 0.0907, 0.2144, 0.1498, 0.0906, 0.2130, 0.0651, 0.0369,
         0.0484],
        [0.0450, 0.0436, 0.0426, 0.0340, 0.5295, 0.0465, 0.0566, 0.1117, 0.0453,
         0.0452],
        [0.0358, 0.0421, 0.0795, 0.3937, 0.0859, 0.1322, 0.0925, 0.0478, 0.0519,
         0.0386],
        [0.1004, 0.0847, 0.0477, 0.0626, 0.0532, 0.0600, 0.0455, 0.0490, 0.4320,
         0.0649],
        [0.0436, 0.0417, 0.0927, 0.0496, 0.0829, 0.0295, 0.5148, 0.0355, 0.0646,
         0.0451],
        [0.1053, 0.0674, 0.0368, 0.1024, 0.0379, 0.0405, 0.0795, 0.0851, 0.0327,
         0.4124],
        [0.0622, 0.0476, 0.1481, 0.1323, 0.0685, 0.3079, 0.0618, 0.0630, 0.0646,
         0.0441],
        [0.1627, 0.0604, 0.0421, 0.0448, 0.0419, 0.0289, 0.0442, 0.0513, 0.2038,
         0.3199],
        [0.2836, 0.0727, 0.0630, 0.0584, 0.0669, 0.0247, 0.0530, 0.0583, 0.1222,
         0.1972],
        [0.0660, 0.0525, 0.0891, 0.0623, 0.2077, 0.0954, 0.0406, 0.2930, 0.0648,
         0.0287],
        [0.3074, 0.0502, 0.0471, 0.0391, 0.0541, 0.0245, 0.0474, 0.0835, 0.0851,
         0.2615],
        [0.2322, 0.0927, 0.0734, 0.0850, 0.0683, 0.0479, 0.0524, 0.0695, 0.1687,
         0.1098],
        [0.1258, 0.0351, 0.0673, 0.1180, 0.2711, 0.0710, 0.0668, 0.1496, 0.0556,
         0.0397]], device='cuda:0', grad_fn=<SoftmaxBackward>)
>> best accuracy: 60.760000000000005	best epoch: 5

>> final recovery rate: 59.81111111111112%
>> val epoch: 10
>> current accuracy: 70.72%
outputs: tensor([[0.7399, 0.0415, 0.0308, 0.0392, 0.0265, 0.0170, 0.0268, 0.0210, 0.0263,
         0.0310],
        [0.0756, 0.0515, 0.0260, 0.0462, 0.0310, 0.0326, 0.0362, 0.0362, 0.0452,
         0.6196],
        [0.0310, 0.0549, 0.1020, 0.4880, 0.0713, 0.0581, 0.0625, 0.0347, 0.0678,
         0.0298],
        [0.0534, 0.0464, 0.1199, 0.1857, 0.1576, 0.0784, 0.1728, 0.0688, 0.0668,
         0.0502],
        [0.0792, 0.0417, 0.0419, 0.0896, 0.1876, 0.1207, 0.0393, 0.3056, 0.0552,
         0.0390],
        [0.1137, 0.0992, 0.2652, 0.0739, 0.0780, 0.0768, 0.0428, 0.1246, 0.0595,
         0.0662],
        [0.0527, 0.1066, 0.0395, 0.0446, 0.0553, 0.0330, 0.0312, 0.0333, 0.0435,
         0.5603],
        [0.0648, 0.0493, 0.1016, 0.3878, 0.0651, 0.2035, 0.0419, 0.0256, 0.0302,
         0.0302],
        [0.0224, 0.0160, 0.0106, 0.0193, 0.8188, 0.0228, 0.0175, 0.0354, 0.0178,
         0.0195],
        [0.0572, 0.1783, 0.0517, 0.1046, 0.2025, 0.0513, 0.0282, 0.0906, 0.1855,
         0.0500],
        [0.0800, 0.5532, 0.0421, 0.0542, 0.0389, 0.0602, 0.0453, 0.0429, 0.0345,
         0.0489],
        [0.0463, 0.0407, 0.1126, 0.1934, 0.2480, 0.1133, 0.0695, 0.0505, 0.0884,
         0.0372],
        [0.0522, 0.0466, 0.1512, 0.0680, 0.4101, 0.0482, 0.0334, 0.0948, 0.0570,
         0.0386],
        [0.0458, 0.0379, 0.0505, 0.1353, 0.0540, 0.4956, 0.0413, 0.0492, 0.0439,
         0.0464],
        [0.0383, 0.0383, 0.1706, 0.2904, 0.0801, 0.1490, 0.0936, 0.0399, 0.0621,
         0.0375],
        [0.0742, 0.0633, 0.0596, 0.0723, 0.0437, 0.3708, 0.0312, 0.1459, 0.0744,
         0.0644],
        [0.0529, 0.0620, 0.1461, 0.1827, 0.1978, 0.1658, 0.0752, 0.0424, 0.0368,
         0.0384],
        [0.0706, 0.0933, 0.0435, 0.0493, 0.0455, 0.0362, 0.0358, 0.0453, 0.0240,
         0.5564],
        [0.0159, 0.0251, 0.0376, 0.0186, 0.0395, 0.0498, 0.0219, 0.0212, 0.7331,
         0.0372],
        [0.0435, 0.0834, 0.0641, 0.2750, 0.1046, 0.1716, 0.0760, 0.0947, 0.0513,
         0.0358],
        [0.0519, 0.0388, 0.0894, 0.0469, 0.0599, 0.0362, 0.5685, 0.0349, 0.0350,
         0.0385],
        [0.2700, 0.0426, 0.0320, 0.0543, 0.0328, 0.0226, 0.0297, 0.0345, 0.0419,
         0.4396],
        [0.0762, 0.0288, 0.0402, 0.0496, 0.0379, 0.0364, 0.0361, 0.0718, 0.0403,
         0.5827],
        [0.0429, 0.1325, 0.0446, 0.2493, 0.1186, 0.1020, 0.0322, 0.0357, 0.1514,
         0.0908],
        [0.0519, 0.0585, 0.0433, 0.0665, 0.3026, 0.0482, 0.0682, 0.2880, 0.0357,
         0.0372],
        [0.0349, 0.0338, 0.0190, 0.0425, 0.0721, 0.0281, 0.0374, 0.6846, 0.0278,
         0.0197],
        [0.1370, 0.0573, 0.3071, 0.0615, 0.0998, 0.0342, 0.0263, 0.0336, 0.1978,
         0.0454],
        [0.0380, 0.0621, 0.1546, 0.2391, 0.0750, 0.2019, 0.0337, 0.0610, 0.0685,
         0.0661],
        [0.0512, 0.0438, 0.3626, 0.0488, 0.0532, 0.0332, 0.2753, 0.0331, 0.0673,
         0.0314],
        [0.0418, 0.0448, 0.0548, 0.0573, 0.2639, 0.0388, 0.0298, 0.3904, 0.0450,
         0.0334],
        [0.0976, 0.0382, 0.0547, 0.0476, 0.2047, 0.0559, 0.0325, 0.3812, 0.0524,
         0.0353],
        [0.4452, 0.0436, 0.1016, 0.0302, 0.1269, 0.0250, 0.0281, 0.0347, 0.1320,
         0.0327],
        [0.0571, 0.0559, 0.0395, 0.1051, 0.1262, 0.0704, 0.3143, 0.1232, 0.0701,
         0.0383],
        [0.1386, 0.1439, 0.0498, 0.1438, 0.1132, 0.0755, 0.0321, 0.0669, 0.1511,
         0.0851],
        [0.0464, 0.0420, 0.0668, 0.1542, 0.0363, 0.5095, 0.0406, 0.0300, 0.0337,
         0.0405],
        [0.0460, 0.0588, 0.0796, 0.2280, 0.0875, 0.0508, 0.2612, 0.0572, 0.0699,
         0.0610],
        [0.0489, 0.0376, 0.0642, 0.0383, 0.0850, 0.0412, 0.5726, 0.0354, 0.0462,
         0.0307],
        [0.0363, 0.0386, 0.0483, 0.0738, 0.0368, 0.0333, 0.6308, 0.0356, 0.0369,
         0.0296],
        [0.2726, 0.0601, 0.1716, 0.1337, 0.0632, 0.0999, 0.0724, 0.0444, 0.0469,
         0.0352],
        [0.0450, 0.2564, 0.0434, 0.0591, 0.0401, 0.0285, 0.0317, 0.0376, 0.0464,
         0.4118],
        [0.1029, 0.3053, 0.0351, 0.0778, 0.0439, 0.0496, 0.1282, 0.0547, 0.0401,
         0.1625],
        [0.0761, 0.0320, 0.0388, 0.0297, 0.0574, 0.0503, 0.0204, 0.0303, 0.6321,
         0.0329],
        [0.0311, 0.0340, 0.0455, 0.0261, 0.0537, 0.0601, 0.0234, 0.0301, 0.6483,
         0.0476],
        [0.0387, 0.0429, 0.0569, 0.1177, 0.1249, 0.3931, 0.0291, 0.0997, 0.0587,
         0.0381],
        [0.0511, 0.0569, 0.0608, 0.0535, 0.1208, 0.1307, 0.0426, 0.3628, 0.0583,
         0.0626],
        [0.4676, 0.0427, 0.0726, 0.0590, 0.0846, 0.0331, 0.0369, 0.0323, 0.1367,
         0.0345],
        [0.0383, 0.3532, 0.0407, 0.0596, 0.0627, 0.0627, 0.0588, 0.0422, 0.0693,
         0.2124],
        [0.0203, 0.0510, 0.0499, 0.5898, 0.0763, 0.0570, 0.0610, 0.0326, 0.0323,
         0.0298],
        [0.0293, 0.6932, 0.0175, 0.0351, 0.0398, 0.0274, 0.0335, 0.0329, 0.0325,
         0.0588],
        [0.1010, 0.0571, 0.0457, 0.0538, 0.0374, 0.0313, 0.0449, 0.0371, 0.0684,
         0.5235],
        [0.5153, 0.0639, 0.0655, 0.0395, 0.0333, 0.0249, 0.0333, 0.0349, 0.1542,
         0.0351],
        [0.0410, 0.0480, 0.0916, 0.1226, 0.2569, 0.1282, 0.0874, 0.1107, 0.0741,
         0.0395],
        [0.0644, 0.5831, 0.0287, 0.0492, 0.0419, 0.0331, 0.0462, 0.0397, 0.0485,
         0.0652],
        [0.0751, 0.0417, 0.3258, 0.0758, 0.1095, 0.0383, 0.1924, 0.0324, 0.0762,
         0.0327],
        [0.0438, 0.0549, 0.0436, 0.2133, 0.0625, 0.0846, 0.2905, 0.0458, 0.1112,
         0.0499],
        [0.0317, 0.0567, 0.2577, 0.3639, 0.0754, 0.0364, 0.0255, 0.0596, 0.0567,
         0.0364],
        [0.0833, 0.0283, 0.6062, 0.0401, 0.0475, 0.0472, 0.0379, 0.0193, 0.0661,
         0.0241],
        [0.0870, 0.5588, 0.0379, 0.0511, 0.0370, 0.0468, 0.0291, 0.0490, 0.0271,
         0.0761],
        [0.0339, 0.0347, 0.0906, 0.1958, 0.0511, 0.4328, 0.0462, 0.0263, 0.0475,
         0.0411],
        [0.0325, 0.6278, 0.0415, 0.0399, 0.0352, 0.0409, 0.0304, 0.0339, 0.0351,
         0.0828],
        [0.0848, 0.0998, 0.0287, 0.0586, 0.1281, 0.0530, 0.0417, 0.3848, 0.0497,
         0.0709],
        [0.0510, 0.0423, 0.0291, 0.0582, 0.0581, 0.0451, 0.0249, 0.6126, 0.0420,
         0.0367],
        [0.0429, 0.0341, 0.0569, 0.0403, 0.0594, 0.3834, 0.0379, 0.2564, 0.0467,
         0.0421],
        [0.0428, 0.0556, 0.0334, 0.1516, 0.1609, 0.3259, 0.0298, 0.1264, 0.0333,
         0.0403],
        [0.0533, 0.0361, 0.0489, 0.0292, 0.0493, 0.0350, 0.6422, 0.0337, 0.0404,
         0.0320],
        [0.0315, 0.0562, 0.2221, 0.2074, 0.0482, 0.1127, 0.0650, 0.0622, 0.0572,
         0.1374],
        [0.0686, 0.1433, 0.0368, 0.0554, 0.0555, 0.0327, 0.0412, 0.0429, 0.0600,
         0.4636],
        [0.0463, 0.3820, 0.0508, 0.2326, 0.0433, 0.0310, 0.0293, 0.0477, 0.1077,
         0.0292],
        [0.0405, 0.0524, 0.0755, 0.1046, 0.0445, 0.0548, 0.4834, 0.0429, 0.0587,
         0.0427],
        [0.0792, 0.0694, 0.1783, 0.0331, 0.3244, 0.0449, 0.0548, 0.1221, 0.0555,
         0.0383],
        [0.0394, 0.0307, 0.0396, 0.0506, 0.0394, 0.0377, 0.0284, 0.0218, 0.6620,
         0.0504],
        [0.1634, 0.1591, 0.1026, 0.0636, 0.0989, 0.0519, 0.0833, 0.0302, 0.1617,
         0.0853]], device='cuda:0', grad_fn=<SoftmaxBackward>)
>> best accuracy: 70.72	best epoch: 10

>> final recovery rate: 59.81111111111112%
>> val epoch: 15
>> current accuracy: 73.4%
outputs: tensor([[0.0588, 0.1081, 0.1026, 0.0719, 0.3023, 0.1451, 0.0430, 0.0536, 0.0373,
         0.0774],
        [0.0935, 0.0586, 0.5206, 0.0517, 0.0645, 0.0344, 0.0693, 0.0219, 0.0319,
         0.0535],
        [0.1149, 0.0625, 0.5695, 0.0271, 0.0388, 0.0262, 0.0312, 0.0236, 0.0534,
         0.0527],
        [0.2804, 0.0524, 0.1340, 0.1138, 0.0768, 0.0591, 0.0625, 0.0415, 0.1050,
         0.0744],
        [0.0380, 0.0344, 0.0313, 0.5689, 0.0572, 0.0950, 0.0412, 0.0541, 0.0326,
         0.0474],
        [0.1664, 0.0414, 0.0595, 0.0469, 0.1562, 0.0651, 0.0635, 0.0430, 0.2829,
         0.0752],
        [0.0256, 0.6258, 0.0399, 0.0440, 0.0423, 0.0343, 0.0313, 0.0376, 0.0508,
         0.0684],
        [0.0270, 0.0239, 0.0279, 0.0234, 0.0732, 0.0410, 0.7034, 0.0335, 0.0246,
         0.0222],
        [0.0764, 0.0531, 0.0518, 0.0307, 0.0504, 0.1092, 0.0514, 0.0342, 0.4881,
         0.0548],
        [0.0247, 0.0244, 0.0313, 0.0144, 0.6949, 0.0336, 0.0191, 0.0968, 0.0303,
         0.0305],
        [0.0474, 0.6452, 0.0354, 0.0375, 0.0456, 0.0399, 0.0408, 0.0403, 0.0314,
         0.0364],
        [0.0605, 0.0955, 0.0495, 0.0503, 0.2058, 0.0572, 0.0969, 0.2124, 0.0749,
         0.0970],
        [0.0306, 0.0496, 0.1595, 0.0759, 0.0504, 0.3422, 0.0508, 0.1270, 0.0512,
         0.0628],
        [0.0317, 0.0487, 0.0410, 0.0455, 0.0463, 0.1369, 0.0388, 0.0386, 0.5051,
         0.0675],
        [0.6489, 0.0397, 0.0659, 0.0228, 0.0607, 0.0243, 0.0281, 0.0338, 0.0336,
         0.0420],
        [0.0272, 0.0273, 0.0381, 0.0320, 0.0460, 0.0269, 0.6827, 0.0387, 0.0405,
         0.0407],
        [0.0277, 0.0440, 0.1086, 0.0888, 0.4191, 0.1166, 0.0379, 0.0586, 0.0364,
         0.0623],
        [0.0585, 0.4051, 0.0495, 0.0396, 0.0527, 0.0579, 0.0695, 0.0501, 0.1288,
         0.0883],
        [0.0335, 0.0374, 0.1253, 0.3575, 0.0539, 0.0719, 0.0887, 0.0408, 0.1203,
         0.0707],
        [0.0443, 0.0465, 0.0820, 0.4215, 0.0562, 0.1127, 0.0531, 0.0513, 0.0861,
         0.0464],
        [0.0459, 0.0370, 0.3245, 0.0350, 0.0362, 0.0378, 0.3622, 0.0280, 0.0459,
         0.0476],
        [0.0374, 0.0473, 0.1431, 0.0536, 0.0680, 0.0404, 0.5111, 0.0248, 0.0243,
         0.0500],
        [0.0955, 0.0498, 0.0930, 0.2277, 0.0958, 0.0999, 0.1733, 0.0389, 0.0574,
         0.0686],
        [0.5793, 0.0403, 0.0846, 0.0472, 0.0434, 0.0366, 0.0287, 0.0466, 0.0222,
         0.0711],
        [0.0381, 0.0368, 0.3430, 0.0622, 0.2506, 0.0893, 0.0275, 0.0606, 0.0404,
         0.0515],
        [0.0723, 0.0381, 0.0478, 0.0398, 0.0467, 0.0577, 0.0319, 0.0392, 0.5614,
         0.0650],
        [0.0409, 0.0340, 0.0398, 0.0535, 0.3445, 0.0604, 0.0353, 0.3070, 0.0320,
         0.0523],
        [0.0382, 0.0540, 0.1375, 0.0554, 0.3152, 0.1782, 0.0336, 0.0811, 0.0553,
         0.0515],
        [0.0329, 0.0397, 0.2201, 0.1335, 0.0800, 0.2181, 0.1356, 0.0609, 0.0364,
         0.0428],
        [0.0632, 0.0546, 0.0762, 0.1944, 0.0585, 0.1352, 0.2646, 0.0508, 0.0396,
         0.0628],
        [0.0363, 0.3749, 0.0566, 0.0310, 0.0506, 0.0835, 0.0655, 0.0438, 0.2069,
         0.0508],
        [0.0403, 0.0351, 0.0450, 0.0362, 0.1074, 0.0498, 0.0444, 0.5388, 0.0499,
         0.0531],
        [0.0424, 0.0346, 0.0374, 0.1927, 0.0743, 0.2440, 0.1631, 0.0780, 0.0611,
         0.0724],
        [0.0424, 0.5717, 0.0403, 0.0352, 0.0400, 0.0389, 0.0776, 0.0297, 0.0307,
         0.0935],
        [0.2143, 0.0321, 0.0521, 0.0349, 0.0665, 0.0949, 0.0537, 0.0587, 0.3462,
         0.0466],
        [0.1217, 0.0744, 0.0425, 0.0421, 0.0490, 0.0318, 0.0679, 0.0598, 0.0360,
         0.4747],
        [0.0240, 0.0432, 0.0413, 0.2443, 0.1531, 0.1387, 0.2301, 0.0429, 0.0298,
         0.0527],
        [0.0231, 0.6902, 0.0392, 0.0377, 0.0355, 0.0443, 0.0263, 0.0338, 0.0465,
         0.0234],
        [0.5856, 0.0528, 0.0482, 0.0507, 0.0457, 0.0268, 0.0432, 0.0625, 0.0382,
         0.0463],
        [0.0681, 0.1007, 0.0423, 0.0941, 0.1049, 0.0907, 0.2264, 0.0926, 0.0679,
         0.1123],
        [0.0530, 0.0392, 0.0387, 0.3371, 0.0913, 0.1485, 0.0293, 0.1760, 0.0423,
         0.0444],
        [0.0418, 0.0323, 0.0552, 0.1547, 0.2370, 0.0765, 0.0494, 0.2390, 0.0487,
         0.0654],
        [0.0368, 0.0270, 0.0328, 0.0373, 0.0340, 0.0346, 0.0278, 0.6611, 0.0392,
         0.0695],
        [0.0380, 0.0507, 0.0451, 0.3077, 0.0940, 0.0520, 0.0403, 0.1404, 0.0971,
         0.1346],
        [0.6257, 0.0572, 0.0588, 0.0345, 0.0651, 0.0304, 0.0260, 0.0332, 0.0354,
         0.0336],
        [0.0367, 0.0765, 0.0374, 0.0463, 0.0352, 0.0311, 0.0408, 0.0369, 0.0380,
         0.6211],
        [0.0480, 0.0717, 0.0664, 0.2750, 0.0575, 0.1920, 0.0598, 0.1056, 0.0719,
         0.0521],
        [0.0475, 0.0330, 0.2474, 0.0800, 0.1038, 0.1220, 0.0549, 0.2467, 0.0318,
         0.0329],
        [0.5337, 0.0740, 0.0896, 0.0338, 0.0690, 0.0370, 0.0405, 0.0300, 0.0407,
         0.0517],
        [0.0364, 0.0492, 0.4974, 0.0527, 0.0428, 0.0353, 0.1771, 0.0312, 0.0457,
         0.0322],
        [0.0454, 0.0574, 0.0870, 0.1719, 0.1052, 0.0910, 0.0472, 0.1356, 0.0372,
         0.2221],
        [0.0254, 0.0176, 0.0245, 0.0168, 0.7968, 0.0220, 0.0196, 0.0286, 0.0198,
         0.0289],
        [0.0465, 0.0474, 0.1066, 0.3087, 0.0445, 0.1517, 0.1261, 0.0578, 0.0395,
         0.0712],
        [0.0262, 0.5239, 0.0410, 0.0445, 0.0511, 0.0452, 0.0549, 0.0474, 0.0440,
         0.1219],
        [0.0249, 0.6552, 0.0333, 0.0419, 0.0613, 0.0450, 0.0340, 0.0397, 0.0475,
         0.0172],
        [0.0450, 0.0464, 0.4144, 0.0970, 0.0974, 0.0561, 0.0950, 0.0426, 0.0597,
         0.0464],
        [0.0745, 0.0561, 0.0544, 0.0619, 0.0370, 0.0558, 0.0329, 0.5288, 0.0300,
         0.0687],
        [0.0339, 0.0426, 0.0634, 0.0549, 0.1325, 0.4652, 0.0403, 0.0563, 0.0477,
         0.0633],
        [0.0411, 0.0423, 0.0614, 0.0330, 0.1822, 0.0538, 0.0421, 0.4643, 0.0397,
         0.0404],
        [0.0399, 0.0379, 0.1417, 0.0681, 0.2542, 0.0479, 0.3003, 0.0361, 0.0378,
         0.0360],
        [0.0468, 0.1085, 0.0554, 0.1731, 0.0454, 0.1602, 0.2368, 0.0228, 0.0231,
         0.1279],
        [0.0658, 0.1478, 0.0496, 0.0516, 0.0631, 0.0485, 0.0556, 0.0438, 0.0849,
         0.3893],
        [0.0741, 0.0373, 0.0899, 0.0816, 0.3311, 0.1139, 0.0474, 0.1362, 0.0512,
         0.0371],
        [0.0298, 0.0961, 0.0618, 0.0648, 0.0443, 0.0534, 0.0438, 0.0320, 0.0452,
         0.5288],
        [0.0374, 0.0291, 0.0280, 0.0461, 0.0331, 0.0441, 0.6522, 0.0412, 0.0532,
         0.0356],
        [0.0404, 0.0361, 0.0585, 0.2249, 0.1154, 0.3008, 0.0328, 0.1113, 0.0299,
         0.0499],
        [0.0346, 0.0565, 0.4262, 0.1397, 0.0538, 0.0640, 0.0977, 0.0494, 0.0250,
         0.0532],
        [0.0259, 0.0191, 0.0253, 0.0394, 0.0448, 0.6881, 0.0224, 0.0326, 0.0492,
         0.0534],
        [0.0238, 0.0323, 0.0296, 0.0802, 0.4981, 0.1378, 0.0350, 0.0763, 0.0517,
         0.0350],
        [0.0312, 0.0376, 0.0352, 0.0341, 0.0601, 0.0902, 0.0412, 0.0348, 0.5866,
         0.0490],
        [0.0391, 0.0318, 0.0296, 0.0307, 0.0492, 0.0363, 0.0410, 0.6613, 0.0419,
         0.0392],
        [0.0566, 0.0457, 0.0415, 0.4523, 0.0683, 0.1640, 0.0334, 0.0351, 0.0524,
         0.0508]], device='cuda:0', grad_fn=<SoftmaxBackward>)
>> best accuracy: 73.4	best epoch: 15

>> final recovery rate: 59.81111111111112%
>> val epoch: 20
>> current accuracy: 74.28%
outputs: tensor([[0.0340, 0.5224, 0.0687, 0.0296, 0.0607, 0.0624, 0.0927, 0.0310, 0.0228,
         0.0758],
        [0.0322, 0.6887, 0.0361, 0.0506, 0.0348, 0.0407, 0.0249, 0.0237, 0.0331,
         0.0352],
        [0.0390, 0.0694, 0.2320, 0.0756, 0.0621, 0.3029, 0.0770, 0.0322, 0.0515,
         0.0583],
        [0.0678, 0.0476, 0.0528, 0.0673, 0.0865, 0.0360, 0.5086, 0.0368, 0.0535,
         0.0432],
        [0.0710, 0.0376, 0.0897, 0.0332, 0.0659, 0.0545, 0.0309, 0.0392, 0.5495,
         0.0287],
        [0.0795, 0.0517, 0.0799, 0.2346, 0.0683, 0.0824, 0.2013, 0.1242, 0.0597,
         0.0184],
        [0.1697, 0.0582, 0.1120, 0.2671, 0.0885, 0.0511, 0.0865, 0.0963, 0.0419,
         0.0287],
        [0.0194, 0.0570, 0.0438, 0.0268, 0.0431, 0.0376, 0.0292, 0.0910, 0.5888,
         0.0634],
        [0.0303, 0.0261, 0.0254, 0.0415, 0.0353, 0.6534, 0.0241, 0.0512, 0.0638,
         0.0490],
        [0.0406, 0.0531, 0.1284, 0.1034, 0.0258, 0.0428, 0.0566, 0.0424, 0.2895,
         0.2175],
        [0.1997, 0.0490, 0.1422, 0.0576, 0.0435, 0.1350, 0.0269, 0.0938, 0.2260,
         0.0264],
        [0.0402, 0.3033, 0.0497, 0.1371, 0.0606, 0.0267, 0.0359, 0.1188, 0.0345,
         0.1932],
        [0.0398, 0.0390, 0.0459, 0.0246, 0.0849, 0.0365, 0.6545, 0.0322, 0.0205,
         0.0219],
        [0.0631, 0.0296, 0.0253, 0.0322, 0.2212, 0.0378, 0.2686, 0.2381, 0.0485,
         0.0356],
        [0.0618, 0.0365, 0.0433, 0.0625, 0.2151, 0.0425, 0.4339, 0.0331, 0.0359,
         0.0354],
        [0.1702, 0.0658, 0.0641, 0.0402, 0.0649, 0.0607, 0.0463, 0.0499, 0.3935,
         0.0444],
        [0.4730, 0.0350, 0.0920, 0.0711, 0.0287, 0.0531, 0.0830, 0.0941, 0.0305,
         0.0395],
        [0.0429, 0.0381, 0.0661, 0.2378, 0.0744, 0.3919, 0.0404, 0.0454, 0.0295,
         0.0335],
        [0.1252, 0.5630, 0.0239, 0.0516, 0.0558, 0.0440, 0.0407, 0.0353, 0.0099,
         0.0506],
        [0.0612, 0.0359, 0.0338, 0.0273, 0.0493, 0.5108, 0.0428, 0.1075, 0.0830,
         0.0484],
        [0.1020, 0.0253, 0.0653, 0.0771, 0.0291, 0.0408, 0.0441, 0.0327, 0.0404,
         0.5431],
        [0.0947, 0.0686, 0.0615, 0.0654, 0.0530, 0.1483, 0.2363, 0.0480, 0.0483,
         0.1759],
        [0.0933, 0.0268, 0.0485, 0.0522, 0.0357, 0.0393, 0.0486, 0.0842, 0.1295,
         0.4419],
        [0.0344, 0.0357, 0.0500, 0.1099, 0.2869, 0.2245, 0.0406, 0.1202, 0.0594,
         0.0385],
        [0.0366, 0.0367, 0.0497, 0.0284, 0.0419, 0.6421, 0.0275, 0.0395, 0.0608,
         0.0367],
        [0.0354, 0.0298, 0.0276, 0.0331, 0.0891, 0.0456, 0.0584, 0.6039, 0.0479,
         0.0292],
        [0.0354, 0.0664, 0.0463, 0.0722, 0.0332, 0.0546, 0.0488, 0.0570, 0.0572,
         0.5289],
        [0.0408, 0.4488, 0.0383, 0.0514, 0.0471, 0.0383, 0.0499, 0.0505, 0.0283,
         0.2067],
        [0.0454, 0.0305, 0.1213, 0.0798, 0.2878, 0.2493, 0.0780, 0.0449, 0.0332,
         0.0298],
        [0.0588, 0.0348, 0.0404, 0.0590, 0.0995, 0.0572, 0.0598, 0.3679, 0.0902,
         0.1325],
        [0.0568, 0.0355, 0.2247, 0.3205, 0.1002, 0.0308, 0.1128, 0.0405, 0.0510,
         0.0274],
        [0.0744, 0.2213, 0.0612, 0.1130, 0.0660, 0.1291, 0.0992, 0.1554, 0.0272,
         0.0532],
        [0.0301, 0.0259, 0.0573, 0.2553, 0.1293, 0.3574, 0.0311, 0.0572, 0.0255,
         0.0309],
        [0.0358, 0.0287, 0.5096, 0.0263, 0.1085, 0.0578, 0.0527, 0.0714, 0.0731,
         0.0361],
        [0.0924, 0.0397, 0.0724, 0.1733, 0.0718, 0.0821, 0.0563, 0.1879, 0.1697,
         0.0543],
        [0.1129, 0.0470, 0.0688, 0.0499, 0.1292, 0.0658, 0.3691, 0.0864, 0.0365,
         0.0345],
        [0.0282, 0.0382, 0.4470, 0.0636, 0.0981, 0.0265, 0.1114, 0.0540, 0.0912,
         0.0419],
        [0.0367, 0.6315, 0.0287, 0.0278, 0.0384, 0.0551, 0.0494, 0.0771, 0.0302,
         0.0252],
        [0.0452, 0.5813, 0.0424, 0.0579, 0.0504, 0.0528, 0.0456, 0.0712, 0.0289,
         0.0243],
        [0.0434, 0.0288, 0.0301, 0.0385, 0.1167, 0.0210, 0.0528, 0.6025, 0.0404,
         0.0257],
        [0.0408, 0.0432, 0.0455, 0.0849, 0.0351, 0.0315, 0.0618, 0.0529, 0.0286,
         0.5757],
        [0.1068, 0.0490, 0.3666, 0.0445, 0.1588, 0.0217, 0.0480, 0.0634, 0.0371,
         0.1041],
        [0.0686, 0.0451, 0.0609, 0.3091, 0.0732, 0.2667, 0.0249, 0.0396, 0.0704,
         0.0416],
        [0.4126, 0.0384, 0.0571, 0.0428, 0.1293, 0.0470, 0.0588, 0.1325, 0.0376,
         0.0439],
        [0.0522, 0.0499, 0.0654, 0.3142, 0.0760, 0.0665, 0.2274, 0.0444, 0.0486,
         0.0554],
        [0.0184, 0.0262, 0.6309, 0.0565, 0.0891, 0.0383, 0.0723, 0.0219, 0.0261,
         0.0203],
        [0.0393, 0.0320, 0.0250, 0.0230, 0.6861, 0.0268, 0.0537, 0.0511, 0.0337,
         0.0292],
        [0.0351, 0.0247, 0.6492, 0.0570, 0.0220, 0.0188, 0.1099, 0.0202, 0.0387,
         0.0244],
        [0.0380, 0.0270, 0.0292, 0.0265, 0.0251, 0.0452, 0.0306, 0.0292, 0.7195,
         0.0297],
        [0.0325, 0.0406, 0.0582, 0.4944, 0.0821, 0.0381, 0.0867, 0.0688, 0.0296,
         0.0690],
        [0.0927, 0.0522, 0.0572, 0.1356, 0.2180, 0.0991, 0.0904, 0.1277, 0.0928,
         0.0342],
        [0.3837, 0.0593, 0.1491, 0.0284, 0.0933, 0.0365, 0.0460, 0.0528, 0.1047,
         0.0463],
        [0.0298, 0.0665, 0.1286, 0.4102, 0.0374, 0.0653, 0.1218, 0.0371, 0.0197,
         0.0835],
        [0.5448, 0.0495, 0.0483, 0.0565, 0.0617, 0.0531, 0.0774, 0.0573, 0.0228,
         0.0287],
        [0.0583, 0.0330, 0.0365, 0.0339, 0.0464, 0.0301, 0.6617, 0.0413, 0.0285,
         0.0304],
        [0.0560, 0.0615, 0.0561, 0.0722, 0.0914, 0.0391, 0.0370, 0.0728, 0.0290,
         0.4847],
        [0.0335, 0.6244, 0.0300, 0.0407, 0.0527, 0.0266, 0.0420, 0.0676, 0.0227,
         0.0599],
        [0.0557, 0.0409, 0.1396, 0.4156, 0.0696, 0.0566, 0.0392, 0.0801, 0.0744,
         0.0281],
        [0.0454, 0.5526, 0.0410, 0.0454, 0.0449, 0.0638, 0.0571, 0.0757, 0.0407,
         0.0334],
        [0.0620, 0.0556, 0.0846, 0.3261, 0.0473, 0.0258, 0.2316, 0.0529, 0.0725,
         0.0416],
        [0.2342, 0.0667, 0.0830, 0.0697, 0.0196, 0.0672, 0.0601, 0.0412, 0.2989,
         0.0593],
        [0.5087, 0.0403, 0.0477, 0.0765, 0.0281, 0.0416, 0.0699, 0.0651, 0.0265,
         0.0957],
        [0.5609, 0.0595, 0.1697, 0.0338, 0.0386, 0.0215, 0.0252, 0.0384, 0.0251,
         0.0273],
        [0.1401, 0.2581, 0.0462, 0.0548, 0.0486, 0.0345, 0.0479, 0.0548, 0.0300,
         0.2851],
        [0.0555, 0.0396, 0.1696, 0.1367, 0.2429, 0.0271, 0.2227, 0.0269, 0.0462,
         0.0327],
        [0.0871, 0.0807, 0.2334, 0.2208, 0.0834, 0.0565, 0.0317, 0.0667, 0.0250,
         0.1147],
        [0.0385, 0.0535, 0.0431, 0.0632, 0.0328, 0.0261, 0.0448, 0.0634, 0.0375,
         0.5971],
        [0.0400, 0.6841, 0.0351, 0.0381, 0.0395, 0.0230, 0.0326, 0.0530, 0.0261,
         0.0284],
        [0.3981, 0.0641, 0.1453, 0.0355, 0.0821, 0.0690, 0.0273, 0.0684, 0.0761,
         0.0341],
        [0.0521, 0.0319, 0.0444, 0.0866, 0.0403, 0.0441, 0.0579, 0.0506, 0.0391,
         0.5529],
        [0.0561, 0.0386, 0.0859, 0.0630, 0.0624, 0.3400, 0.0246, 0.2144, 0.0829,
         0.0319],
        [0.0423, 0.5199, 0.0758, 0.0486, 0.0436, 0.0529, 0.0739, 0.0445, 0.0209,
         0.0778]], device='cuda:0', grad_fn=<SoftmaxBackward>)
>> best accuracy: 74.28	best epoch: 20

>> final recovery rate: 59.81111111111112%
>> val epoch: 25
>> current accuracy: 75.94%
outputs: tensor([[0.0822, 0.1418, 0.1368, 0.0955, 0.0632, 0.0605, 0.0425, 0.0313, 0.2083,
         0.1380],
        [0.0351, 0.0648, 0.1220, 0.0552, 0.2207, 0.0548, 0.3125, 0.0389, 0.0454,
         0.0507],
        [0.0266, 0.0421, 0.0374, 0.0591, 0.0423, 0.0407, 0.0425, 0.0234, 0.5945,
         0.0913],
        [0.0536, 0.0426, 0.0486, 0.4794, 0.0728, 0.1456, 0.0777, 0.0206, 0.0194,
         0.0397],
        [0.0426, 0.0502, 0.0529, 0.0582, 0.1284, 0.0461, 0.0727, 0.4791, 0.0430,
         0.0268],
        [0.0598, 0.0625, 0.0792, 0.3659, 0.1768, 0.0461, 0.0900, 0.0398, 0.0338,
         0.0461],
        [0.0964, 0.0576, 0.0455, 0.0662, 0.0374, 0.0299, 0.0425, 0.0511, 0.0542,
         0.5192],
        [0.2028, 0.0897, 0.0610, 0.0383, 0.0519, 0.0586, 0.0829, 0.2896, 0.0634,
         0.0619],
        [0.0352, 0.0425, 0.0391, 0.0580, 0.0432, 0.0345, 0.0462, 0.6074, 0.0454,
         0.0485],
        [0.4197, 0.0355, 0.0759, 0.0346, 0.0466, 0.0474, 0.0323, 0.0202, 0.1609,
         0.1271],
        [0.0378, 0.0483, 0.0314, 0.0426, 0.0537, 0.0285, 0.0355, 0.5942, 0.0524,
         0.0756],
        [0.0995, 0.0359, 0.5689, 0.0403, 0.0598, 0.0398, 0.0418, 0.0200, 0.0390,
         0.0550],
        [0.0575, 0.0314, 0.0915, 0.0519, 0.0429, 0.0501, 0.0443, 0.0166, 0.0579,
         0.5560],
        [0.0768, 0.0477, 0.3167, 0.0787, 0.0370, 0.2466, 0.0525, 0.0281, 0.0644,
         0.0516],
        [0.0347, 0.6189, 0.0503, 0.0435, 0.0505, 0.0476, 0.0518, 0.0360, 0.0371,
         0.0296],
        [0.0562, 0.0424, 0.1368, 0.0396, 0.0388, 0.0550, 0.0292, 0.0145, 0.5486,
         0.0389],
        [0.0786, 0.0759, 0.0584, 0.0567, 0.0631, 0.0317, 0.4481, 0.0306, 0.1257,
         0.0310],
        [0.0480, 0.0642, 0.1467, 0.0650, 0.4625, 0.0228, 0.0560, 0.0427, 0.0437,
         0.0483],
        [0.0437, 0.0495, 0.5218, 0.1322, 0.0295, 0.0236, 0.0691, 0.0392, 0.0322,
         0.0591],
        [0.0549, 0.0443, 0.5903, 0.0342, 0.0330, 0.0351, 0.0833, 0.0244, 0.0386,
         0.0619],
        [0.0376, 0.0395, 0.0496, 0.0697, 0.0692, 0.0384, 0.0716, 0.0374, 0.0506,
         0.5364],
