noise type: uniform
noise level: 0.4
when_to_apply_epoch: 5
total clean data num: 32313
probability transition matrix:
[[0.6        0.04444444 0.04444444 0.04444444 0.04444444 0.04444444
  0.04444444 0.04444444 0.04444444 0.04444444]
 [0.04444444 0.6        0.04444444 0.04444444 0.04444444 0.04444444
  0.04444444 0.04444444 0.04444444 0.04444444]
 [0.04444444 0.04444444 0.6        0.04444444 0.04444444 0.04444444
  0.04444444 0.04444444 0.04444444 0.04444444]
 [0.04444444 0.04444444 0.04444444 0.6        0.04444444 0.04444444
  0.04444444 0.04444444 0.04444444 0.04444444]
 [0.04444444 0.04444444 0.04444444 0.04444444 0.6        0.04444444
  0.04444444 0.04444444 0.04444444 0.04444444]
 [0.04444444 0.04444444 0.04444444 0.04444444 0.04444444 0.6
  0.04444444 0.04444444 0.04444444 0.04444444]
 [0.04444444 0.04444444 0.04444444 0.04444444 0.04444444 0.04444444
  0.6        0.04444444 0.04444444 0.04444444]
 [0.04444444 0.04444444 0.04444444 0.04444444 0.04444444 0.04444444
  0.04444444 0.6        0.04444444 0.04444444]
 [0.04444444 0.04444444 0.04444444 0.04444444 0.04444444 0.04444444
  0.04444444 0.04444444 0.6        0.04444444]
 [0.04444444 0.04444444 0.04444444 0.04444444 0.04444444 0.04444444
  0.04444444 0.04444444 0.04444444 0.6       ]]
>> val epoch: 0
>> current accuracy: 97.2%
outputs: tensor([[0.4906, 0.0521, 0.0759, 0.0535, 0.0528, 0.0473, 0.0304, 0.0714, 0.0296,
         0.0965],
        [0.0414, 0.0501, 0.6308, 0.0343, 0.0363, 0.0576, 0.0260, 0.0573, 0.0288,
         0.0375],
        [0.3550, 0.0683, 0.0878, 0.1137, 0.0678, 0.1140, 0.0280, 0.0748, 0.0354,
         0.0550],
        [0.0428, 0.5128, 0.0405, 0.0665, 0.0812, 0.0302, 0.0317, 0.0323, 0.0740,
         0.0881],
        [0.0418, 0.0862, 0.0603, 0.0526, 0.4637, 0.0404, 0.0395, 0.0750, 0.0542,
         0.0862],
        [0.0566, 0.0572, 0.0773, 0.0576, 0.0667, 0.0278, 0.4852, 0.0696, 0.0326,
         0.0695],
        [0.0352, 0.0376, 0.6335, 0.0379, 0.0305, 0.0775, 0.0386, 0.0418, 0.0200,
         0.0474],
        [0.5390, 0.0464, 0.0585, 0.0424, 0.0373, 0.0552, 0.0271, 0.0659, 0.0553,
         0.0728],
        [0.0345, 0.0324, 0.0393, 0.0354, 0.0445, 0.0324, 0.0286, 0.0678, 0.0253,
         0.6597],
        [0.0877, 0.0579, 0.0461, 0.1036, 0.0611, 0.4137, 0.0330, 0.0721, 0.0784,
         0.0464],
        [0.0344, 0.0396, 0.0849, 0.0529, 0.1132, 0.0413, 0.4676, 0.0660, 0.0310,
         0.0691],
        [0.0436, 0.5414, 0.0454, 0.0624, 0.0645, 0.0314, 0.0346, 0.0296, 0.0689,
         0.0783],
        [0.0412, 0.0384, 0.0651, 0.0482, 0.0436, 0.0340, 0.5606, 0.0790, 0.0351,
         0.0549],
        [0.0851, 0.0467, 0.0374, 0.0565, 0.0509, 0.0560, 0.0396, 0.0651, 0.4907,
         0.0720],
        [0.0394, 0.5127, 0.0423, 0.0726, 0.0798, 0.0325, 0.0302, 0.0324, 0.0701,
         0.0880],
        [0.4765, 0.0463, 0.0620, 0.0538, 0.0608, 0.0829, 0.0433, 0.0846, 0.0306,
         0.0591],
        [0.0402, 0.0352, 0.0347, 0.0324, 0.0332, 0.0232, 0.0314, 0.0645, 0.6635,
         0.0416],
        [0.0812, 0.0587, 0.0657, 0.0652, 0.0591, 0.3579, 0.0449, 0.0795, 0.0513,
         0.1364],
        [0.0388, 0.0442, 0.1150, 0.0554, 0.0759, 0.0415, 0.4676, 0.0662, 0.0257,
         0.0697],
        [0.0453, 0.0413, 0.0324, 0.0404, 0.0353, 0.0324, 0.0377, 0.0570, 0.0428,
         0.6353],
        [0.0353, 0.0395, 0.0370, 0.0351, 0.0293, 0.0213, 0.0147, 0.7177, 0.0308,
         0.0392],
        [0.0360, 0.0345, 0.0762, 0.0476, 0.0519, 0.0284, 0.5557, 0.0650, 0.0288,
         0.0759],
        [0.0545, 0.0326, 0.0548, 0.0458, 0.0808, 0.0318, 0.5100, 0.0814, 0.0391,
         0.0692],
        [0.0378, 0.0300, 0.0935, 0.0550, 0.0678, 0.0378, 0.4904, 0.0766, 0.0461,
         0.0650],
        [0.5447, 0.0556, 0.0469, 0.0490, 0.0623, 0.0490, 0.0311, 0.0621, 0.0290,
         0.0703],
        [0.0555, 0.0511, 0.4992, 0.0763, 0.0340, 0.0864, 0.0335, 0.0838, 0.0208,
         0.0593],
        [0.0508, 0.0651, 0.0573, 0.0752, 0.3664, 0.0454, 0.0442, 0.0740, 0.0496,
         0.1719],
        [0.0500, 0.0424, 0.0419, 0.0665, 0.0391, 0.5670, 0.0262, 0.0619, 0.0778,
         0.0272],
        [0.0735, 0.0492, 0.0533, 0.1181, 0.0551, 0.4292, 0.0299, 0.0685, 0.0633,
         0.0598],
        [0.1074, 0.0453, 0.0649, 0.0838, 0.0495, 0.3916, 0.0489, 0.0761, 0.0900,
         0.0424],
        [0.0403, 0.0380, 0.0285, 0.0327, 0.0354, 0.0281, 0.0360, 0.0397, 0.0371,
         0.6842],
        [0.0462, 0.0727, 0.0635, 0.0692, 0.4963, 0.0533, 0.0324, 0.0664, 0.0427,
         0.0571],
        [0.0465, 0.0546, 0.0745, 0.0433, 0.0500, 0.0316, 0.5517, 0.0545, 0.0330,
         0.0602],
        [0.0423, 0.0895, 0.0811, 0.0709, 0.4184, 0.0539, 0.0384, 0.0621, 0.0430,
         0.1005],
        [0.0631, 0.0455, 0.0280, 0.4951, 0.0635, 0.0732, 0.0294, 0.0835, 0.0611,
         0.0576],
        [0.0394, 0.0324, 0.0322, 0.0284, 0.0292, 0.0293, 0.0347, 0.0623, 0.6855,
         0.0265],
        [0.0326, 0.0404, 0.0780, 0.0582, 0.1111, 0.0361, 0.4749, 0.0661, 0.0273,
         0.0753],
        [0.0477, 0.0394, 0.0286, 0.0312, 0.0318, 0.0404, 0.0386, 0.0423, 0.0320,
         0.6680],
        [0.0466, 0.0669, 0.0644, 0.0580, 0.4666, 0.0542, 0.0431, 0.0651, 0.0418,
         0.0934],
        [0.0425, 0.0330, 0.0413, 0.0619, 0.0306, 0.0284, 0.0191, 0.6564, 0.0355,
         0.0513],
        [0.0434, 0.0362, 0.1024, 0.0613, 0.0453, 0.0872, 0.4283, 0.0791, 0.0755,
         0.0414],
        [0.0467, 0.0363, 0.0467, 0.0566, 0.0252, 0.0326, 0.0187, 0.6412, 0.0365,
         0.0595],
        [0.0444, 0.0495, 0.0349, 0.0539, 0.0415, 0.0312, 0.0321, 0.1313, 0.0512,
         0.5299],
        [0.0603, 0.0381, 0.0277, 0.5406, 0.0611, 0.0732, 0.0257, 0.0761, 0.0627,
         0.0345],
        [0.0473, 0.4610, 0.0480, 0.0960, 0.0936, 0.0378, 0.0294, 0.0308, 0.0778,
         0.0781],
        [0.0412, 0.5028, 0.0428, 0.0699, 0.0845, 0.0308, 0.0304, 0.0325, 0.0763,
         0.0888],
        [0.5217, 0.0549, 0.0525, 0.0555, 0.0536, 0.0532, 0.0256, 0.0606, 0.0270,
         0.0954],
        [0.5503, 0.0421, 0.0669, 0.0413, 0.0520, 0.0417, 0.0301, 0.0604, 0.0362,
         0.0791]], device='cuda:0', grad_fn=<SoftmaxBackward>)
>> best accuracy: 97.2	best epoch: 0

>> final recovery rate: 59.83888888888889%
>> val epoch: 5
>> current accuracy: 92.91666666666667%
outputs: tensor([[0.0333, 0.0682, 0.0276, 0.0386, 0.0504, 0.5863, 0.0460, 0.0497, 0.0589,
         0.0409],
        [0.8455, 0.0104, 0.0118, 0.0288, 0.0240, 0.0266, 0.0122, 0.0096, 0.0117,
         0.0194],
        [0.0600, 0.0267, 0.0178, 0.0424, 0.0349, 0.0330, 0.0344, 0.0469, 0.0202,
         0.6837],
        [0.0234, 0.6854, 0.0382, 0.0393, 0.0250, 0.0433, 0.0232, 0.0425, 0.0280,
         0.0517],
        [0.0166, 0.0128, 0.0152, 0.8401, 0.0248, 0.0296, 0.0234, 0.0115, 0.0089,
         0.0170],
        [0.0357, 0.0527, 0.6614, 0.0160, 0.0408, 0.0479, 0.0319, 0.0301, 0.0549,
         0.0287],
        [0.0175, 0.0296, 0.0463, 0.3507, 0.0220, 0.0288, 0.0457, 0.0265, 0.0384,
         0.3946],
        [0.0347, 0.6858, 0.0376, 0.0257, 0.0238, 0.0362, 0.0368, 0.0395, 0.0491,
         0.0309],
        [0.0358, 0.6405, 0.0376, 0.0344, 0.0211, 0.0384, 0.0539, 0.0533, 0.0503,
         0.0346],
        [0.0073, 0.0223, 0.6574, 0.0314, 0.0287, 0.0261, 0.0280, 0.0213, 0.1503,
         0.0272],
        [0.0383, 0.0355, 0.0264, 0.0758, 0.7094, 0.0300, 0.0176, 0.0329, 0.0113,
         0.0227],
        [0.0520, 0.0521, 0.0541, 0.0636, 0.0989, 0.4659, 0.0469, 0.0475, 0.0649,
         0.0541],
        [0.7288, 0.0314, 0.0533, 0.0261, 0.0208, 0.0453, 0.0289, 0.0197, 0.0280,
         0.0178],
        [0.0527, 0.1112, 0.3478, 0.0122, 0.1113, 0.0878, 0.0161, 0.0688, 0.1309,
         0.0612],
        [0.0282, 0.0482, 0.4955, 0.0364, 0.0511, 0.0633, 0.0593, 0.0506, 0.0855,
         0.0819],
        [0.0296, 0.7037, 0.0261, 0.0438, 0.0313, 0.0356, 0.0223, 0.0289, 0.0361,
         0.0427],
        [0.0067, 0.0270, 0.0219, 0.0214, 0.0108, 0.0399, 0.6024, 0.0419, 0.2111,
         0.0171],
        [0.0374, 0.0773, 0.0381, 0.0937, 0.5832, 0.0370, 0.0226, 0.0621, 0.0207,
         0.0279],
        [0.0299, 0.0133, 0.0105, 0.0423, 0.0199, 0.0091, 0.6782, 0.0197, 0.1507,
         0.0264],
        [0.0333, 0.6394, 0.0316, 0.0276, 0.0348, 0.0454, 0.0411, 0.0573, 0.0504,
         0.0389],
        [0.0289, 0.0615, 0.0348, 0.0257, 0.0355, 0.6223, 0.0536, 0.0246, 0.0309,
         0.0823],
        [0.0028, 0.0039, 0.0108, 0.0086, 0.0122, 0.0140, 0.0111, 0.0221, 0.9113,
         0.0032],
        [0.0282, 0.0399, 0.0152, 0.1075, 0.6736, 0.0467, 0.0111, 0.0281, 0.0330,
         0.0166],
        [0.0077, 0.0084, 0.0046, 0.0238, 0.0129, 0.0036, 0.0096, 0.0113, 0.9083,
         0.0099],
        [0.0199, 0.0184, 0.0239, 0.7821, 0.0258, 0.0364, 0.0297, 0.0182, 0.0307,
         0.0148],
        [0.0260, 0.0243, 0.0472, 0.0281, 0.6348, 0.0776, 0.0264, 0.0683, 0.0375,
         0.0298],
        [0.0394, 0.0237, 0.0267, 0.7546, 0.0428, 0.0153, 0.0331, 0.0333, 0.0132,
         0.0179],
        [0.0280, 0.0252, 0.0521, 0.0267, 0.0863, 0.0241, 0.5769, 0.0725, 0.0819,
         0.0265],
        [0.0206, 0.0166, 0.0081, 0.0262, 0.7796, 0.0164, 0.0071, 0.0866, 0.0214,
         0.0175],
        [0.0490, 0.0332, 0.0170, 0.0374, 0.0648, 0.0133, 0.0142, 0.0205, 0.0162,
         0.7346],
        [0.0268, 0.6931, 0.0244, 0.0442, 0.0280, 0.0401, 0.0176, 0.0391, 0.0380,
         0.0488],
        [0.0556, 0.0832, 0.4513, 0.1185, 0.0563, 0.0489, 0.0474, 0.0267, 0.0495,
         0.0626],
        [0.0340, 0.0796, 0.0177, 0.0354, 0.0472, 0.6626, 0.0086, 0.0151, 0.0811,
         0.0186],
        [0.0419, 0.0265, 0.0167, 0.0205, 0.0187, 0.0408, 0.0303, 0.7545, 0.0375,
         0.0126],
        [0.1350, 0.0172, 0.0361, 0.1030, 0.0874, 0.0139, 0.4598, 0.0944, 0.0326,
         0.0206],
        [0.0416, 0.0461, 0.1144, 0.0579, 0.0564, 0.0371, 0.4851, 0.0511, 0.0712,
         0.0390],
        [0.0322, 0.0275, 0.0425, 0.0151, 0.0571, 0.0240, 0.0268, 0.0291, 0.0289,
         0.7166],
        [0.0443, 0.6252, 0.0325, 0.0378, 0.0276, 0.0465, 0.0412, 0.0484, 0.0499,
         0.0466],
        [0.0430, 0.0419, 0.0291, 0.0307, 0.0775, 0.0605, 0.0372, 0.2059, 0.1012,
         0.3730],
        [0.0301, 0.0245, 0.0182, 0.0261, 0.0403, 0.0591, 0.0401, 0.6956, 0.0272,
         0.0386],
        [0.3768, 0.0175, 0.0593, 0.0264, 0.0189, 0.0237, 0.1272, 0.0284, 0.2887,
         0.0332],
        [0.0214, 0.0727, 0.0231, 0.0395, 0.0253, 0.6269, 0.0339, 0.0283, 0.1173,
         0.0116],
        [0.0771, 0.0184, 0.0324, 0.0267, 0.0351, 0.0111, 0.6569, 0.0576, 0.0269,
         0.0578],
        [0.0600, 0.0613, 0.0763, 0.5591, 0.0493, 0.0535, 0.0750, 0.0203, 0.0169,
         0.0284],
        [0.0782, 0.0596, 0.3720, 0.0177, 0.1108, 0.0506, 0.0138, 0.1567, 0.0955,
         0.0453],
        [0.8616, 0.0114, 0.0126, 0.0091, 0.0139, 0.0083, 0.0372, 0.0220, 0.0138,
         0.0101],
        [0.0667, 0.0251, 0.0424, 0.0688, 0.1544, 0.0180, 0.4655, 0.0867, 0.0398,
         0.0328],
        [0.6757, 0.0229, 0.0247, 0.0321, 0.0222, 0.0703, 0.0316, 0.0435, 0.0427,
         0.0344]], device='cuda:0', grad_fn=<SoftmaxBackward>)
>> best accuracy: 97.2	best epoch: 0

>> final recovery rate: 59.83888888888889%
>> val epoch: 10
>> current accuracy: 67.36666666666666%
outputs: tensor([[2.0094e-03, 1.6515e-04, 9.8508e-01, 4.5486e-04, 1.1403e-03, 4.2721e-03,
         1.6383e-03, 6.3262e-04, 1.9703e-04, 4.4086e-03],
        [1.9358e-02, 1.3200e-02, 1.1292e-02, 5.9622e-03, 2.2840e-03, 8.9376e-03,
         1.7060e-02, 4.8302e-03, 5.5353e-01, 3.6355e-01],
        [5.5095e-03, 7.3137e-03, 9.5409e-01, 4.0864e-04, 1.8625e-02, 5.1701e-03,
         7.3244e-04, 4.3748e-03, 7.3301e-04, 3.0461e-03],
        [4.3728e-01, 7.9334e-03, 2.3196e-02, 1.2630e-02, 1.9165e-03, 4.3420e-03,
         2.1070e-01, 1.0555e-03, 2.8331e-01, 1.7641e-02],
        [9.1563e-02, 7.8764e-01, 1.2132e-02, 1.4308e-02, 3.0858e-03, 6.7332e-02,
         2.7605e-03, 1.1072e-02, 8.5165e-03, 1.5846e-03],
        [1.1551e-03, 2.0746e-02, 1.4216e-03, 8.2050e-04, 9.5124e-01, 1.2966e-02,
         1.9035e-03, 5.5416e-03, 1.6854e-03, 2.5212e-03],
        [1.1766e-03, 4.1096e-03, 2.8572e-03, 9.5842e-01, 7.2965e-04, 1.2358e-02,
         8.9183e-03, 2.9033e-03, 5.4199e-03, 3.1035e-03],
        [1.3219e-02, 1.9918e-03, 4.7085e-03, 9.5822e-01, 1.3002e-04, 2.2892e-03,
         4.9294e-03, 9.9228e-03, 2.5681e-03, 2.0182e-03],
        [1.8745e-03, 1.1465e-01, 1.2946e-02, 1.0621e-02, 8.9550e-03, 7.6425e-01,
         2.0076e-03, 3.8991e-02, 3.5528e-02, 1.0178e-02],
        [2.9995e-04, 1.7838e-02, 3.7652e-03, 5.0135e-04, 9.0532e-01, 5.8342e-04,
         3.0916e-02, 2.2599e-03, 1.2788e-02, 2.5725e-02],
        [3.2547e-03, 1.4070e-01, 2.9563e-03, 5.5186e-01, 2.0043e-01, 1.7352e-03,
         3.2752e-03, 8.8960e-02, 2.4670e-03, 4.3552e-03],
        [2.4606e-02, 8.0100e-01, 2.1668e-02, 1.8514e-02, 5.0416e-03, 7.1801e-03,
         7.2607e-03, 7.3930e-03, 2.5036e-02, 8.2299e-02],
        [3.2105e-04, 3.5012e-04, 2.5647e-04, 9.4901e-04, 1.2620e-04, 6.1079e-05,
         9.9312e-01, 8.2747e-04, 1.1720e-03, 2.8179e-03],
        [3.3406e-02, 5.3807e-04, 1.6618e-03, 2.4394e-03, 8.5684e-01, 6.0194e-04,
         3.1127e-03, 1.3947e-02, 8.0068e-02, 7.3877e-03],
        [3.2910e-04, 4.1594e-04, 3.3787e-04, 2.7317e-01, 2.8987e-02, 4.1380e-02,
         3.7485e-03, 3.6098e-01, 2.8448e-01, 6.1738e-03],
        [8.0281e-04, 5.1535e-01, 8.4684e-02, 1.6378e-02, 2.0411e-03, 1.7195e-01,
         8.3135e-02, 8.6497e-02, 3.8016e-02, 1.1533e-03],
        [1.1911e-02, 7.4235e-01, 1.3878e-01, 9.4420e-03, 2.1713e-02, 5.4128e-02,
         4.4574e-04, 2.8970e-03, 1.6232e-02, 2.1034e-03],
        [1.5703e-02, 2.2230e-03, 1.2404e-03, 8.8571e-01, 3.2984e-03, 2.0997e-03,
         8.5072e-03, 3.7277e-02, 3.5758e-02, 8.1833e-03],
        [3.6327e-05, 2.1194e-05, 1.1867e-05, 1.6128e-04, 5.4825e-05, 9.9894e-01,
         1.8460e-05, 6.7966e-04, 7.4287e-05, 4.3139e-06],
        [1.6657e-04, 2.5477e-04, 4.5085e-05, 1.3681e-04, 9.9878e-01, 3.4606e-04,
         1.8847e-05, 7.9903e-05, 4.1766e-05, 1.2615e-04],
        [1.1697e-01, 4.1170e-03, 3.0127e-02, 4.1609e-03, 3.6943e-02, 9.0768e-04,
         6.4518e-03, 1.2650e-03, 2.7045e-02, 7.7201e-01],
        [2.2017e-02, 4.5669e-03, 8.5005e-03, 7.5518e-03, 2.8369e-03, 1.5892e-03,
         7.3412e-01, 4.1615e-02, 1.4845e-01, 2.8758e-02],
        [3.1330e-03, 5.6339e-03, 5.8249e-03, 5.6658e-04, 8.2712e-03, 8.6834e-02,
         8.0012e-03, 7.2162e-04, 2.3265e-03, 8.7869e-01],
        [2.2271e-02, 7.4612e-03, 7.0258e-02, 1.1220e-02, 6.0231e-03, 2.0313e-01,
         1.7252e-03, 5.7392e-03, 6.7063e-01, 1.5442e-03],
        [3.3362e-03, 8.0652e-01, 7.6896e-03, 4.2579e-02, 1.6818e-03, 6.8617e-02,
         1.0105e-02, 3.5308e-02, 8.3640e-04, 2.3326e-02],
        [7.6460e-02, 5.7483e-01, 1.2467e-01, 4.3146e-03, 2.6370e-03, 5.8223e-02,
         5.5083e-02, 1.8725e-02, 7.3135e-02, 1.1924e-02],
        [2.3332e-03, 2.1406e-02, 2.9321e-02, 8.7039e-01, 9.0044e-03, 1.9085e-03,
         3.4640e-02, 2.4270e-02, 4.8645e-03, 1.8619e-03],
        [8.8675e-04, 2.7271e-01, 5.3449e-01, 3.5218e-03, 5.6983e-04, 1.2718e-03,
         1.4321e-03, 5.3464e-03, 9.7700e-03, 1.7000e-01],
        [1.4864e-01, 5.3749e-01, 2.6781e-02, 2.8108e-02, 2.0301e-02, 5.1246e-02,
         6.3752e-02, 1.7602e-02, 3.7482e-02, 6.8599e-02],
        [2.7412e-03, 7.8916e-02, 9.6493e-03, 4.3596e-01, 1.9409e-02, 4.1439e-01,
         5.2959e-03, 3.9831e-03, 2.1381e-02, 8.2745e-03],
        [2.0035e-01, 2.0838e-01, 2.3306e-02, 3.7315e-02, 2.9614e-01, 1.0342e-01,
         2.0381e-02, 2.7682e-02, 6.7689e-02, 1.5336e-02],
        [2.5560e-01, 1.4535e-01, 8.3064e-02, 1.7530e-02, 2.4494e-02, 2.0214e-01,
         1.1765e-02, 5.6884e-02, 5.8092e-02, 1.4507e-01],
        [5.4336e-02, 2.9415e-02, 1.6449e-01, 2.8111e-02, 4.8832e-02, 3.4499e-03,
         2.0692e-01, 2.4085e-01, 6.4126e-02, 1.5947e-01],
        [9.9742e-01, 3.7176e-04, 3.9677e-04, 3.5564e-04, 1.8035e-04, 2.7260e-05,
         4.5726e-04, 3.0853e-05, 6.7185e-04, 9.3089e-05],
        [5.6448e-01, 1.6898e-03, 2.2038e-01, 1.6654e-03, 8.8473e-03, 1.1647e-03,
         9.8765e-02, 9.6882e-02, 1.7486e-03, 4.3798e-03],
        [2.6393e-03, 1.3379e-03, 9.0885e-03, 3.0128e-03, 3.2972e-03, 1.0290e-03,
         1.1936e-03, 7.0079e-03, 1.1603e-03, 9.7023e-01],
        [7.1830e-04, 1.1606e-02, 2.3205e-02, 1.6753e-01, 4.4946e-01, 2.0584e-03,
         7.4131e-03, 1.3213e-01, 1.9637e-01, 9.5152e-03],
        [7.3675e-01, 1.1021e-03, 1.3982e-03, 1.7840e-01, 7.2314e-03, 3.1911e-03,
         5.9239e-02, 8.5440e-03, 6.2989e-04, 3.5140e-03],
        [2.0378e-01, 7.8658e-03, 1.0826e-01, 4.3079e-03, 5.0186e-01, 1.5741e-03,
         3.8374e-03, 1.4788e-01, 1.8449e-02, 2.1938e-03],
        [2.0590e-03, 5.8478e-04, 3.6290e-03, 2.7076e-03, 2.2224e-03, 4.4725e-04,
         8.6019e-02, 8.8906e-01, 3.9885e-03, 9.2825e-03],
        [1.9446e-04, 5.8644e-04, 1.5566e-03, 2.0813e-04, 1.6483e-03, 9.8994e-01,
         7.9491e-04, 4.4811e-03, 5.3042e-04, 6.0774e-05],
        [2.3045e-02, 6.8373e-03, 5.7176e-02, 3.9565e-03, 2.3024e-02, 1.0056e-02,
         1.8734e-01, 7.0642e-02, 3.3996e-03, 6.1452e-01],
        [5.9424e-05, 3.9948e-05, 9.3767e-05, 4.9105e-04, 5.3341e-03, 1.2604e-04,
         9.9200e-01, 7.3563e-04, 7.4665e-04, 3.7570e-04],
        [1.9375e-03, 1.1797e-04, 2.8549e-04, 5.0677e-05, 2.1692e-04, 7.4831e-05,
         7.2757e-04, 1.1274e-04, 7.5967e-04, 9.9572e-01],
        [3.2624e-02, 5.7344e-03, 9.4934e-03, 4.1966e-01, 7.0980e-03, 5.0182e-01,
         1.4213e-02, 7.9313e-03, 8.0943e-04, 6.2053e-04],
        [1.1785e-01, 1.2630e-02, 1.0261e-02, 9.5698e-03, 9.1126e-03, 2.8414e-03,
         1.8763e-03, 6.0275e-01, 7.1757e-03, 2.2594e-01],
        [5.8441e-03, 4.6300e-04, 1.8895e-04, 2.8215e-03, 2.4316e-03, 4.4353e-03,
         3.0491e-04, 2.7475e-02, 9.5596e-01, 7.3095e-05],
        [9.5784e-01, 9.5278e-03, 9.6184e-03, 1.0924e-03, 8.9805e-03, 9.5304e-04,
         2.7153e-03, 2.6766e-03, 6.4626e-03, 1.3552e-04]],
       device='cuda:0', grad_fn=<SoftmaxBackward>)
>> best accuracy: 97.2	best epoch: 0

>> final recovery rate: 88.05740740740741%
>> val epoch: 15
>> current accuracy: 88.26666666666667%
outputs: tensor([[2.0939e-02, 1.4861e-05, 1.1205e-02, 5.1507e-02, 6.9736e-03, 4.6986e-04,
         6.1743e-04, 9.0491e-04, 7.9376e-03, 8.9943e-01],
        [9.9759e-01, 4.8390e-05, 4.8600e-06, 2.5999e-04, 9.4150e-04, 1.7648e-04,
         6.6931e-04, 9.1329e-06, 2.3621e-04, 6.7181e-05],
        [1.6001e-04, 8.8634e-04, 2.9448e-04, 2.1156e-05, 5.7041e-04, 1.0765e-04,
         7.8559e-03, 3.4985e-04, 4.5007e-03, 9.8525e-01],
        [4.6156e-03, 1.8636e-05, 9.9080e-01, 4.7002e-05, 2.6969e-05, 1.8174e-04,
         3.6494e-04, 8.1246e-05, 5.0008e-04, 3.3629e-03],
        [9.9877e-01, 6.3605e-06, 9.7193e-06, 6.2840e-06, 4.6528e-05, 9.6022e-05,
         2.3149e-04, 5.9201e-06, 2.4966e-04, 5.8219e-04],
        [8.7566e-05, 1.8332e-05, 2.7719e-04, 2.3557e-04, 2.2502e-03, 3.8667e-04,
         9.9662e-01, 1.7294e-05, 5.1457e-05, 5.1160e-05],
        [2.5123e-01, 1.8240e-03, 1.2854e-01, 2.8866e-03, 3.0929e-03, 8.6425e-02,
         7.5234e-03, 3.5159e-01, 1.0882e-01, 5.8071e-02],
        [6.0427e-04, 5.4351e-04, 2.5747e-02, 9.3284e-03, 4.4158e-04, 4.2334e-02,
         1.1490e-02, 9.6399e-03, 8.9982e-01, 4.8199e-05],
        [1.5739e-04, 1.1367e-04, 3.0667e-04, 7.0750e-04, 2.2686e-03, 9.2513e-04,
         8.3023e-04, 9.9150e-01, 3.7403e-05, 3.1487e-03],
        [1.7447e-04, 1.6341e-05, 1.1214e-04, 3.6626e-04, 5.4919e-04, 9.2686e-03,
         4.6908e-05, 9.1491e-03, 1.0305e-04, 9.8021e-01],
        [3.7587e-05, 9.9981e-01, 8.0262e-06, 3.4575e-05, 5.1523e-05, 2.1879e-05,
         5.9888e-06, 1.1173e-05, 2.1564e-06, 1.5529e-05],
        [7.8576e-05, 9.9960e-01, 5.3087e-05, 9.1978e-06, 1.4218e-04, 6.1049e-05,
         2.8874e-05, 3.3747e-06, 1.8448e-05, 8.9528e-06],
        [3.4421e-05, 9.9949e-01, 3.5331e-05, 2.4557e-06, 1.5896e-04, 6.8946e-05,
         6.9883e-05, 5.3068e-06, 1.8518e-05, 1.1746e-04],
        [4.3845e-03, 8.8492e-04, 3.8505e-04, 1.7431e-03, 4.1192e-02, 1.6497e-03,
         1.3717e-04, 3.8993e-05, 9.2280e-01, 2.6782e-02],
        [9.9388e-01, 2.6672e-05, 2.1409e-05, 1.5322e-03, 9.0467e-04, 2.2216e-03,
         7.2653e-04, 8.6371e-05, 4.6372e-04, 1.3321e-04],
        [2.4769e-05, 5.4609e-06, 9.9920e-01, 1.5385e-04, 8.1994e-05, 3.7095e-04,
         2.3945e-05, 2.4965e-05, 2.5066e-05, 9.0351e-05],
        [9.4621e-01, 3.6807e-04, 4.2677e-05, 2.6786e-04, 1.1941e-02, 6.2252e-03,
         5.2823e-03, 2.5292e-02, 2.3679e-03, 2.0016e-03],
        [3.1188e-04, 1.4657e-04, 3.5725e-04, 2.8123e-04, 6.4925e-03, 4.6261e-04,
         7.5302e-04, 3.0264e-04, 1.6360e-03, 9.8926e-01],
        [2.3821e-05, 3.6551e-04, 1.2358e-05, 9.6673e-06, 1.6889e-05, 4.1014e-05,
         3.2433e-05, 9.9944e-01, 3.6197e-05, 2.5819e-05],
        [7.6596e-01, 6.3231e-03, 2.8651e-03, 9.7503e-04, 7.7934e-02, 7.1379e-04,
         1.2947e-01, 6.3752e-03, 8.8782e-03, 5.0164e-04],
        [9.7911e-05, 6.1864e-06, 2.9091e-05, 2.0398e-05, 3.2003e-04, 3.9374e-05,
         2.3019e-05, 1.2140e-05, 9.9942e-01, 2.9365e-05],
        [1.7790e-04, 1.2394e-03, 9.2719e-01, 1.2202e-02, 9.0418e-05, 5.6809e-02,
         2.5818e-04, 1.3685e-03, 2.2910e-04, 4.3345e-04],
        [1.8529e-04, 3.5108e-03, 6.9765e-05, 1.3409e-02, 1.6642e-04, 6.7454e-05,
         1.1485e-04, 9.8180e-01, 2.2528e-04, 4.5638e-04],
        [6.2153e-06, 5.9420e-07, 6.3931e-06, 2.8163e-06, 1.2397e-04, 5.5370e-06,
         9.9977e-01, 1.9317e-06, 7.2475e-05, 1.1657e-05],
        [4.8336e-05, 3.4309e-05, 1.9523e-04, 1.1557e-03, 1.1930e-03, 6.5739e-03,
         9.8751e-01, 1.0383e-03, 1.8678e-03, 3.8079e-04],
        [5.6536e-05, 1.6154e-05, 1.7427e-05, 1.4138e-04, 2.0618e-04, 6.8508e-05,
         8.3159e-05, 2.2506e-04, 2.7666e-04, 9.9891e-01],
        [9.9412e-01, 7.1504e-04, 1.6951e-04, 1.3500e-04, 2.6440e-04, 9.9345e-04,
         3.2019e-04, 2.1033e-03, 6.5351e-04, 5.2232e-04],
        [2.3981e-05, 6.3451e-04, 3.5309e-04, 9.9802e-01, 3.3310e-04, 3.1848e-04,
         1.8896e-04, 1.6061e-05, 4.2218e-05, 6.9567e-05],
        [5.3690e-05, 4.0688e-05, 5.1937e-05, 7.0293e-05, 5.5287e-05, 7.4272e-05,
         1.7814e-04, 2.3835e-04, 6.4724e-04, 9.9859e-01],
        [6.4359e-05, 8.4511e-05, 9.9921e-01, 2.4098e-04, 3.8499e-05, 3.2590e-04,
         1.5250e-05, 1.0346e-05, 2.5300e-06, 9.9085e-06],
        [6.7022e-01, 3.5025e-04, 1.0790e-02, 3.1135e-04, 2.0178e-02, 9.4628e-03,
         9.4344e-03, 1.1985e-03, 2.7767e-01, 3.7991e-04],
        [4.7642e-05, 9.9700e-01, 2.7222e-05, 1.7455e-05, 2.6300e-03, 1.6039e-04,
         4.7209e-05, 3.9340e-06, 1.7219e-05, 4.6973e-05],
        [1.8493e-05, 2.1171e-06, 6.4568e-05, 9.9980e-01, 1.0417e-05, 8.8360e-05,
         4.9061e-06, 2.9479e-06, 2.1095e-06, 1.4842e-06],
        [2.0281e-05, 4.3727e-04, 2.9659e-05, 1.0551e-03, 5.6383e-04, 2.0409e-04,
         4.8271e-04, 1.3791e-04, 9.9705e-01, 1.8323e-05],
        [8.6180e-05, 9.9930e-01, 1.1163e-05, 1.9816e-05, 5.1089e-04, 3.8626e-05,
         4.2187e-06, 1.0435e-05, 1.1971e-05, 4.9769e-06],
        [9.4495e-06, 1.4808e-05, 1.9888e-05, 9.9986e-01, 7.5799e-05, 9.2198e-06,
         6.2515e-06, 4.4403e-06, 1.1708e-06, 1.4786e-06],
        [1.5906e-05, 1.8035e-03, 2.7282e-05, 3.6680e-04, 9.0877e-04, 2.0367e-04,
         4.1275e-04, 9.9597e-01, 2.0858e-04, 8.4861e-05],
        [3.6408e-05, 3.0097e-05, 1.5432e-05, 3.9967e-05, 1.1546e-04, 9.5489e-05,
         1.2114e-05, 4.6662e-05, 2.7525e-05, 9.9958e-01],
        [2.3864e-04, 1.1045e-04, 4.6456e-05, 8.3709e-03, 4.4369e-04, 1.1258e-03,
         8.8025e-05, 4.8478e-03, 8.5471e-04, 9.8387e-01],
        [5.2842e-04, 1.9512e-03, 3.4803e-05, 2.4406e-02, 4.0831e-03, 1.2480e-03,
         1.7211e-04, 4.6432e-05, 9.6748e-01, 5.0393e-05],
        [1.4808e-04, 2.1382e-03, 9.9440e-01, 3.0196e-05, 2.3586e-05, 3.0707e-04,
         2.0208e-04, 1.8947e-03, 3.5109e-04, 5.0932e-04],
        [1.7105e-03, 2.5062e-05, 9.4324e-01, 1.9995e-03, 4.1154e-02, 3.1384e-03,
         5.2844e-04, 7.2834e-04, 5.3354e-03, 2.1355e-03],
        [6.1200e-04, 9.3715e-01, 1.6509e-02, 5.3288e-05, 1.7015e-05, 1.8190e-03,
         2.7663e-02, 3.1891e-03, 1.2713e-02, 2.7181e-04],
        [5.0543e-04, 4.6151e-05, 9.9730e-01, 2.5616e-05, 1.7902e-04, 1.9154e-04,
         1.2571e-04, 3.1398e-04, 8.9034e-05, 1.2251e-03],
        [5.2692e-05, 2.4289e-04, 1.4375e-02, 9.7161e-01, 4.1725e-04, 1.0875e-02,
         1.2613e-04, 2.0409e-03, 2.5105e-04, 5.5407e-06],
        [3.8292e-05, 9.9955e-01, 1.9424e-05, 9.1746e-06, 1.9424e-04, 3.6502e-05,
         1.0322e-05, 1.1928e-04, 4.6061e-06, 1.9498e-05],
        [3.3468e-06, 2.2937e-06, 4.4295e-06, 6.3657e-07, 2.7714e-05, 7.8612e-05,
         1.3267e-06, 9.9987e-01, 9.7048e-06, 7.0982e-07],
        [2.9099e-05, 8.4362e-05, 9.5690e-05, 1.3455e-03, 5.3465e-05, 2.1409e-04,
         1.5180e-04, 9.9780e-01, 2.0448e-04, 1.8013e-05]],
       device='cuda:0', grad_fn=<SoftmaxBackward>)
>> best accuracy: 97.2	best epoch: 0

>> final recovery rate: 88.85555555555555%
>> val epoch: 20
>> current accuracy: 92.41666666666667%
outputs: tensor([[2.0827e-02, 6.5850e-07, 6.3223e-06, 4.3194e-05, 9.8566e-06, 9.7769e-01,
         5.0880e-05, 4.3129e-05, 3.3310e-04, 9.9464e-04],
        [1.1784e-02, 1.3417e-06, 8.7998e-05, 9.7782e-01, 7.4348e-04, 2.0421e-03,
         6.6262e-03, 6.9191e-04, 8.4200e-05, 1.2025e-04],
        [2.8028e-03, 2.1807e-06, 8.4544e-05, 2.0559e-04, 6.9364e-04, 6.7533e-04,
         9.6124e-06, 1.6207e-03, 5.1273e-05, 9.9385e-01],
        [1.3959e-04, 9.9967e-01, 4.9988e-06, 3.9069e-05, 3.9420e-05, 6.5515e-05,
         1.2535e-05, 1.7600e-05, 4.4151e-06, 5.2308e-06],
        [3.6448e-06, 2.7351e-06, 3.5608e-06, 8.8215e-06, 3.5186e-04, 2.8492e-06,
         1.4567e-06, 3.6356e-06, 9.9959e-01, 3.4754e-05],
        [2.7086e-05, 6.9409e-06, 1.1885e-04, 8.1983e-06, 3.7182e-06, 1.3109e-05,
         9.9869e-01, 1.0523e-03, 9.6593e-06, 7.4757e-05],
        [3.7184e-04, 1.3907e-04, 2.5501e-05, 2.7016e-03, 1.6659e-03, 9.9413e-01,
         2.9342e-04, 4.8322e-04, 1.6278e-04, 2.7175e-05],
        [1.2696e-04, 3.6098e-05, 1.5001e-04, 2.0074e-02, 6.0153e-04, 1.8941e-04,
         2.3802e-03, 1.5449e-02, 4.3736e-02, 9.1726e-01],
        [5.7419e-04, 3.1845e-01, 2.0033e-01, 3.3622e-02, 2.4065e-03, 4.1695e-04,
         2.7720e-03, 2.1330e-03, 4.2060e-01, 1.8702e-02],
        [8.2734e-05, 1.0201e-06, 5.0566e-06, 2.4188e-06, 9.9987e-01, 1.2050e-05,
         7.6241e-06, 2.4236e-06, 1.2420e-05, 2.4960e-06],
        [1.3077e-05, 8.9030e-06, 3.0868e-04, 9.9950e-01, 3.1070e-07, 4.0869e-06,
         8.6874e-07, 1.5126e-04, 1.3897e-05, 1.8612e-06],
        [4.7076e-03, 4.2288e-04, 3.1304e-03, 4.2544e-04, 4.0659e-05, 4.4257e-05,
         2.1973e-04, 9.9073e-01, 2.6034e-05, 2.5072e-04],
        [6.3329e-05, 9.9990e-01, 2.6623e-06, 7.1500e-06, 8.8136e-07, 7.5683e-06,
         6.5420e-06, 5.5861e-06, 2.8115e-06, 1.9613e-06],
        [1.7229e-03, 9.9756e-01, 2.1808e-04, 1.3415e-04, 4.1610e-06, 3.2718e-05,
         3.2549e-05, 2.3933e-04, 2.5043e-05, 3.1066e-05],
        [1.6659e-01, 7.9444e-05, 2.0137e-02, 3.9056e-02, 1.4847e-04, 4.1216e-04,
         7.5888e-01, 3.8331e-04, 7.0622e-05, 1.4241e-02],
        [8.5312e-05, 7.7344e-05, 4.5385e-04, 4.4288e-05, 9.9619e-01, 8.5874e-06,
         1.0246e-04, 5.1831e-05, 2.8663e-03, 1.2360e-04],
        [2.6953e-04, 3.9517e-03, 4.1495e-04, 9.1111e-05, 1.8992e-02, 6.9666e-04,
         1.5487e-04, 5.9627e-04, 6.6094e-04, 9.7417e-01],
        [4.8542e-04, 7.2772e-07, 6.5030e-06, 9.5753e-05, 2.4477e-04, 4.6044e-06,
         8.2524e-06, 1.1131e-04, 2.2541e-05, 9.9902e-01],
        [1.3328e-04, 2.8229e-06, 1.2469e-05, 7.6701e-05, 1.0370e-04, 3.4908e-05,
         2.2650e-04, 1.7677e-05, 9.9931e-01, 8.0469e-05],
        [1.1719e-04, 9.9982e-01, 2.4600e-06, 6.6463e-06, 6.9022e-07, 1.0788e-05,
         3.3713e-05, 2.6295e-06, 8.9890e-06, 1.5241e-06],
        [2.5097e-06, 6.7126e-06, 6.5172e-06, 2.5001e-06, 9.9989e-01, 6.9715e-05,
         6.7192e-06, 1.2888e-05, 3.3072e-06, 1.5115e-06],
        [6.3193e-05, 1.1831e-04, 3.6216e-06, 2.1293e-05, 1.3336e-05, 6.4626e-06,
         9.9970e-01, 2.8387e-05, 1.0223e-06, 4.2566e-05],
        [5.1676e-04, 1.0393e-04, 9.9139e-01, 3.5416e-05, 1.9494e-05, 2.3753e-05,
         2.1656e-04, 6.9331e-03, 3.9619e-05, 7.2177e-04],
        [1.5165e-06, 5.6536e-06, 4.7293e-05, 9.9673e-01, 1.2530e-04, 1.3427e-04,
         2.0880e-05, 2.6715e-03, 9.6943e-05, 1.6897e-04],
        [2.7596e-05, 9.6886e-06, 1.2548e-04, 2.6549e-06, 9.9945e-01, 4.6220e-07,
         2.7922e-04, 7.3206e-05, 1.1993e-05, 2.2508e-05],
        [1.8476e-06, 1.6359e-06, 2.6267e-05, 2.1387e-05, 7.4029e-06, 9.9969e-01,
         1.7728e-04, 2.3232e-05, 1.4932e-05, 3.4227e-05],
        [1.4817e-05, 9.9990e-01, 9.3343e-06, 1.7216e-05, 2.4331e-06, 4.5066e-06,
         1.7372e-06, 3.8475e-05, 1.4367e-06, 9.2796e-06],
        [9.2918e-05, 4.9565e-05, 7.4220e-06, 1.0924e-04, 9.9793e-01, 3.2472e-04,
         7.9700e-06, 2.3037e-04, 6.2944e-05, 1.1887e-03],
        [2.8685e-05, 1.6873e-06, 3.2444e-05, 4.1432e-05, 4.8665e-05, 9.9980e-01,
         3.2253e-06, 9.1124e-06, 3.9150e-05, 2.5943e-07],
        [1.2555e-02, 9.0826e-01, 2.8480e-05, 1.7876e-02, 4.1299e-02, 2.1722e-03,
         3.2153e-04, 6.3597e-04, 1.5653e-02, 1.1969e-03],
        [1.1876e-04, 1.5475e-05, 9.8785e-01, 2.6216e-06, 3.5812e-04, 1.0729e-04,
         2.3779e-04, 2.9335e-04, 4.7129e-04, 1.0545e-02],
        [1.2533e-04, 9.9941e-01, 7.3294e-05, 1.0278e-04, 8.2683e-06, 2.4324e-05,
         1.8484e-06, 4.6202e-05, 5.9443e-05, 1.5182e-04],
        [1.9595e-03, 5.9346e-03, 3.7650e-02, 4.9028e-01, 3.7803e-01, 4.1996e-05,
         2.2704e-04, 5.5660e-03, 5.3729e-02, 2.6578e-02],
        [1.3966e-06, 1.4413e-08, 9.9999e-01, 9.2895e-07, 2.7857e-07, 2.4455e-06,
         5.7563e-07, 6.6063e-07, 1.5553e-07, 2.1619e-07],
        [4.2196e-05, 3.5114e-05, 6.4933e-05, 3.7646e-05, 2.3140e-06, 2.8396e-04,
         4.1216e-03, 6.0251e-05, 9.9515e-01, 2.0042e-04],
        [4.6443e-06, 1.1214e-05, 9.9783e-01, 1.3171e-04, 2.3327e-05, 3.0964e-05,
         8.5944e-05, 1.7691e-03, 5.7884e-05, 5.6734e-05],
        [1.3705e-04, 7.6087e-06, 2.3977e-04, 6.0928e-05, 6.9254e-05, 2.5510e-05,
         2.1519e-03, 1.7009e-05, 9.9700e-01, 2.8996e-04],
        [1.4786e-05, 1.2639e-06, 9.9838e-01, 1.3969e-03, 2.8739e-06, 2.5687e-06,
         1.3778e-05, 3.0362e-05, 1.5847e-04, 1.2335e-06],
        [2.8158e-02, 2.7547e-04, 4.7554e-05, 3.8199e-03, 4.7165e-04, 9.6220e-01,
         7.1735e-04, 5.0784e-04, 3.6132e-03, 1.9159e-04],
        [1.9168e-04, 1.1874e-04, 1.3977e-04, 2.6756e-05, 4.8829e-06, 1.9172e-04,
         9.9234e-01, 2.1163e-03, 1.1571e-05, 4.8554e-03],
        [2.4710e-03, 9.2602e-01, 1.9137e-04, 7.2606e-04, 1.2818e-02, 1.1188e-04,
         1.0160e-04, 2.4980e-04, 2.8473e-03, 5.4458e-02],
        [5.7196e-04, 2.0442e-06, 8.7476e-06, 9.1887e-06, 2.1216e-05, 1.3495e-05,
         2.9295e-05, 5.5488e-06, 9.9934e-01, 5.1273e-07],
        [3.0063e-06, 7.9658e-07, 1.6488e-06, 3.7988e-05, 5.6226e-06, 3.3445e-05,
         4.0539e-06, 9.9980e-01, 2.1345e-05, 9.1398e-05],
        [9.9898e-01, 4.2358e-06, 4.4803e-05, 1.5159e-05, 1.3349e-05, 1.8092e-06,
         8.1549e-04, 7.4046e-05, 5.1400e-06, 4.4422e-05],
        [6.2718e-05, 9.9957e-01, 1.2439e-04, 3.5467e-05, 7.0283e-06, 9.9700e-06,
         9.8765e-06, 1.7300e-05, 6.0550e-05, 1.0443e-04],
        [1.0793e-04, 9.7324e-01, 5.5607e-04, 6.3768e-05, 2.4529e-02, 3.3736e-05,
         1.5693e-05, 2.2500e-04, 3.2756e-04, 9.0236e-04],
        [1.1076e-05, 1.5622e-06, 3.2398e-06, 2.1033e-04, 1.0874e-06, 7.0485e-06,
         4.6996e-07, 9.9975e-01, 9.5411e-06, 3.3338e-06],
        [2.9458e-06, 2.8317e-07, 6.6211e-06, 1.2544e-04, 4.4346e-05, 9.9948e-01,
         4.2439e-05, 3.6887e-06, 2.9157e-04, 3.3871e-06]],
       device='cuda:0', grad_fn=<SoftmaxBackward>)
>> best accuracy: 97.2	best epoch: 0

>> final recovery rate: 88.87037037037037%
>> val epoch: 25
>> current accuracy: 94.45%
outputs: tensor([[1.9892e-06, 1.3165e-07, 9.2366e-08, 3.7358e-05, 3.1055e-06, 9.9995e-01,
         2.2755e-06, 4.4894e-07, 8.4350e-06, 1.6221e-08],
        [2.1548e-04, 7.3379e-05, 8.1829e-05, 9.1603e-01, 2.3930e-03, 1.0780e-02,
         1.2123e-05, 4.0631e-03, 6.6243e-02, 1.0894e-04],
        [1.8480e-05, 1.9379e-04, 1.9810e-04, 1.4756e-04, 2.6363e-04, 8.6874e-05,
         4.4130e-06, 4.3496e-04, 9.3184e-06, 9.9864e-01],
        [3.5529e-05, 5.0181e-06, 9.9842e-01, 3.6883e-05, 1.1912e-03, 3.5837e-06,
         1.2341e-04, 1.3635e-04, 2.0125e-05, 2.3056e-05],
        [1.3536e-04, 1.0810e-06, 1.9562e-06, 4.3847e-05, 2.8698e-06, 1.2697e-03,
         1.1671e-05, 3.6124e-06, 4.3585e-05, 9.9849e-01],
        [4.0911e-05, 2.0189e-05, 9.9965e-01, 5.1827e-05, 8.4215e-06, 7.9728e-05,
         6.4011e-06, 2.5770e-06, 1.3513e-04, 2.9617e-06],
        [9.9868e-01, 8.3583e-07, 1.5302e-06, 2.8337e-05, 2.0875e-05, 5.7562e-06,
         1.0406e-04, 1.1295e-05, 1.1388e-03, 4.5374e-06],
        [9.9963e-01, 5.8271e-06, 7.3053e-07, 9.4619e-06, 2.1122e-07, 1.4037e-05,
         1.7062e-05, 3.1770e-04, 2.4774e-06, 2.4347e-07],
        [1.2176e-04, 1.8369e-04, 1.6318e-06, 3.0767e-06, 9.9953e-01, 9.5174e-05,
         1.6394e-05, 4.4544e-05, 1.6344e-06, 2.0752e-06],
        [6.5923e-07, 7.9411e-08, 3.5187e-07, 3.0649e-06, 6.5128e-08, 5.2096e-07,
         9.9967e-01, 2.2453e-06, 3.1499e-04, 1.1702e-05],
        [7.7463e-02, 2.5853e-03, 7.1255e-04, 1.9939e-02, 7.9479e-04, 2.2672e-04,
         9.9779e-04, 9.8095e-03, 8.8724e-01, 2.3138e-04],
        [6.1708e-04, 1.8149e-06, 8.0082e-05, 1.1229e-04, 4.4092e-06, 9.8701e-04,
         1.0574e-04, 1.7796e-04, 3.6594e-05, 9.9788e-01],
        [1.8469e-05, 8.7853e-06, 1.4142e-04, 9.9301e-01, 2.3071e-05, 8.9623e-05,
         6.4134e-03, 2.0746e-05, 1.9740e-04, 7.9560e-05],
        [1.5003e-03, 2.8193e-05, 3.5657e-05, 6.8015e-04, 5.3975e-04, 2.2693e-03,
         5.5796e-05, 9.9463e-01, 2.6286e-04, 2.1279e-06],
        [5.6814e-06, 2.9147e-05, 1.1621e-06, 2.8354e-04, 9.1455e-06, 9.8524e-01,
         1.1089e-05, 1.8897e-05, 4.6656e-05, 1.4353e-02],
        [5.3685e-07, 4.1102e-07, 9.9992e-01, 2.1405e-05, 7.3735e-06, 1.0525e-05,
         1.9549e-06, 1.3666e-05, 1.9091e-05, 2.6652e-06],
        [1.3062e-05, 3.1432e-05, 1.3030e-05, 2.0399e-06, 1.6723e-04, 5.8324e-06,
         4.1761e-06, 4.6259e-05, 1.9482e-04, 9.9952e-01],
        [2.2705e-05, 7.9845e-05, 3.3218e-07, 3.0949e-06, 9.9961e-01, 1.5613e-04,
         1.9874e-05, 7.2951e-05, 4.8726e-06, 3.2233e-05],
        [2.6448e-05, 4.0601e-03, 1.7466e-05, 3.7718e-05, 2.2787e-04, 1.8325e-03,
         2.0218e-04, 3.8482e-05, 9.6006e-01, 3.3499e-02],
        [8.5351e-04, 1.5761e-04, 9.9597e-01, 7.7838e-04, 1.2918e-04, 6.5452e-04,
         3.2430e-05, 1.3630e-03, 6.1145e-05, 3.8584e-06],
        [9.0566e-07, 3.3668e-05, 2.2147e-06, 9.3056e-06, 5.3552e-06, 9.9986e-01,
         2.9371e-06, 4.0135e-06, 1.6709e-05, 6.5396e-05],
        [2.5060e-03, 1.0188e-05, 9.9673e-01, 4.4518e-07, 2.5049e-05, 3.4512e-06,
         3.9176e-04, 5.9442e-05, 2.5416e-04, 1.6475e-05],
        [6.3270e-03, 1.7194e-03, 9.7665e-01, 4.4675e-03, 3.0080e-04, 1.0109e-03,
         8.9651e-03, 5.2935e-06, 5.2958e-04, 2.6420e-05],
        [4.2451e-04, 1.5488e-05, 4.8492e-05, 5.5543e-04, 4.4153e-03, 3.5238e-04,
         3.1840e-03, 1.3232e-04, 7.9806e-06, 9.9086e-01],
        [4.0808e-07, 1.1771e-04, 7.7955e-07, 1.1976e-06, 2.3293e-06, 6.8565e-06,
         4.6411e-07, 1.6488e-05, 6.6221e-05, 9.9979e-01],
        [9.9970e-01, 4.5817e-06, 4.4392e-06, 2.1256e-05, 1.4406e-06, 6.2408e-07,
         2.0818e-05, 2.0919e-04, 3.2776e-05, 9.2388e-07],
        [1.3267e-03, 5.6114e-05, 9.3589e-06, 1.2469e-03, 7.3854e-04, 2.5281e-04,
         2.5562e-05, 9.8124e-01, 1.5097e-02, 2.3675e-06],
        [2.0370e-04, 1.7853e-05, 7.3154e-06, 3.3031e-05, 1.8526e-06, 7.7902e-05,
         2.2497e-05, 6.5136e-06, 2.8365e-04, 9.9935e-01],
        [1.9427e-01, 2.2898e-05, 3.9288e-03, 6.8882e-01, 6.9875e-05, 3.7593e-04,
         5.2236e-02, 5.7734e-02, 5.5371e-04, 1.9845e-03],
        [1.0005e-05, 1.2345e-04, 9.5300e-05, 1.6116e-05, 9.9501e-01, 4.2400e-04,
         1.2171e-06, 3.0525e-04, 3.9470e-03, 6.9151e-05],
        [1.7778e-05, 6.2415e-04, 7.7625e-05, 2.1490e-04, 2.6946e-06, 3.1505e-05,
         1.2662e-04, 2.4444e-03, 7.3658e-05, 9.9639e-01],
        [9.4553e-04, 1.4606e-01, 2.8341e-04, 2.1327e-04, 2.4077e-05, 7.0830e-05,
         5.9848e-04, 8.5144e-01, 3.4732e-04, 2.1783e-05],
        [3.1037e-06, 5.9583e-07, 1.2993e-06, 4.0931e-06, 9.9997e-01, 1.3287e-05,
         2.1019e-06, 3.3559e-06, 1.2413e-06, 4.8796e-07],
        [4.1523e-06, 1.8788e-06, 8.5103e-08, 1.4523e-04, 3.9149e-06, 2.1471e-05,
         9.9980e-01, 1.6090e-07, 1.7435e-06, 2.1879e-05],
        [1.1622e-01, 3.1228e-06, 5.1793e-02, 3.6129e-01, 5.8450e-04, 1.2860e-04,
         1.2181e-04, 1.2807e-05, 9.0312e-05, 4.6976e-01],
        [1.8618e-06, 9.9998e-01, 6.5095e-07, 2.8903e-06, 1.3344e-06, 1.3974e-06,
         2.1839e-07, 4.5930e-06, 2.7769e-06, 3.0113e-06],
        [2.3613e-03, 2.0644e-03, 9.7483e-01, 7.6920e-06, 6.8206e-03, 1.5253e-05,
         2.6363e-04, 6.4587e-04, 1.2925e-02, 6.1375e-05],
        [9.4540e-04, 4.0096e-03, 2.1376e-05, 8.8337e-05, 3.2355e-05, 7.0219e-05,
         9.9903e-06, 9.8167e-01, 1.3131e-02, 2.0252e-05],
        [1.0419e-05, 9.9995e-01, 1.4858e-06, 5.3892e-06, 2.2727e-06, 4.0375e-06,
         3.0700e-07, 1.1829e-05, 4.3087e-06, 1.3647e-05],
        [3.3582e-06, 3.4689e-07, 1.4960e-05, 1.4904e-03, 3.2317e-05, 3.3450e-06,
         9.9825e-01, 2.2423e-05, 9.8621e-05, 8.6901e-05],
        [1.0300e-02, 2.0161e-04, 5.3630e-01, 6.0107e-05, 4.3538e-03, 8.4324e-04,
         3.8093e-03, 4.4303e-01, 8.7571e-04, 2.1872e-04],
        [7.3225e-04, 3.5371e-05, 9.6555e-01, 7.2204e-06, 3.4190e-05, 5.7019e-06,
         1.8943e-03, 1.5283e-03, 1.9031e-02, 1.1178e-02],
        [8.6026e-04, 6.6727e-04, 1.4311e-05, 9.6856e-05, 5.3738e-06, 1.0118e-05,
         3.1834e-05, 9.9829e-01, 1.9225e-05, 3.5750e-06],
        [8.2728e-06, 1.1267e-05, 2.5984e-05, 3.5840e-06, 9.9972e-01, 2.5337e-05,
         1.4803e-04, 4.4179e-06, 2.3858e-05, 2.5531e-05],
        [1.3352e-06, 9.9994e-01, 1.8468e-06, 9.8518e-06, 2.6910e-05, 2.2907e-06,
         9.9810e-07, 4.9283e-06, 4.4540e-06, 3.4830e-06],
        [2.2208e-05, 1.3365e-04, 1.0446e-04, 1.2346e-03, 9.5242e-01, 2.6999e-04,
         4.4574e-02, 1.1205e-03, 1.0832e-05, 1.0737e-04],
        [4.7349e-05, 9.8774e-01, 1.8118e-04, 8.5778e-04, 2.7112e-05, 5.7689e-05,
         8.8638e-05, 3.1565e-05, 1.0911e-02, 5.8582e-05],
        [3.6878e-05, 2.2581e-05, 9.4911e-01, 4.6422e-02, 9.5542e-04, 3.2476e-03,
         6.5973e-05, 1.1051e-04, 1.4506e-06, 2.4433e-05]],
       device='cuda:0', grad_fn=<SoftmaxBackward>)
>> best accuracy: 97.2	best epoch: 0

>> final recovery rate: 88.87037037037037%
>> val epoch: 30
>> current accuracy: 93.53333333333333%
outputs: tensor([[3.3730e-04, 1.5434e-04, 9.1172e-05, 3.2406e-05, 3.2136e-04, 9.9741e-01,
         1.4717e-03, 7.0002e-05, 7.9873e-06, 1.0220e-04],
        [5.5770e-06, 1.1410e-06, 1.1302e-05, 4.9692e-06, 2.0540e-05, 5.1655e-07,
         5.3524e-07, 9.9994e-01, 1.0542e-05, 5.1484e-07],
        [2.6466e-07, 5.7247e-08, 3.8921e-08, 1.2549e-07, 4.9369e-08, 1.2097e-08,
         1.0000e+00, 2.2012e-07, 6.3492e-08, 7.0859e-08],
        [4.6831e-08, 1.6873e-08, 6.3659e-07, 1.0000e+00, 3.3002e-07, 2.0695e-07,
         2.4470e-07, 4.8948e-07, 6.2680e-08, 2.1319e-06],
        [7.8362e-05, 1.1886e-06, 4.1807e-06, 7.2410e-07, 7.4521e-06, 9.9990e-01,
         3.1268e-06, 1.1283e-06, 7.9180e-08, 8.3232e-08],
        [2.8763e-06, 2.5007e-05, 2.5101e-04, 1.0175e-03, 6.1513e-02, 6.9700e-05,
         1.2151e-04, 9.3669e-01, 2.2555e-04, 8.0756e-05],
        [5.2474e-06, 5.7674e-06, 1.7609e-06, 6.3493e-07, 4.3968e-07, 1.5325e-06,
         9.9998e-01, 3.0847e-06, 1.7492e-06, 1.4880e-06],
        [1.7523e-05, 2.4165e-05, 1.7307e-05, 9.0392e-05, 7.1376e-06, 1.9242e-04,
         6.3680e-06, 9.9958e-01, 6.0945e-06, 5.9645e-05],
        [9.2880e-06, 4.3126e-05, 1.5775e-04, 5.6017e-05, 5.5654e-06, 6.7552e-05,
         1.1283e-06, 3.9674e-06, 9.9933e-01, 3.2482e-04],
