noise type: uniform
noise level: 0.8
when_to_apply_epoch: 20
total clean data num: 10906
probability transition matrix:
[[0.2        0.08888889 0.08888889 0.08888889 0.08888889 0.08888889
  0.08888889 0.08888889 0.08888889 0.08888889]
 [0.08888889 0.2        0.08888889 0.08888889 0.08888889 0.08888889
  0.08888889 0.08888889 0.08888889 0.08888889]
 [0.08888889 0.08888889 0.2        0.08888889 0.08888889 0.08888889
  0.08888889 0.08888889 0.08888889 0.08888889]
 [0.08888889 0.08888889 0.08888889 0.2        0.08888889 0.08888889
  0.08888889 0.08888889 0.08888889 0.08888889]
 [0.08888889 0.08888889 0.08888889 0.08888889 0.2        0.08888889
  0.08888889 0.08888889 0.08888889 0.08888889]
 [0.08888889 0.08888889 0.08888889 0.08888889 0.08888889 0.2
  0.08888889 0.08888889 0.08888889 0.08888889]
 [0.08888889 0.08888889 0.08888889 0.08888889 0.08888889 0.08888889
  0.2        0.08888889 0.08888889 0.08888889]
 [0.08888889 0.08888889 0.08888889 0.08888889 0.08888889 0.08888889
  0.08888889 0.2        0.08888889 0.08888889]
 [0.08888889 0.08888889 0.08888889 0.08888889 0.08888889 0.08888889
  0.08888889 0.08888889 0.2        0.08888889]
 [0.08888889 0.08888889 0.08888889 0.08888889 0.08888889 0.08888889
  0.08888889 0.08888889 0.08888889 0.2       ]]
>> val epoch: 0
>> current accuracy: 66.14999999999999%
outputs: tensor([[0.1281, 0.0727, 0.0850, 0.0885, 0.1258, 0.0802, 0.1053, 0.1134, 0.0590,
         0.1419],
        [0.1587, 0.0759, 0.0713, 0.1283, 0.0844, 0.0831, 0.0790, 0.1227, 0.0700,
         0.1265],
        [0.1360, 0.1332, 0.0723, 0.0872, 0.0863, 0.0737, 0.0927, 0.1331, 0.0689,
         0.1166],
        [0.1294, 0.1282, 0.0765, 0.0859, 0.0941, 0.0777, 0.0920, 0.1354, 0.0638,
         0.1170],
        [0.1473, 0.0592, 0.0741, 0.0956, 0.0714, 0.1024, 0.0666, 0.0976, 0.1272,
         0.1586],
        [0.1277, 0.0826, 0.1171, 0.0972, 0.0842, 0.0809, 0.1049, 0.1284, 0.0573,
         0.1197],
        [0.1271, 0.0733, 0.0832, 0.0914, 0.0784, 0.1601, 0.0821, 0.1147, 0.0738,
         0.1160],
        [0.2358, 0.0741, 0.0784, 0.0738, 0.0909, 0.0644, 0.1006, 0.1133, 0.0508,
         0.1179],
        [0.1684, 0.0796, 0.0885, 0.0819, 0.0746, 0.0783, 0.1148, 0.1267, 0.0532,
         0.1340],
        [0.1404, 0.0613, 0.0915, 0.0803, 0.0776, 0.0747, 0.0686, 0.1787, 0.0705,
         0.1563],
        [0.1467, 0.0549, 0.0718, 0.0931, 0.0986, 0.0732, 0.0610, 0.1050, 0.0845,
         0.2111],
        [0.1512, 0.0904, 0.0732, 0.0939, 0.0902, 0.0796, 0.1260, 0.1131, 0.0622,
         0.1203],
        [0.1098, 0.0649, 0.0841, 0.0872, 0.0739, 0.1828, 0.0642, 0.1141, 0.0937,
         0.1253],
        [0.1550, 0.0669, 0.0840, 0.0872, 0.0731, 0.0997, 0.0908, 0.1084, 0.0971,
         0.1377],
        [0.1285, 0.0574, 0.0685, 0.0892, 0.1878, 0.0904, 0.0710, 0.0988, 0.0716,
         0.1368],
        [0.1314, 0.0609, 0.0753, 0.0883, 0.1385, 0.0910, 0.0761, 0.1119, 0.0828,
         0.1438],
        [0.1407, 0.0621, 0.0829, 0.0969, 0.0778, 0.0994, 0.0749, 0.1257, 0.0863,
         0.1533],
        [0.1201, 0.0554, 0.0780, 0.0742, 0.1022, 0.1543, 0.0569, 0.1034, 0.0995,
         0.1562],
        [0.1133, 0.0588, 0.0875, 0.0847, 0.0821, 0.1669, 0.0603, 0.1131, 0.0931,
         0.1402],
        [0.2265, 0.0617, 0.0878, 0.0730, 0.0735, 0.0751, 0.0908, 0.1147, 0.0490,
         0.1479],
        [0.1477, 0.1245, 0.0674, 0.0919, 0.0854, 0.0785, 0.1084, 0.1218, 0.0651,
         0.1092],
        [0.1304, 0.0900, 0.0775, 0.0961, 0.0874, 0.0802, 0.1475, 0.1098, 0.0542,
         0.1269],
        [0.1455, 0.0730, 0.0772, 0.0865, 0.0875, 0.0676, 0.0670, 0.1913, 0.0811,
         0.1233],
        [0.1470, 0.0529, 0.0737, 0.0894, 0.0938, 0.0728, 0.0591, 0.1061, 0.0844,
         0.2209],
        [0.1588, 0.0807, 0.0933, 0.1096, 0.0770, 0.0841, 0.1054, 0.1158, 0.0528,
         0.1225],
        [0.1466, 0.0794, 0.0823, 0.0993, 0.0803, 0.0954, 0.1049, 0.1146, 0.0676,
         0.1296],
        [0.1617, 0.0601, 0.0748, 0.0895, 0.0629, 0.0962, 0.0728, 0.1037, 0.1338,
         0.1447],
        [0.1315, 0.0587, 0.0942, 0.0790, 0.0882, 0.0763, 0.0669, 0.2116, 0.0720,
         0.1217],
        [0.1386, 0.1325, 0.0653, 0.0900, 0.0888, 0.0757, 0.0936, 0.1234, 0.0739,
         0.1182],
        [0.1433, 0.0615, 0.0647, 0.1421, 0.0768, 0.1094, 0.0712, 0.1045, 0.0816,
         0.1449],
        [0.1381, 0.0686, 0.0887, 0.1220, 0.0746, 0.0953, 0.0924, 0.1136, 0.0654,
         0.1414],
        [0.1573, 0.0701, 0.0674, 0.1065, 0.0835, 0.0721, 0.0687, 0.1216, 0.0881,
         0.1646],
        [0.1514, 0.0671, 0.0913, 0.0689, 0.0961, 0.1014, 0.0946, 0.1192, 0.0732,
         0.1368],
        [0.1428, 0.0459, 0.0774, 0.0828, 0.1145, 0.0765, 0.0555, 0.0948, 0.0831,
         0.2268],
        [0.1402, 0.1437, 0.0646, 0.0919, 0.0918, 0.0755, 0.0879, 0.1254, 0.0700,
         0.1091],
        [0.1326, 0.1569, 0.0644, 0.0928, 0.0845, 0.0764, 0.0908, 0.1276, 0.0645,
         0.1094],
        [0.1423, 0.1140, 0.0831, 0.0779, 0.0901, 0.0890, 0.1070, 0.1252, 0.0689,
         0.1024],
        [0.1554, 0.0609, 0.0892, 0.0698, 0.1047, 0.0706, 0.0674, 0.1420, 0.0721,
         0.1679],
        [0.1452, 0.0594, 0.0673, 0.1367, 0.0769, 0.1022, 0.0710, 0.1119, 0.0834,
         0.1461],
        [0.1377, 0.0896, 0.0885, 0.1047, 0.0848, 0.0923, 0.1128, 0.1219, 0.0579,
         0.1098],
        [0.1385, 0.0573, 0.0949, 0.0779, 0.0881, 0.0766, 0.0644, 0.1501, 0.0735,
         0.1787],
        [0.1283, 0.1294, 0.0801, 0.0745, 0.0951, 0.0762, 0.0963, 0.1425, 0.0622,
         0.1153],
        [0.2149, 0.0628, 0.0821, 0.0719, 0.0782, 0.0787, 0.0824, 0.1142, 0.0651,
         0.1499],
        [0.1361, 0.0696, 0.0849, 0.0963, 0.0830, 0.1329, 0.1007, 0.1093, 0.0689,
         0.1184],
        [0.1178, 0.0682, 0.0859, 0.0834, 0.0814, 0.1744, 0.0806, 0.1157, 0.0739,
         0.1189],
        [0.1513, 0.0552, 0.0772, 0.0794, 0.0945, 0.0726, 0.0618, 0.1106, 0.0809,
         0.2165],
        [0.1164, 0.0545, 0.0790, 0.0777, 0.1817, 0.0936, 0.0672, 0.1056, 0.0739,
         0.1506],
        [0.1443, 0.0670, 0.0740, 0.1248, 0.0748, 0.1185, 0.0783, 0.1075, 0.0745,
         0.1364]], device='cuda:0', grad_fn=<SoftmaxBackward>)
>> best accuracy: 66.14999999999999	best epoch: 0

>> final recovery rate: 20.196296296296296%
>> val epoch: 5
>> current accuracy: 42.583333333333336%
outputs: tensor([[0.1002, 0.0715, 0.0804, 0.0605, 0.0992, 0.1642, 0.1340, 0.0619, 0.1544,
         0.0736],
        [0.0925, 0.0615, 0.0734, 0.0624, 0.0886, 0.2014, 0.1727, 0.0720, 0.0958,
         0.0797],
        [0.1044, 0.0639, 0.0796, 0.1140, 0.0774, 0.1453, 0.1786, 0.0648, 0.0741,
         0.0979],
        [0.2342, 0.0483, 0.0615, 0.0573, 0.0846, 0.1239, 0.1997, 0.0528, 0.0716,
         0.0662],
        [0.1055, 0.0806, 0.0753, 0.0798, 0.0994, 0.1191, 0.1370, 0.0553, 0.1501,
         0.0979],
        [0.1209, 0.0766, 0.0734, 0.0557, 0.0812, 0.1449, 0.1750, 0.1209, 0.0671,
         0.0844],
        [0.1181, 0.0772, 0.0692, 0.1334, 0.0762, 0.1324, 0.1619, 0.0683, 0.0725,
         0.0910],
        [0.1016, 0.0540, 0.0656, 0.0613, 0.0886, 0.2535, 0.1638, 0.0640, 0.0774,
         0.0701],
        [0.1143, 0.0752, 0.0738, 0.0571, 0.0887, 0.1404, 0.1749, 0.1217, 0.0640,
         0.0899],
        [0.1080, 0.0705, 0.0796, 0.0646, 0.1082, 0.1352, 0.1481, 0.0669, 0.1280,
         0.0909],
        [0.1147, 0.0724, 0.0723, 0.0531, 0.0997, 0.1419, 0.1480, 0.0803, 0.0759,
         0.1417],
        [0.1052, 0.0717, 0.0834, 0.0500, 0.0834, 0.1411, 0.1661, 0.1480, 0.0644,
         0.0867],
        [0.2230, 0.0505, 0.0664, 0.0574, 0.0919, 0.1238, 0.1743, 0.0534, 0.0874,
         0.0718],
        [0.0830, 0.0690, 0.0795, 0.0437, 0.0810, 0.2543, 0.1647, 0.0630, 0.0915,
         0.0704],
        [0.1060, 0.0680, 0.0643, 0.0611, 0.0870, 0.1183, 0.1539, 0.0693, 0.0778,
         0.1943],
        [0.0980, 0.0740, 0.0920, 0.0574, 0.0810, 0.1446, 0.1706, 0.1055, 0.0788,
         0.0981],
        [0.0996, 0.0858, 0.1414, 0.0764, 0.0818, 0.1234, 0.1838, 0.0654, 0.0677,
         0.0747],
        [0.1122, 0.0781, 0.0744, 0.1285, 0.0815, 0.1372, 0.1546, 0.0699, 0.0756,
         0.0879],
        [0.1256, 0.1033, 0.0717, 0.0751, 0.0908, 0.1259, 0.1461, 0.0780, 0.0858,
         0.0978],
        [0.1077, 0.1529, 0.0777, 0.0734, 0.0811, 0.1204, 0.1533, 0.0722, 0.0767,
         0.0846],
        [0.1850, 0.0509, 0.0678, 0.0506, 0.0675, 0.1535, 0.2390, 0.0548, 0.0655,
         0.0654],
        [0.1059, 0.0739, 0.0811, 0.0731, 0.1493, 0.1366, 0.1832, 0.0502, 0.0806,
         0.0662],
        [0.2172, 0.0517, 0.0640, 0.0613, 0.0888, 0.1308, 0.1785, 0.0570, 0.0809,
         0.0699],
        [0.1121, 0.0716, 0.0662, 0.1211, 0.0739, 0.1316, 0.1785, 0.0711, 0.0681,
         0.1058],
        [0.1188, 0.1300, 0.0682, 0.0756, 0.0960, 0.1297, 0.1469, 0.0693, 0.0871,
         0.0785],
        [0.0979, 0.0840, 0.1259, 0.0759, 0.0814, 0.1265, 0.1870, 0.0658, 0.0663,
         0.0893],
        [0.1166, 0.0696, 0.0805, 0.0698, 0.0881, 0.1094, 0.2300, 0.0732, 0.0832,
         0.0795],
        [0.1126, 0.0819, 0.0967, 0.0824, 0.1100, 0.1184, 0.1679, 0.0571, 0.0859,
         0.0872],
        [0.1067, 0.0744, 0.0827, 0.0713, 0.0937, 0.1322, 0.1365, 0.0603, 0.1496,
         0.0927],
        [0.0996, 0.0736, 0.1540, 0.0675, 0.0845, 0.1382, 0.1582, 0.0588, 0.0803,
         0.0852],
        [0.1009, 0.0820, 0.1012, 0.0736, 0.0946, 0.1214, 0.1580, 0.0827, 0.0881,
         0.0975],
        [0.1080, 0.0528, 0.0708, 0.0646, 0.0764, 0.1031, 0.3183, 0.0637, 0.0685,
         0.0739],
        [0.1119, 0.0668, 0.1127, 0.0613, 0.0877, 0.1488, 0.1761, 0.0763, 0.0734,
         0.0849],
        [0.0952, 0.0833, 0.0879, 0.0471, 0.0668, 0.2430, 0.1822, 0.0635, 0.0692,
         0.0618],
        [0.2087, 0.0580, 0.0649, 0.0676, 0.0915, 0.1306, 0.1592, 0.0634, 0.0853,
         0.0708],
        [0.0978, 0.0797, 0.1651, 0.0651, 0.0780, 0.1255, 0.1718, 0.0585, 0.0795,
         0.0789],
        [0.1040, 0.0693, 0.0810, 0.1054, 0.0782, 0.1449, 0.1897, 0.0696, 0.0731,
         0.0847],
        [0.1069, 0.0538, 0.0560, 0.0648, 0.2051, 0.1309, 0.1363, 0.0633, 0.0988,
         0.0843],
        [0.1287, 0.0830, 0.0721, 0.0552, 0.0773, 0.1433, 0.1633, 0.1165, 0.0697,
         0.0909],
        [0.1115, 0.0682, 0.0723, 0.0597, 0.0895, 0.1632, 0.1465, 0.0786, 0.0945,
         0.1162],
        [0.1119, 0.0716, 0.0714, 0.0693, 0.0962, 0.1416, 0.1322, 0.0650, 0.1560,
         0.0848],
        [0.0982, 0.0902, 0.1185, 0.0805, 0.0765, 0.1318, 0.1852, 0.0644, 0.0744,
         0.0802],
        [0.1187, 0.0553, 0.0716, 0.0722, 0.0890, 0.1160, 0.2610, 0.0600, 0.0804,
         0.0757],
        [0.0901, 0.0535, 0.0723, 0.0485, 0.0806, 0.2937, 0.1603, 0.0590, 0.0737,
         0.0681],
        [0.1120, 0.1054, 0.0838, 0.0714, 0.0755, 0.1198, 0.2069, 0.0795, 0.0738,
         0.0719],
        [0.1212, 0.0575, 0.0616, 0.0669, 0.1768, 0.1279, 0.1446, 0.0662, 0.1007,
         0.0765],
        [0.1206, 0.0706, 0.0760, 0.0523, 0.0819, 0.1478, 0.1665, 0.1270, 0.0681,
         0.0892],
        [0.1114, 0.0660, 0.0629, 0.1049, 0.0766, 0.1403, 0.1761, 0.0729, 0.0718,
         0.1171]], device='cuda:0', grad_fn=<SoftmaxBackward>)
>> best accuracy: 66.14999999999999	best epoch: 0

>> final recovery rate: 20.196296296296296%
>> val epoch: 10
>> current accuracy: 83.36666666666666%
outputs: tensor([[0.0857, 0.1022, 0.1272, 0.1030, 0.1688, 0.0639, 0.0700, 0.0729, 0.0841,
         0.1220],
        [0.0814, 0.1068, 0.0868, 0.0861, 0.0753, 0.1809, 0.0853, 0.1344, 0.1009,
         0.0620],
        [0.0758, 0.0809, 0.0902, 0.0826, 0.0952, 0.1593, 0.0920, 0.1210, 0.0784,
         0.1246],
        [0.0926, 0.1020, 0.0812, 0.1020, 0.1167, 0.0782, 0.0540, 0.1523, 0.0815,
         0.1394],
        [0.0795, 0.2198, 0.0793, 0.1063, 0.0781, 0.1011, 0.0611, 0.1003, 0.0735,
         0.1009],
        [0.1072, 0.0992, 0.0859, 0.0916, 0.0926, 0.0882, 0.1272, 0.1279, 0.0756,
         0.1045],
        [0.0704, 0.1318, 0.0548, 0.0665, 0.0823, 0.0706, 0.0589, 0.1219, 0.2535,
         0.0891],
        [0.1227, 0.1024, 0.1049, 0.0802, 0.0933, 0.1281, 0.0810, 0.0705, 0.0990,
         0.1177],
        [0.1076, 0.1317, 0.0605, 0.0968, 0.0798, 0.1202, 0.0857, 0.1146, 0.0814,
         0.1216],
        [0.2139, 0.0976, 0.0885, 0.0681, 0.0923, 0.0912, 0.0708, 0.0886, 0.0936,
         0.0953],
        [0.2190, 0.1040, 0.0966, 0.0919, 0.0963, 0.0749, 0.0772, 0.0809, 0.0801,
         0.0791],
        [0.1337, 0.0917, 0.0883, 0.0796, 0.0962, 0.0637, 0.1816, 0.0792, 0.0752,
         0.1108],
        [0.0863, 0.2205, 0.0829, 0.1116, 0.0668, 0.0947, 0.0612, 0.0956, 0.0667,
         0.1138],
        [0.0677, 0.1163, 0.1240, 0.0815, 0.0821, 0.0756, 0.0737, 0.2258, 0.0758,
         0.0775],
        [0.1134, 0.1095, 0.0559, 0.1392, 0.1057, 0.0692, 0.0670, 0.1028, 0.1115,
         0.1258],
        [0.0819, 0.0966, 0.0923, 0.0786, 0.0977, 0.0902, 0.0911, 0.1970, 0.0990,
         0.0755],
        [0.1447, 0.0923, 0.0867, 0.0914, 0.1097, 0.1105, 0.0971, 0.0986, 0.0752,
         0.0937],
        [0.3194, 0.0685, 0.0784, 0.0651, 0.1165, 0.0602, 0.0827, 0.0487, 0.0645,
         0.0959],
        [0.1022, 0.1547, 0.0690, 0.1150, 0.0793, 0.1025, 0.0681, 0.0890, 0.1338,
         0.0865],
        [0.0578, 0.0685, 0.0817, 0.0887, 0.1093, 0.0900, 0.0804, 0.0880, 0.2335,
         0.1021],
        [0.0831, 0.1254, 0.0943, 0.0870, 0.0647, 0.0812, 0.0646, 0.2533, 0.0562,
         0.0902],
        [0.1088, 0.1094, 0.1117, 0.0949, 0.0979, 0.0689, 0.0646, 0.1366, 0.0678,
         0.1395],
        [0.0951, 0.1072, 0.1094, 0.0853, 0.1904, 0.0967, 0.0728, 0.0939, 0.0715,
         0.0777],
        [0.1001, 0.1375, 0.1424, 0.0854, 0.0837, 0.0828, 0.1010, 0.0944, 0.0807,
         0.0920],
        [0.1001, 0.1043, 0.1534, 0.1000, 0.0813, 0.0875, 0.0757, 0.0954, 0.0931,
         0.1093],
        [0.2038, 0.0814, 0.0707, 0.0876, 0.1043, 0.1247, 0.0893, 0.0891, 0.0704,
         0.0786],
        [0.0788, 0.1063, 0.0926, 0.0684, 0.2167, 0.0862, 0.0847, 0.1357, 0.0707,
         0.0600],
        [0.0741, 0.2473, 0.0839, 0.0892, 0.0917, 0.0854, 0.0582, 0.0972, 0.0898,
         0.0833],
        [0.0861, 0.1190, 0.0868, 0.0696, 0.1049, 0.0656, 0.0748, 0.1131, 0.0828,
         0.1972],
        [0.1074, 0.0951, 0.0834, 0.0724, 0.1068, 0.0675, 0.0668, 0.1490, 0.1682,
         0.0834],
        [0.0905, 0.0810, 0.0980, 0.0794, 0.0873, 0.1668, 0.0693, 0.0965, 0.1178,
         0.1134],
        [0.1191, 0.0887, 0.0976, 0.0797, 0.0953, 0.0824, 0.1571, 0.0963, 0.0847,
         0.0991],
        [0.0833, 0.0974, 0.0972, 0.0812, 0.1171, 0.1090, 0.0843, 0.1779, 0.0661,
         0.0867],
        [0.0653, 0.0690, 0.1136, 0.0838, 0.2459, 0.0678, 0.0611, 0.0996, 0.0959,
         0.0981],
        [0.1886, 0.1078, 0.0879, 0.0752, 0.0869, 0.0894, 0.1053, 0.0727, 0.0913,
         0.0950],
        [0.1166, 0.1163, 0.0863, 0.0927, 0.0791, 0.0897, 0.1341, 0.0729, 0.1142,
         0.0980],
        [0.1028, 0.1039, 0.0651, 0.0996, 0.0937, 0.0778, 0.0677, 0.0699, 0.0955,
         0.2240],
        [0.0694, 0.1494, 0.0941, 0.1282, 0.0785, 0.0875, 0.0682, 0.1233, 0.0876,
         0.1137],
        [0.1280, 0.1261, 0.0881, 0.0763, 0.0878, 0.1152, 0.1163, 0.0978, 0.0780,
         0.0864],
        [0.0682, 0.1670, 0.1163, 0.0762, 0.0668, 0.0607, 0.0608, 0.1584, 0.1635,
         0.0623],
        [0.0764, 0.2159, 0.0664, 0.1404, 0.0903, 0.0935, 0.0531, 0.0820, 0.1059,
         0.0760],
        [0.0862, 0.2448, 0.0717, 0.1101, 0.0713, 0.0923, 0.0521, 0.1012, 0.0703,
         0.1000],
        [0.0860, 0.0951, 0.0714, 0.0972, 0.1117, 0.0848, 0.0656, 0.1070, 0.2142,
         0.0671],
        [0.1078, 0.1583, 0.0693, 0.0940, 0.0853, 0.0603, 0.0705, 0.0946, 0.0686,
         0.1915],
        [0.1901, 0.0896, 0.0791, 0.0693, 0.0972, 0.1073, 0.1065, 0.0853, 0.0724,
         0.1032],
        [0.1112, 0.0772, 0.0975, 0.1084, 0.0886, 0.0945, 0.1512, 0.0809, 0.0760,
         0.1146],
        [0.0679, 0.0642, 0.1045, 0.0611, 0.3373, 0.0798, 0.0602, 0.0753, 0.0779,
         0.0718],
        [0.0773, 0.1040, 0.0874, 0.1108, 0.0855, 0.1197, 0.0700, 0.1244, 0.1461,
         0.0748]], device='cuda:0', grad_fn=<SoftmaxBackward>)
>> best accuracy: 83.36666666666666	best epoch: 10

>> final recovery rate: 20.196296296296296%
>> val epoch: 15
>> current accuracy: 44.4%
outputs: tensor([[0.5508, 0.1830, 0.0420, 0.0272, 0.0580, 0.0210, 0.0271, 0.0219, 0.0213,
         0.0479],
        [0.0285, 0.0314, 0.0250, 0.1274, 0.0793, 0.0501, 0.3059, 0.0225, 0.3044,
         0.0253],
        [0.4127, 0.0382, 0.0469, 0.0312, 0.0452, 0.0115, 0.0439, 0.0351, 0.1624,
         0.1728],
        [0.0943, 0.3577, 0.0847, 0.0112, 0.0623, 0.2209, 0.0321, 0.0516, 0.0708,
         0.0144],
        [0.0270, 0.0232, 0.0899, 0.0193, 0.0543, 0.4452, 0.1773, 0.0340, 0.0354,
         0.0945],
        [0.1283, 0.0146, 0.1262, 0.0173, 0.0192, 0.0203, 0.3377, 0.2530, 0.0711,
         0.0123],
        [0.0296, 0.0927, 0.0878, 0.1422, 0.0657, 0.1670, 0.2623, 0.0309, 0.0567,
         0.0650],
        [0.1296, 0.1714, 0.0615, 0.1115, 0.0825, 0.0711, 0.0272, 0.0519, 0.0564,
         0.2369],
        [0.2372, 0.0193, 0.1574, 0.0240, 0.2175, 0.0347, 0.0458, 0.0332, 0.2069,
         0.0241],
        [0.1043, 0.0991, 0.0697, 0.0594, 0.0545, 0.1470, 0.1164, 0.1043, 0.1107,
         0.1347],
        [0.4519, 0.1173, 0.0312, 0.1197, 0.0504, 0.0861, 0.0645, 0.0176, 0.0290,
         0.0323],
        [0.0291, 0.0811, 0.0086, 0.4783, 0.1550, 0.1230, 0.0318, 0.0366, 0.0252,
         0.0312],
        [0.1050, 0.1003, 0.1092, 0.1225, 0.1337, 0.1130, 0.0663, 0.0955, 0.0784,
         0.0761],
        [0.1209, 0.0283, 0.0151, 0.0842, 0.1198, 0.0151, 0.0700, 0.0394, 0.3676,
         0.1395],
        [0.1752, 0.2231, 0.0532, 0.0934, 0.0708, 0.0485, 0.0668, 0.1613, 0.0891,
         0.0184],
        [0.0707, 0.0288, 0.0105, 0.1138, 0.0562, 0.1268, 0.0548, 0.0484, 0.1394,
         0.3506],
        [0.4809, 0.0302, 0.1324, 0.0336, 0.0196, 0.0550, 0.0355, 0.0707, 0.0680,
         0.0742],
        [0.0576, 0.0947, 0.0508, 0.1813, 0.0861, 0.0864, 0.1895, 0.0610, 0.1125,
         0.0802],
        [0.0456, 0.0184, 0.4781, 0.0945, 0.0983, 0.1003, 0.0545, 0.0168, 0.0276,
         0.0659],
        [0.0253, 0.1784, 0.1609, 0.1659, 0.1067, 0.0478, 0.0758, 0.0475, 0.0778,
         0.1140],
        [0.0807, 0.2767, 0.0523, 0.0746, 0.1644, 0.1239, 0.0351, 0.0194, 0.1343,
         0.0385],
        [0.0254, 0.2401, 0.1918, 0.0290, 0.0197, 0.1267, 0.1093, 0.1686, 0.0167,
         0.0727],
        [0.1398, 0.1049, 0.1477, 0.0371, 0.1550, 0.0168, 0.2225, 0.0099, 0.0925,
         0.0738],
        [0.0276, 0.0567, 0.0623, 0.0561, 0.4396, 0.0313, 0.1216, 0.0289, 0.1538,
         0.0222],
        [0.2168, 0.1770, 0.0221, 0.0312, 0.0418, 0.2126, 0.1160, 0.0661, 0.0399,
         0.0764],
        [0.0470, 0.0366, 0.1845, 0.0489, 0.1225, 0.1794, 0.1478, 0.0240, 0.0721,
         0.1372],
        [0.1487, 0.1218, 0.0295, 0.1300, 0.2397, 0.0233, 0.0733, 0.0295, 0.0671,
         0.1372],
        [0.0311, 0.0372, 0.1439, 0.0668, 0.1182, 0.0489, 0.3752, 0.0363, 0.0816,
         0.0609],
        [0.1703, 0.1633, 0.0668, 0.0783, 0.0714, 0.0676, 0.0641, 0.1812, 0.0733,
         0.0637],
        [0.0531, 0.2434, 0.0799, 0.0922, 0.0693, 0.1486, 0.0460, 0.0425, 0.1138,
         0.1111],
        [0.1152, 0.2631, 0.1714, 0.0401, 0.0513, 0.0201, 0.0562, 0.0582, 0.1993,
         0.0252],
        [0.2934, 0.0949, 0.1103, 0.1256, 0.0584, 0.0872, 0.0682, 0.0254, 0.0712,
         0.0653],
        [0.2369, 0.0261, 0.1419, 0.0927, 0.0690, 0.0846, 0.0338, 0.0361, 0.0350,
         0.2439],
        [0.0149, 0.0131, 0.6244, 0.0237, 0.0772, 0.0037, 0.1007, 0.0257, 0.1103,
         0.0063],
        [0.2549, 0.0603, 0.0308, 0.0881, 0.2291, 0.0419, 0.0163, 0.0707, 0.1335,
         0.0744],
        [0.0325, 0.0773, 0.3489, 0.1139, 0.0645, 0.0285, 0.1472, 0.0909, 0.0539,
         0.0424],
        [0.1633, 0.1868, 0.1405, 0.1667, 0.0720, 0.0929, 0.0682, 0.0196, 0.0173,
         0.0727],
        [0.0415, 0.1015, 0.0376, 0.0641, 0.0924, 0.0987, 0.0926, 0.0124, 0.3482,
         0.1110],
        [0.0839, 0.0952, 0.0503, 0.1945, 0.0400, 0.1108, 0.0667, 0.1999, 0.0635,
         0.0953],
        [0.0752, 0.1616, 0.0801, 0.1204, 0.1635, 0.0921, 0.0718, 0.0631, 0.1207,
         0.0515],
        [0.0450, 0.0062, 0.0441, 0.1150, 0.4657, 0.0131, 0.0863, 0.0151, 0.1107,
         0.0989],
        [0.1466, 0.0758, 0.1809, 0.1990, 0.1180, 0.0304, 0.0474, 0.0818, 0.0906,
         0.0295],
        [0.1601, 0.3042, 0.0145, 0.0152, 0.0547, 0.0666, 0.0184, 0.1071, 0.0849,
         0.1743],
        [0.1443, 0.0708, 0.0203, 0.0577, 0.0200, 0.1470, 0.3814, 0.0499, 0.0508,
         0.0577],
        [0.1231, 0.1403, 0.0843, 0.1534, 0.1067, 0.1105, 0.0519, 0.0446, 0.0811,
         0.1042],
        [0.0467, 0.1912, 0.0137, 0.0304, 0.0397, 0.2467, 0.2985, 0.0461, 0.0630,
         0.0241],
        [0.0999, 0.0499, 0.1163, 0.0480, 0.0740, 0.0674, 0.2958, 0.0793, 0.0757,
         0.0936],
        [0.0958, 0.2223, 0.0781, 0.0479, 0.0639, 0.1041, 0.1559, 0.1051, 0.0641,
         0.0629]], device='cuda:0', grad_fn=<SoftmaxBackward>)
>> best accuracy: 83.36666666666666	best epoch: 10

>> final recovery rate: 20.196296296296296%
>> val epoch: 20
>> current accuracy: 28.133333333333333%
outputs: tensor([[7.5592e-03, 4.6537e-03, 6.2972e-03, 1.4858e-02, 3.6481e-03, 4.2456e-02,
         6.8977e-02, 8.2215e-01, 2.9277e-02, 1.2343e-04],
        [3.8686e-03, 1.6435e-04, 6.4578e-04, 2.1051e-03, 1.0850e-02, 1.2892e-03,
         4.6964e-03, 1.5035e-03, 1.9395e-03, 9.7294e-01],
        [8.9468e-02, 1.1654e-02, 2.5306e-02, 3.0060e-02, 5.3962e-03, 4.6340e-02,
         2.7640e-02, 6.7693e-01, 3.6301e-02, 5.0901e-02],
        [1.1299e-03, 3.6867e-06, 1.8520e-03, 1.7067e-02, 9.6799e-01, 2.4400e-06,
         9.9500e-03, 1.3833e-04, 3.4564e-06, 1.8680e-03],
        [7.8942e-06, 6.6005e-05, 9.8930e-01, 2.9962e-03, 1.9101e-03, 1.6212e-03,
         4.0053e-03, 7.3037e-07, 8.4761e-05, 6.3963e-06],
        [1.8437e-04, 5.5860e-03, 7.5375e-04, 1.8204e-04, 1.1629e-02, 2.8817e-02,
         1.8588e-03, 9.5021e-01, 6.1456e-04, 1.6323e-04],
        [1.5197e-01, 3.7985e-02, 6.8450e-02, 1.4057e-02, 3.4461e-03, 1.6223e-02,
         4.7158e-03, 1.8709e-02, 6.7051e-01, 1.3934e-02],
        [1.3736e-01, 5.9877e-02, 4.0747e-01, 4.1113e-02, 3.7960e-02, 6.8974e-03,
         1.2479e-01, 8.8423e-02, 6.7182e-02, 2.8930e-02],
        [9.7970e-03, 4.8261e-02, 1.0092e-01, 1.0171e-02, 1.5431e-02, 1.7070e-02,
         6.2532e-02, 2.2081e-03, 2.3157e-03, 7.3129e-01],
        [7.5768e-03, 9.1791e-05, 1.7774e-01, 1.8321e-02, 8.7301e-03, 6.6892e-02,
         6.8579e-01, 4.6927e-04, 4.6974e-03, 2.9687e-02],
        [6.2408e-03, 6.0761e-01, 1.7293e-01, 4.7897e-02, 2.0069e-02, 2.8834e-02,
         4.0670e-03, 1.0112e-01, 9.5058e-03, 1.7319e-03],
        [3.7999e-03, 1.5394e-04, 9.6576e-03, 2.1887e-03, 3.6822e-04, 9.7290e-01,
         9.8655e-03, 1.6793e-04, 5.5974e-04, 3.4067e-04],
        [7.4479e-03, 2.5509e-03, 5.1432e-03, 7.5553e-03, 4.5257e-02, 7.3778e-02,
         5.0044e-02, 1.6426e-02, 7.8820e-01, 3.5956e-03],
        [3.4444e-03, 9.0986e-03, 3.5731e-03, 2.5988e-02, 8.4191e-01, 1.6096e-04,
         4.2587e-04, 1.7432e-04, 1.1519e-01, 3.5846e-05],
        [7.0126e-04, 5.7079e-02, 2.1808e-03, 6.8573e-03, 6.2226e-02, 2.4132e-02,
         2.9982e-03, 5.5160e-03, 4.0828e-03, 8.3423e-01],
        [1.7158e-01, 3.8736e-01, 7.0464e-02, 6.2931e-02, 3.5374e-02, 4.3002e-02,
         7.6009e-02, 7.6626e-02, 2.4423e-02, 5.2233e-02],
        [4.9292e-02, 6.1330e-02, 1.0682e-01, 1.5838e-02, 3.5854e-02, 2.2363e-02,
         3.0720e-02, 2.3083e-02, 4.4493e-01, 2.0977e-01],
        [8.0086e-03, 4.3624e-03, 8.6222e-02, 8.7374e-01, 5.7352e-03, 1.4199e-04,
         2.9240e-04, 1.3132e-02, 7.7950e-03, 5.6754e-04],
        [2.9418e-03, 5.3356e-03, 6.9722e-04, 2.8960e-01, 3.8623e-02, 3.4797e-01,
         2.5518e-01, 1.8772e-02, 4.0677e-02, 2.1547e-04],
        [5.7173e-01, 1.2840e-03, 3.4441e-02, 4.1782e-02, 6.7478e-02, 1.4571e-02,
         1.1080e-01, 9.0887e-04, 7.1254e-04, 1.5629e-01],
        [2.6388e-04, 5.6582e-01, 1.7887e-04, 1.3100e-02, 1.4854e-03, 3.8625e-02,
         8.1833e-03, 1.9002e-01, 1.7052e-01, 1.1803e-02],
        [2.2142e-03, 1.2500e-03, 1.2732e-02, 5.4563e-04, 9.0259e-01, 6.3538e-03,
         7.4849e-04, 1.1131e-03, 2.9484e-03, 6.9500e-02],
        [1.6245e-02, 6.5118e-01, 1.8406e-03, 9.3736e-02, 1.6993e-02, 3.1946e-02,
         1.1177e-01, 7.2257e-03, 5.6276e-02, 1.2789e-02],
        [2.6533e-03, 9.3507e-01, 2.4879e-04, 4.7465e-03, 2.0664e-04, 5.6107e-03,
         9.9128e-05, 2.4932e-02, 2.6326e-02, 1.0697e-04],
        [4.6457e-02, 2.2248e-01, 1.8518e-01, 3.2234e-02, 1.8475e-01, 1.2680e-01,
         7.8878e-02, 6.5719e-02, 3.1424e-02, 2.6073e-02],
        [2.0908e-04, 9.8231e-01, 2.7435e-04, 7.9055e-03, 3.3656e-04, 3.3088e-03,
         6.1422e-04, 4.9921e-06, 5.0232e-03, 1.6432e-05],
        [1.3371e-04, 8.8601e-04, 9.8580e-01, 1.0909e-02, 1.4814e-03, 2.8585e-05,
         6.8216e-04, 2.3466e-05, 9.1596e-06, 4.4413e-05],
        [1.3561e-01, 3.8210e-03, 1.5003e-02, 6.3473e-02, 1.1180e-02, 9.0063e-04,
         6.8807e-01, 8.7331e-05, 8.1601e-02, 2.5280e-04],
        [9.6297e-01, 7.1693e-04, 2.8792e-03, 8.5297e-04, 5.7751e-03, 1.8342e-04,
         1.9618e-02, 2.6785e-03, 3.8618e-03, 4.6647e-04],
        [3.7362e-02, 3.0203e-01, 1.2403e-02, 4.0293e-02, 1.9487e-02, 5.0817e-03,
         4.4542e-03, 1.3925e-02, 5.5805e-01, 6.9149e-03],
        [6.4762e-03, 1.1608e-02, 1.5514e-03, 5.5441e-01, 1.1841e-02, 8.3118e-02,
         1.1906e-02, 3.1353e-01, 3.6982e-04, 5.1954e-03],
        [4.6318e-02, 1.7008e-01, 1.5755e-01, 7.9312e-02, 9.5147e-02, 6.6054e-02,
         6.5995e-02, 1.1600e-01, 5.7557e-02, 1.4598e-01],
        [3.2265e-03, 1.1736e-03, 9.8040e-04, 3.4835e-03, 2.1394e-01, 1.7989e-02,
         1.9799e-02, 7.1324e-01, 5.8949e-03, 2.0274e-02],
        [7.1938e-02, 1.7467e-01, 8.4727e-02, 1.8571e-01, 1.1966e-01, 3.9704e-02,
         7.0718e-02, 1.2456e-01, 5.6873e-02, 7.1435e-02],
        [2.4042e-05, 1.1899e-04, 8.9556e-03, 6.0317e-03, 6.4754e-02, 1.1824e-03,
         8.8946e-01, 2.8351e-02, 2.3548e-04, 8.8539e-04],
        [1.4549e-01, 5.6071e-04, 3.2380e-02, 3.6924e-02, 7.0464e-03, 6.9414e-01,
         3.3870e-02, 1.0862e-02, 3.7142e-03, 3.5011e-02],
        [3.0306e-03, 7.6855e-04, 2.3012e-03, 2.2582e-02, 3.9834e-02, 3.0916e-02,
         4.1214e-01, 4.7564e-01, 9.6110e-04, 1.1833e-02],
        [3.0000e-04, 1.4543e-05, 8.7066e-05, 1.4510e-03, 4.9496e-02, 5.8494e-01,
         3.7795e-02, 2.3206e-04, 3.2445e-01, 1.2356e-03],
        [3.4773e-02, 2.5925e-03, 2.0379e-02, 1.6213e-02, 3.7095e-02, 3.0587e-01,
         7.4242e-02, 4.0078e-01, 4.1699e-03, 1.0389e-01],
        [1.7646e-01, 5.4683e-03, 4.2583e-02, 3.1516e-01, 8.5992e-02, 6.1677e-04,
         9.7148e-02, 2.6963e-02, 2.4395e-01, 5.6552e-03],
        [1.1262e-01, 2.2447e-03, 2.5846e-01, 7.5798e-02, 3.3081e-03, 1.2353e-02,
         1.2816e-01, 1.3827e-02, 3.9109e-01, 2.1330e-03],
        [2.3927e-06, 1.9985e-05, 2.6380e-05, 1.6223e-03, 7.5652e-03, 8.6360e-04,
         2.4979e-05, 7.0191e-05, 9.8057e-01, 9.2324e-03],
        [8.9077e-03, 8.6309e-01, 2.8812e-02, 9.4500e-04, 1.4167e-02, 3.8579e-03,
         9.6744e-04, 2.7042e-04, 3.6188e-02, 4.2790e-02],
        [2.8210e-08, 1.4767e-05, 9.9738e-01, 3.0647e-08, 1.8453e-05, 2.4032e-03,
         2.0374e-06, 1.7845e-04, 3.5230e-07, 1.7126e-07],
        [2.6759e-03, 1.6345e-02, 3.0253e-02, 1.9042e-02, 4.0119e-02, 4.6773e-02,
         2.0352e-02, 2.9763e-03, 9.9922e-03, 8.1147e-01],
        [1.7985e-02, 5.8524e-01, 3.4183e-02, 2.6329e-02, 1.3088e-02, 2.4306e-02,
         4.3107e-02, 2.3380e-01, 2.1785e-04, 2.1748e-02],
        [5.1970e-04, 3.5067e-03, 7.0978e-05, 1.4731e-04, 2.2777e-04, 1.1588e-04,
         1.7567e-05, 6.8184e-05, 9.9384e-01, 1.4819e-03],
        [7.5314e-01, 1.9147e-01, 9.7709e-05, 2.4993e-03, 4.7499e-04, 1.0902e-02,
         4.1239e-04, 3.3982e-03, 3.7302e-04, 3.7237e-02]], device='cuda:0',
       grad_fn=<SoftmaxBackward>)
>> best accuracy: 83.36666666666666	best epoch: 10

>> final recovery rate: 20.196296296296296%
>> val epoch: 25
>> current accuracy: 18.816666666666666%
outputs: tensor([[6.5593e-03, 4.3183e-03, 1.6189e-05, 1.2567e-02, 9.4783e-01, 1.3552e-03,
         2.2054e-04, 2.4018e-02, 2.1765e-03, 9.3684e-04],
        [2.4364e-06, 5.3560e-05, 3.9199e-08, 1.4754e-03, 2.5842e-03, 2.0336e-06,
         2.3567e-03, 1.8743e-05, 9.9333e-01, 1.7778e-04],
        [4.8908e-04, 3.6986e-06, 3.8018e-06, 2.3176e-03, 8.5057e-06, 2.6261e-03,
         1.1979e-04, 1.3716e-04, 9.9406e-01, 2.3673e-04],
        [2.5396e-03, 1.0897e-02, 2.8608e-02, 1.5017e-02, 6.0550e-02, 6.0492e-03,
         1.2941e-01, 4.1063e-05, 7.4401e-01, 2.8780e-03],
        [6.6194e-02, 2.8808e-01, 8.0540e-02, 9.1308e-02, 2.9981e-02, 8.5099e-02,
         9.1237e-02, 8.0613e-02, 5.3306e-02, 1.3364e-01],
        [1.0871e-01, 2.0237e-01, 8.4187e-02, 3.3174e-02, 4.4655e-02, 3.7249e-01,
         8.0839e-03, 2.7411e-02, 4.3715e-02, 7.5212e-02],
        [3.6460e-02, 2.9133e-02, 2.7214e-02, 3.9183e-01, 3.6484e-02, 1.8670e-01,
         5.1129e-02, 1.1099e-02, 2.0552e-02, 2.0940e-01],
        [3.4635e-02, 8.9370e-04, 5.2055e-02, 1.6468e-02, 6.4524e-03, 2.5362e-04,
         3.4676e-02, 8.8740e-05, 8.5428e-01, 1.9546e-04],
        [1.9749e-01, 8.7504e-02, 3.5879e-01, 3.8416e-05, 9.3269e-05, 1.2092e-04,
         1.9370e-04, 6.2155e-06, 3.3411e-01, 2.1658e-02],
        [3.4009e-07, 8.5370e-06, 1.0947e-04, 4.4625e-06, 9.9947e-01, 1.1884e-05,
         1.7193e-06, 3.2259e-04, 7.7331e-07, 7.5161e-05],
        [3.6533e-02, 9.5762e-01, 1.3010e-04, 3.4237e-04, 4.3110e-03, 5.7568e-05,
         2.5412e-05, 8.3324e-04, 2.6329e-06, 1.4486e-04],
        [1.1269e-09, 1.5262e-08, 9.9983e-01, 7.8938e-05, 6.2126e-05, 2.3917e-05,
         1.7288e-06, 2.3412e-07, 2.6906e-06, 4.8578e-07],
        [9.9543e-01, 1.9419e-06, 3.2206e-03, 5.3589e-04, 7.8906e-07, 2.3686e-04,
         4.2149e-07, 3.9032e-05, 4.6088e-05, 4.9234e-04],
        [4.9022e-04, 3.7520e-05, 1.0431e-04, 7.3256e-05, 6.5848e-03, 1.3104e-04,
         9.9258e-01, 1.4406e-06, 7.5036e-07, 1.1657e-06],
        [2.3757e-03, 9.7568e-04, 1.4582e-03, 3.2985e-03, 4.3523e-04, 2.7587e-05,
         1.0436e-04, 3.3947e-04, 9.8997e-01, 1.0175e-03],
        [6.2881e-02, 2.5180e-01, 4.2073e-02, 4.3674e-02, 2.4639e-01, 2.4163e-03,
         3.4183e-01, 5.2633e-03, 5.2473e-04, 3.1464e-03],
        [2.9506e-02, 4.8120e-02, 4.5614e-03, 1.4014e-03, 5.4034e-01, 2.4094e-01,
         1.0217e-01, 2.6396e-02, 7.2875e-04, 5.8339e-03],
        [7.8570e-04, 5.7626e-03, 1.3288e-05, 4.6392e-02, 9.3973e-01, 5.6224e-03,
         1.6938e-03, 2.0421e-06, 2.6984e-06, 7.0706e-08],
        [1.0096e-02, 3.2815e-04, 4.6982e-04, 6.2275e-05, 6.8096e-03, 5.0971e-01,
         2.2283e-03, 4.1439e-01, 8.6321e-04, 5.5045e-02],
        [5.2033e-07, 2.2864e-03, 1.6977e-04, 9.6442e-07, 1.0309e-05, 1.3100e-03,
         1.8179e-04, 9.9586e-01, 1.2226e-09, 1.8383e-04],
        [9.3883e-06, 2.5023e-07, 5.4385e-06, 1.8558e-05, 4.0801e-07, 1.9150e-04,
         9.9971e-01, 3.4450e-06, 2.7441e-06, 6.0359e-05],
        [2.4484e-01, 1.0992e-02, 5.6272e-02, 3.7362e-01, 1.2812e-02, 2.9436e-02,
         3.6177e-02, 1.2514e-03, 8.8248e-03, 2.2578e-01],
        [1.0412e-03, 2.1877e-04, 5.8002e-05, 6.2805e-02, 1.3699e-05, 4.5812e-01,
         7.8705e-04, 1.4256e-01, 1.1843e-01, 2.1597e-01],
        [1.5083e-02, 4.1595e-02, 8.2921e-03, 3.9111e-01, 7.5116e-03, 3.7468e-04,
         7.7679e-04, 5.2739e-01, 1.7768e-03, 6.0893e-03],
        [2.0693e-03, 8.0559e-02, 5.0168e-05, 1.0163e-04, 1.8068e-03, 8.3483e-05,
         9.1481e-01, 1.9645e-04, 3.1062e-04, 8.8626e-06],
        [6.6462e-04, 1.2731e-03, 2.2679e-01, 9.6346e-02, 1.2935e-01, 2.8722e-04,
         5.0139e-01, 3.5268e-02, 3.2188e-03, 5.4171e-03],
        [5.3700e-04, 5.8818e-06, 3.8517e-06, 2.8187e-04, 8.4672e-06, 9.9870e-01,
         1.6979e-06, 9.1510e-05, 3.7283e-04, 7.3262e-07],
        [5.9494e-03, 1.5618e-03, 6.0595e-02, 1.2449e-02, 2.1715e-01, 2.0026e-01,
         2.4847e-04, 3.3585e-02, 1.1938e-02, 4.5627e-01],
        [9.4481e-05, 2.0797e-05, 9.9612e-01, 2.6882e-03, 4.5601e-04, 5.6370e-07,
         1.1831e-04, 6.5581e-06, 3.7060e-04, 1.2512e-04],
        [3.0483e-05, 9.8542e-01, 2.3148e-03, 1.0830e-02, 9.3824e-04, 2.5901e-04,
         8.4020e-06, 2.9686e-05, 1.5916e-04, 1.5019e-05],
        [1.4943e-02, 1.6010e-03, 8.9354e-03, 2.4834e-02, 4.1169e-03, 1.4136e-02,
         1.2022e-01, 4.8550e-02, 7.2789e-01, 3.4773e-02],
        [4.4807e-05, 2.2570e-02, 7.8940e-05, 5.0748e-03, 1.5238e-02, 5.4504e-05,
         3.9759e-04, 6.6003e-04, 5.2801e-04, 9.5535e-01],
        [3.7593e-04, 1.8616e-03, 4.6772e-06, 3.2667e-02, 5.1001e-05, 9.3970e-01,
         2.1216e-03, 3.7431e-03, 7.2843e-03, 1.2187e-02],
        [7.0355e-03, 1.8686e-01, 2.4720e-03, 1.1730e-02, 1.7006e-02, 7.6004e-05,
         2.4193e-01, 1.7015e-01, 1.4007e-01, 2.2267e-01],
        [3.0656e-01, 4.8111e-05, 3.1335e-03, 3.3080e-03, 6.5497e-01, 5.4726e-03,
         2.1146e-02, 1.1667e-03, 3.7319e-03, 4.6040e-04],
        [9.7955e-01, 2.1764e-03, 2.5941e-04, 2.1543e-03, 1.1211e-03, 7.8912e-03,
         9.7677e-05, 1.4846e-04, 6.5566e-03, 4.1561e-05],
        [4.6120e-03, 8.9070e-01, 1.2517e-05, 2.0131e-05, 1.6054e-02, 3.0374e-05,
         8.1071e-02, 5.8475e-03, 1.2043e-04, 1.5333e-03],
        [1.0253e-03, 4.9065e-05, 3.2844e-05, 5.0821e-03, 7.9528e-04, 1.0396e-04,
         4.5053e-03, 9.8678e-01, 7.2778e-04, 9.0229e-04],
        [1.8073e-02, 8.5977e-04, 3.1595e-02, 7.3672e-03, 8.2180e-03, 2.9039e-02,
         6.3547e-03, 1.5676e-03, 1.0675e-02, 8.8625e-01],
        [8.8480e-01, 3.1595e-02, 2.4950e-03, 6.3453e-02, 1.2627e-03, 4.3648e-03,
         3.3731e-03, 6.4535e-03, 1.0646e-03, 1.1355e-03],
        [6.7982e-02, 7.0950e-05, 4.3373e-02, 2.0688e-03, 5.7016e-06, 3.9881e-04,
         4.3036e-03, 1.7079e-05, 4.8695e-07, 8.8178e-01],
        [3.4162e-06, 8.1145e-06, 3.7059e-05, 2.1253e-04, 9.9896e-01, 1.1876e-05,
         3.3817e-04, 1.3764e-04, 2.8676e-04, 6.0818e-06],
        [6.8874e-01, 7.7679e-02, 1.1806e-02, 8.8135e-02, 2.8486e-02, 9.0449e-02,
         3.5065e-03, 2.2266e-03, 2.4723e-03, 6.5008e-03],
        [7.1031e-03, 2.0356e-04, 1.1050e-01, 3.8383e-02, 2.1901e-01, 2.8656e-01,
         5.3106e-02, 1.2284e-01, 1.7617e-03, 1.6054e-01],
        [1.8472e-04, 6.4741e-05, 2.1452e-04, 4.0516e-04, 4.0419e-05, 9.8561e-01,
         5.9387e-03, 1.9695e-07, 6.4941e-03, 1.0447e-03],
        [8.2028e-06, 9.9791e-01, 4.6360e-07, 1.4693e-03, 2.6520e-04, 1.1263e-04,
         3.3194e-06, 9.9581e-05, 1.2577e-04, 7.9602e-07],
        [4.9614e-03, 2.7570e-05, 1.7545e-02, 5.8941e-04, 2.6675e-02, 4.3068e-01,
         5.1104e-01, 4.4652e-03, 3.8118e-04, 3.6295e-03],
        [1.0238e-04, 7.3883e-05, 9.9972e-01, 1.6721e-06, 6.5692e-05, 6.9691e-06,
         3.4909e-07, 2.7562e-05, 9.0643e-07, 1.4674e-08]], device='cuda:0',
       grad_fn=<SoftmaxBackward>)
>> best accuracy: 83.36666666666666	best epoch: 10

>> final recovery rate: 20.196296296296296%
>> val epoch: 30
>> current accuracy: 19.05%
outputs: tensor([[7.0174e-04, 4.2205e-01, 1.5514e-03, 5.7355e-01, 3.2919e-05, 1.9344e-03,
         7.2816e-06, 1.0018e-04, 1.4912e-05, 6.3112e-05],
        [2.2099e-04, 1.3441e-01, 2.0694e-03, 4.4659e-05, 1.4365e-02, 8.4809e-01,
         1.5002e-05, 5.7098e-04, 1.9912e-04, 1.0831e-05],
        [1.2409e-02, 2.0184e-03, 7.5356e-01, 1.4401e-02, 4.1791e-02, 1.0027e-02,
         3.0480e-02, 5.4927e-02, 2.8999e-03, 7.7483e-02],
        [1.0563e-03, 6.6294e-05, 1.1903e-04, 3.4348e-05, 1.3657e-03, 9.7568e-01,
         1.4971e-02, 1.6342e-03, 3.6909e-03, 1.3857e-03],
        [9.9597e-01, 1.1378e-05, 1.3684e-03, 1.9895e-04, 1.9710e-04, 1.7492e-03,
         2.0705e-05, 1.5963e-04, 3.2495e-04, 4.3543e-06],
        [1.3410e-04, 1.6825e-05, 4.8114e-06, 2.6143e-01, 1.3993e-03, 2.4914e-02,
         8.8101e-04, 1.1467e-04, 5.1697e-03, 7.0594e-01],
        [1.3922e-05, 3.4112e-08, 3.5863e-05, 2.9778e-05, 1.1900e-06, 3.9557e-08,
         9.9864e-01, 3.6122e-05, 3.9686e-04, 8.4624e-04],
        [1.4244e-04, 1.2372e-03, 7.8755e-01, 2.4632e-04, 5.9764e-05, 3.3806e-03,
         1.6780e-01, 3.3854e-04, 1.0026e-03, 3.8249e-02],
        [5.9282e-01, 3.5430e-01, 2.7971e-04, 7.7064e-03, 3.8365e-03, 7.2904e-03,
         2.0719e-04, 1.0901e-03, 1.0180e-02, 2.2291e-02],
        [2.2708e-03, 8.0130e-02, 7.6758e-03, 3.6946e-03, 5.8259e-02, 1.5734e-02,
         8.1254e-01, 1.5976e-02, 2.5488e-03, 1.1732e-03],
        [6.1627e-04, 7.3483e-06, 1.1740e-04, 9.6582e-05, 7.7426e-04, 1.8215e-02,
         2.8400e-04, 6.3610e-06, 9.8763e-05, 9.7978e-01],
        [2.3927e-03, 4.7293e-06, 9.9606e-01, 7.1651e-06, 1.4104e-03, 2.0690e-05,
         7.7092e-05, 2.4218e-07, 2.7874e-05, 2.6528e-06],
        [2.1951e-05, 2.3098e-05, 2.0304e-04, 3.3406e-02, 9.1097e-03, 2.1876e-01,
         3.5681e-03, 2.0375e-04, 7.3317e-01, 1.5315e-03],
        [2.5294e-09, 3.7882e-06, 1.5409e-06, 1.5754e-04, 8.0519e-08, 7.8920e-07,
         7.3258e-06, 4.2778e-05, 9.9978e-01, 3.4035e-06],
        [6.3802e-06, 3.0774e-02, 9.6491e-01, 3.1797e-04, 1.6196e-03, 5.8003e-04,
         5.7630e-04, 8.8005e-04, 3.2645e-04, 1.1424e-05],
        [1.9617e-01, 9.8268e-02, 4.6814e-04, 7.0025e-01, 3.5781e-04, 8.1573e-04,
         1.7597e-03, 6.0699e-04, 9.8960e-04, 3.1535e-04],
        [9.9886e-01, 4.1502e-04, 1.8424e-05, 4.7460e-05, 1.7516e-06, 4.4741e-04,
         1.2962e-05, 1.1353e-04, 3.7219e-05, 4.2245e-05],
        [3.0795e-04, 8.0952e-01, 1.5574e-06, 1.2632e-02, 1.6766e-01, 3.8769e-04,
         5.1838e-03, 7.5726e-05, 4.0293e-03, 2.0911e-04],
        [8.4500e-01, 1.1614e-01, 3.7911e-02, 1.7259e-05, 2.1044e-06, 1.4869e-05,
         1.4169e-04, 7.0242e-04, 3.8273e-08, 6.6096e-05],
        [5.2569e-02, 7.1096e-05, 2.2712e-03, 2.4213e-06, 9.1119e-01, 5.4005e-06,
         1.1509e-04, 2.3903e-02, 9.7333e-03, 1.4225e-04],
        [7.8100e-04, 2.6487e-02, 1.0103e-05, 1.4878e-03, 6.8023e-04, 9.1515e-01,
         1.1554e-03, 1.6957e-02, 2.8158e-02, 9.1344e-03],
        [2.3113e-05, 5.5304e-04, 6.0794e-05, 9.9760e-01, 1.7473e-03, 3.6046e-06,
         1.1119e-06, 5.2688e-06, 4.7938e-07, 9.9872e-06],
        [4.6732e-04, 3.6848e-01, 3.0589e-03, 5.7222e-02, 3.6321e-01, 2.5548e-04,
         1.9385e-04, 7.8896e-03, 1.9919e-01, 3.1584e-05],
        [2.4946e-06, 7.7682e-04, 2.3310e-05, 1.9748e-03, 6.3402e-02, 6.6826e-06,
         3.8585e-04, 5.9760e-02, 3.5935e-04, 8.7331e-01],
        [1.8364e-02, 2.5813e-03, 6.6098e-02, 2.0415e-03, 3.3236e-05, 5.6605e-06,
         9.0509e-01, 7.8936e-06, 2.3383e-03, 3.4394e-03],
        [9.9586e-01, 2.5383e-03, 1.2000e-03, 2.8293e-06, 3.9986e-05, 6.7104e-05,
         3.0111e-05, 7.9702e-05, 8.8369e-06, 1.6876e-04],
        [8.1600e-04, 7.7482e-04, 5.7787e-03, 9.1696e-02, 2.4685e-02, 2.4254e-03,
         6.9369e-03, 4.0816e-05, 4.1543e-03, 8.6269e-01],
        [6.1693e-03, 2.3884e-03, 4.6306e-04, 6.5262e-04, 1.2530e-02, 3.8324e-04,
         9.7031e-01, 2.3347e-04, 1.9644e-03, 4.9081e-03],
        [1.1981e-01, 4.1449e-02, 5.3863e-01, 3.9872e-03, 1.2399e-03, 3.0197e-02,
         2.4888e-01, 6.6988e-03, 7.5763e-03, 1.5275e-03],
        [4.5536e-05, 4.8110e-04, 1.2602e-03, 4.9586e-07, 9.9786e-01, 1.3374e-04,
         5.4953e-08, 1.4046e-04, 7.5317e-05, 4.7467e-08],
        [8.3769e-03, 3.8844e-08, 6.1286e-01, 6.7733e-05, 3.6606e-02, 2.6506e-08,
         3.5976e-07, 3.4208e-01, 2.2123e-06, 5.8404e-06],
        [7.0600e-03, 2.7645e-03, 1.3313e-06, 9.8711e-01, 1.0095e-03, 5.3532e-06,
         1.8189e-03, 7.8325e-08, 2.2143e-04, 1.3396e-05],
        [2.5778e-05, 5.7743e-02, 1.1684e-06, 1.6099e-05, 5.1475e-06, 2.5806e-05,
         4.8926e-05, 2.8886e-04, 9.4184e-01, 7.7625e-06],
        [1.2986e-06, 3.7160e-04, 8.1835e-06, 3.2368e-04, 7.8459e-05, 6.3715e-04,
         9.9227e-01, 5.2326e-03, 9.1483e-04, 1.6013e-04],
        [8.0632e-04, 5.8324e-04, 6.5775e-04, 1.9814e-02, 1.0919e-02, 6.5548e-03,
         1.3651e-02, 5.3436e-04, 1.3144e-04, 9.4635e-01],
        [1.9638e-05, 2.2235e-03, 1.8307e-03, 5.5028e-06, 4.6099e-05, 2.5453e-04,
         5.4331e-03, 2.3336e-04, 8.9485e-01, 9.5105e-02],
        [1.7189e-04, 1.3098e-04, 2.5782e-04, 7.7540e-04, 1.7674e-02, 1.5940e-02,
