noise type: uniform
noise level: 0.4
when_to_apply_epoch: 10
total clean data num: 27093
probability transition matrix:
[[0.6        0.04444444 0.04444444 0.04444444 0.04444444 0.04444444
  0.04444444 0.04444444 0.04444444 0.04444444]
 [0.04444444 0.6        0.04444444 0.04444444 0.04444444 0.04444444
  0.04444444 0.04444444 0.04444444 0.04444444]
 [0.04444444 0.04444444 0.6        0.04444444 0.04444444 0.04444444
  0.04444444 0.04444444 0.04444444 0.04444444]
 [0.04444444 0.04444444 0.04444444 0.6        0.04444444 0.04444444
  0.04444444 0.04444444 0.04444444 0.04444444]
 [0.04444444 0.04444444 0.04444444 0.04444444 0.6        0.04444444
  0.04444444 0.04444444 0.04444444 0.04444444]
 [0.04444444 0.04444444 0.04444444 0.04444444 0.04444444 0.6
  0.04444444 0.04444444 0.04444444 0.04444444]
 [0.04444444 0.04444444 0.04444444 0.04444444 0.04444444 0.04444444
  0.6        0.04444444 0.04444444 0.04444444]
 [0.04444444 0.04444444 0.04444444 0.04444444 0.04444444 0.04444444
  0.04444444 0.6        0.04444444 0.04444444]
 [0.04444444 0.04444444 0.04444444 0.04444444 0.04444444 0.04444444
  0.04444444 0.04444444 0.6        0.04444444]
 [0.04444444 0.04444444 0.04444444 0.04444444 0.04444444 0.04444444
  0.04444444 0.04444444 0.04444444 0.6       ]]
>> val epoch: 0
>> current accuracy: 42.92%
outputs: tensor([[0.0547, 0.0443, 0.0864, 0.1091, 0.1633, 0.0791, 0.2187, 0.1177, 0.0620,
         0.0646],
        [0.0464, 0.0416, 0.0244, 0.0320, 0.1029, 0.0516, 0.0394, 0.6011, 0.0347,
         0.0259],
        [0.0792, 0.0583, 0.1773, 0.1630, 0.1169, 0.1308, 0.0985, 0.0596, 0.0648,
         0.0515],
        [0.1635, 0.0722, 0.0862, 0.0788, 0.0480, 0.0659, 0.0443, 0.0662, 0.2596,
         0.1154],
        [0.0661, 0.0411, 0.1251, 0.1058, 0.1521, 0.0747, 0.2261, 0.0870, 0.0520,
         0.0700],
        [0.2676, 0.1097, 0.0487, 0.0523, 0.0457, 0.0558, 0.0428, 0.0635, 0.1662,
         0.1476],
        [0.0490, 0.0502, 0.1253, 0.2301, 0.0797, 0.1886, 0.1036, 0.0719, 0.0517,
         0.0501],
        [0.0835, 0.0471, 0.1236, 0.1273, 0.0859, 0.0821, 0.1763, 0.0958, 0.0904,
         0.0880],
        [0.0790, 0.0630, 0.1276, 0.2184, 0.0697, 0.1410, 0.0955, 0.0544, 0.0641,
         0.0872],
        [0.4340, 0.0760, 0.0285, 0.0230, 0.0391, 0.0440, 0.0226, 0.0426, 0.2426,
         0.0476],
        [0.0435, 0.4653, 0.0255, 0.0293, 0.0318, 0.0506, 0.0529, 0.0243, 0.0800,
         0.1966],
        [0.0486, 0.0496, 0.0450, 0.2659, 0.0542, 0.3126, 0.0373, 0.0982, 0.0432,
         0.0453],
        [0.1887, 0.0917, 0.0871, 0.0974, 0.0603, 0.0748, 0.0558, 0.0664, 0.1451,
         0.1325],
        [0.1288, 0.2578, 0.0491, 0.0444, 0.0498, 0.0543, 0.0562, 0.0413, 0.1816,
         0.1367],
        [0.0550, 0.0642, 0.0696, 0.2081, 0.0647, 0.1479, 0.1601, 0.0781, 0.0547,
         0.0976],
        [0.0929, 0.0544, 0.1646, 0.1663, 0.0715, 0.1315, 0.0632, 0.0911, 0.0967,
         0.0676],
        [0.0648, 0.0378, 0.1458, 0.0600, 0.2810, 0.0577, 0.1335, 0.1138, 0.0498,
         0.0558],
        [0.1465, 0.0727, 0.1576, 0.1133, 0.0699, 0.0760, 0.0598, 0.0735, 0.1413,
         0.0894],
        [0.0554, 0.0414, 0.1456, 0.1404, 0.1520, 0.0999, 0.1575, 0.0946, 0.0572,
         0.0558],
        [0.1320, 0.1213, 0.1268, 0.1044, 0.0620, 0.0912, 0.0700, 0.0804, 0.1156,
         0.0962],
        [0.0950, 0.1367, 0.0848, 0.1136, 0.0594, 0.0845, 0.0998, 0.0790, 0.0713,
         0.1760],
        [0.0553, 0.0437, 0.1804, 0.2303, 0.0802, 0.1105, 0.1209, 0.0557, 0.0553,
         0.0678],
        [0.2141, 0.0897, 0.0876, 0.0776, 0.0444, 0.0597, 0.0512, 0.0594, 0.1970,
         0.1193],
        [0.0532, 0.0583, 0.0646, 0.2786, 0.0517, 0.2625, 0.0570, 0.0678, 0.0509,
         0.0554],
        [0.2590, 0.0633, 0.0906, 0.0559, 0.0901, 0.0553, 0.0429, 0.1706, 0.0951,
         0.0772],
        [0.0677, 0.0919, 0.0540, 0.1422, 0.0351, 0.0743, 0.1103, 0.0594, 0.0534,
         0.3117],
        [0.3292, 0.0694, 0.1003, 0.0586, 0.0599, 0.0655, 0.0399, 0.0680, 0.1425,
         0.0667],
        [0.1143, 0.0858, 0.1592, 0.0951, 0.0878, 0.0751, 0.0929, 0.0961, 0.0763,
         0.1175],
        [0.2481, 0.0777, 0.0880, 0.0477, 0.0949, 0.0539, 0.0537, 0.1185, 0.1237,
         0.0937],
        [0.0658, 0.0488, 0.1503, 0.1120, 0.1815, 0.1017, 0.1033, 0.1302, 0.0480,
         0.0585],
        [0.0478, 0.0514, 0.0957, 0.2811, 0.0570, 0.2461, 0.0642, 0.0679, 0.0431,
         0.0456],
        [0.0654, 0.0554, 0.1789, 0.1605, 0.1234, 0.1291, 0.1085, 0.0636, 0.0578,
         0.0575],
        [0.0976, 0.1447, 0.0365, 0.0731, 0.0337, 0.0446, 0.0618, 0.0441, 0.0623,
         0.4017],
        [0.1399, 0.1348, 0.0412, 0.0691, 0.0372, 0.0510, 0.0490, 0.0432, 0.1295,
         0.3051],
        [0.0392, 0.0295, 0.1176, 0.0581, 0.1725, 0.0353, 0.3858, 0.0473, 0.0505,
         0.0642],
        [0.1754, 0.0781, 0.0956, 0.0504, 0.1386, 0.0694, 0.0762, 0.1845, 0.0745,
         0.0574],
        [0.1340, 0.0577, 0.1167, 0.1674, 0.0533, 0.1074, 0.0768, 0.0828, 0.0846,
         0.1193],
        [0.0769, 0.2666, 0.0262, 0.0602, 0.0378, 0.0727, 0.0615, 0.0377, 0.1356,
         0.2249],
        [0.0574, 0.0369, 0.1762, 0.0569, 0.2589, 0.0455, 0.1702, 0.0809, 0.0527,
         0.0644],
        [0.1033, 0.1861, 0.0604, 0.0564, 0.0409, 0.0492, 0.0578, 0.0496, 0.1176,
         0.2787],
        [0.2136, 0.1690, 0.0810, 0.0604, 0.0585, 0.0677, 0.0588, 0.0597, 0.1321,
         0.0993],
        [0.0720, 0.0713, 0.1255, 0.1734, 0.0686, 0.1126, 0.1320, 0.0639, 0.0799,
         0.1008],
        [0.1520, 0.0596, 0.1335, 0.1420, 0.0561, 0.1260, 0.0514, 0.0909, 0.1131,
         0.0753],
        [0.0605, 0.0528, 0.1579, 0.2468, 0.0819, 0.1499, 0.0805, 0.0581, 0.0567,
         0.0549],
        [0.0737, 0.1922, 0.1017, 0.0631, 0.0971, 0.0574, 0.1403, 0.0467, 0.0912,
         0.1366],
        [0.0671, 0.0680, 0.1524, 0.2277, 0.0677, 0.1174, 0.1058, 0.0686, 0.0470,
         0.0783],
        [0.0582, 0.0763, 0.1076, 0.1575, 0.0763, 0.1274, 0.1284, 0.1138, 0.0529,
         0.1016],
        [0.3064, 0.0886, 0.0889, 0.0652, 0.0662, 0.0628, 0.0442, 0.0629, 0.1359,
         0.0789],
        [0.0528, 0.0475, 0.1274, 0.0875, 0.1615, 0.0540, 0.2808, 0.0549, 0.0663,
         0.0675],
        [0.0589, 0.0523, 0.0736, 0.2803, 0.0620, 0.2443, 0.0539, 0.0832, 0.0459,
         0.0456],
        [0.0829, 0.0466, 0.1195, 0.1068, 0.1617, 0.0917, 0.1476, 0.1166, 0.0585,
         0.0680],
        [0.2635, 0.0580, 0.1439, 0.0776, 0.0642, 0.0697, 0.0413, 0.0640, 0.1555,
         0.0623],
        [0.0730, 0.0490, 0.0901, 0.1449, 0.0741, 0.0890, 0.1781, 0.1019, 0.0865,
         0.1134],
        [0.0818, 0.0610, 0.0909, 0.1744, 0.0688, 0.1133, 0.1252, 0.1070, 0.0797,
         0.0980],
        [0.2336, 0.1140, 0.0363, 0.0420, 0.0450, 0.0569, 0.0353, 0.0485, 0.2624,
         0.1261],
        [0.0461, 0.0516, 0.0587, 0.2047, 0.0712, 0.2712, 0.0538, 0.1547, 0.0424,
         0.0456],
        [0.0518, 0.0470, 0.0453, 0.1841, 0.0677, 0.1717, 0.0796, 0.2212, 0.0581,
         0.0736],
        [0.2142, 0.1225, 0.0413, 0.0257, 0.0447, 0.0417, 0.0344, 0.0530, 0.3546,
         0.0679],
        [0.0808, 0.1667, 0.0686, 0.1050, 0.0554, 0.0680, 0.1270, 0.0578, 0.0523,
         0.2182],
        [0.0774, 0.0546, 0.0785, 0.2794, 0.0495, 0.2431, 0.0362, 0.0738, 0.0508,
         0.0567],
        [0.0647, 0.0364, 0.1173, 0.0581, 0.2861, 0.0551, 0.1236, 0.1491, 0.0540,
         0.0555],
        [0.0769, 0.0641, 0.1200, 0.1068, 0.1302, 0.1026, 0.1205, 0.1455, 0.0650,
         0.0683],
        [0.1811, 0.0510, 0.1917, 0.1007, 0.0695, 0.0805, 0.0514, 0.0687, 0.1308,
         0.0746],
        [0.3104, 0.1066, 0.0341, 0.0344, 0.0444, 0.0478, 0.0291, 0.0501, 0.2048,
         0.1383],
        [0.2043, 0.0714, 0.0929, 0.1148, 0.0506, 0.0963, 0.0649, 0.0970, 0.1040,
         0.1039],
        [0.0646, 0.0556, 0.1414, 0.1050, 0.1489, 0.0833, 0.1910, 0.0717, 0.0648,
         0.0736],
        [0.0732, 0.0720, 0.1491, 0.1707, 0.0730, 0.0885, 0.1281, 0.0829, 0.0701,
         0.0925],
        [0.1355, 0.0489, 0.1668, 0.0795, 0.1444, 0.0709, 0.0828, 0.1193, 0.0615,
         0.0904],
        [0.0632, 0.0545, 0.1121, 0.1285, 0.1017, 0.0879, 0.1838, 0.1176, 0.0655,
         0.0852],
        [0.0614, 0.0507, 0.2060, 0.1951, 0.1020, 0.1297, 0.0901, 0.0595, 0.0491,
         0.0564],
        [0.0974, 0.2300, 0.0341, 0.0369, 0.0390, 0.0460, 0.0438, 0.0394, 0.1578,
         0.2756],
        [0.0917, 0.0529, 0.0630, 0.0476, 0.1742, 0.0640, 0.0643, 0.3390, 0.0571,
         0.0461]], device='cuda:0', grad_fn=<SoftmaxBackward>)
>> best accuracy: 42.92	best epoch: 0

>> final recovery rate: 60.20666666666666%
