noise type: uniform
noise level: 0.4
when_to_apply_epoch: 25
total clean data num: 27105
probability transition matrix:
[[0.6        0.04444444 0.04444444 0.04444444 0.04444444 0.04444444
  0.04444444 0.04444444 0.04444444 0.04444444]
 [0.04444444 0.6        0.04444444 0.04444444 0.04444444 0.04444444
  0.04444444 0.04444444 0.04444444 0.04444444]
 [0.04444444 0.04444444 0.6        0.04444444 0.04444444 0.04444444
  0.04444444 0.04444444 0.04444444 0.04444444]
 [0.04444444 0.04444444 0.04444444 0.6        0.04444444 0.04444444
  0.04444444 0.04444444 0.04444444 0.04444444]
 [0.04444444 0.04444444 0.04444444 0.04444444 0.6        0.04444444
  0.04444444 0.04444444 0.04444444 0.04444444]
 [0.04444444 0.04444444 0.04444444 0.04444444 0.04444444 0.6
  0.04444444 0.04444444 0.04444444 0.04444444]
 [0.04444444 0.04444444 0.04444444 0.04444444 0.04444444 0.04444444
  0.6        0.04444444 0.04444444 0.04444444]
 [0.04444444 0.04444444 0.04444444 0.04444444 0.04444444 0.04444444
  0.04444444 0.6        0.04444444 0.04444444]
 [0.04444444 0.04444444 0.04444444 0.04444444 0.04444444 0.04444444
  0.04444444 0.04444444 0.6        0.04444444]
 [0.04444444 0.04444444 0.04444444 0.04444444 0.04444444 0.04444444
  0.04444444 0.04444444 0.04444444 0.6       ]]
>> val epoch: 0
>> current accuracy: 42.04%
outputs: tensor([[0.0394, 0.0556, 0.0679, 0.1332, 0.1706, 0.1964, 0.0670, 0.1569, 0.0550,
         0.0579],
        [0.0431, 0.0550, 0.1171, 0.0752, 0.2673, 0.1315, 0.0708, 0.1226, 0.0742,
         0.0434],
        [0.0426, 0.0557, 0.1039, 0.1828, 0.1466, 0.1617, 0.1313, 0.0538, 0.0780,
         0.0437],
        [0.2927, 0.1222, 0.0385, 0.0417, 0.0363, 0.0309, 0.0301, 0.0185, 0.2992,
         0.0898],
        [0.0400, 0.0490, 0.1409, 0.1133, 0.2098, 0.0957, 0.1909, 0.0522, 0.0704,
         0.0379],
        [0.0434, 0.0668, 0.0638, 0.1538, 0.0725, 0.3542, 0.0440, 0.0588, 0.0749,
         0.0677],
        [0.0969, 0.0728, 0.0927, 0.0984, 0.1422, 0.1328, 0.0620, 0.1178, 0.1127,
         0.0717],
        [0.1147, 0.2216, 0.0401, 0.0520, 0.0318, 0.0437, 0.0306, 0.0452, 0.3024,
         0.1179],
        [0.0470, 0.0566, 0.1236, 0.1830, 0.1674, 0.0830, 0.1906, 0.0371, 0.0638,
         0.0478],
        [0.2336, 0.0797, 0.0335, 0.0360, 0.0300, 0.0358, 0.0436, 0.0159, 0.4123,
         0.0795],
        [0.0476, 0.0495, 0.1388, 0.0853, 0.1634, 0.0514, 0.2982, 0.0322, 0.0771,
         0.0566],
        [0.2093, 0.2104, 0.0692, 0.0508, 0.0651, 0.0454, 0.0473, 0.0328, 0.1590,
         0.1107],
        [0.1238, 0.3302, 0.0455, 0.0602, 0.0480, 0.0419, 0.0344, 0.0245, 0.1096,
         0.1818],
        [0.0448, 0.0545, 0.1461, 0.0721, 0.1223, 0.0412, 0.3232, 0.0347, 0.0844,
         0.0767],
        [0.2977, 0.1516, 0.0304, 0.0403, 0.0434, 0.0351, 0.0323, 0.0140, 0.2694,
         0.0858],
        [0.0755, 0.0835, 0.0764, 0.0745, 0.1611, 0.1646, 0.0471, 0.1842, 0.0805,
         0.0526],
        [0.0807, 0.0682, 0.0911, 0.1612, 0.0827, 0.2108, 0.0574, 0.0541, 0.1354,
         0.0583],
        [0.0360, 0.0616, 0.0788, 0.1288, 0.2075, 0.1986, 0.0834, 0.0990, 0.0730,
         0.0333],
        [0.0373, 0.0485, 0.2301, 0.0883, 0.1849, 0.1487, 0.0890, 0.0575, 0.0710,
         0.0447],
        [0.0390, 0.0600, 0.1456, 0.0974, 0.2186, 0.0764, 0.1873, 0.0575, 0.0682,
         0.0500],
        [0.0467, 0.0557, 0.1083, 0.1170, 0.2096, 0.1183, 0.1207, 0.0870, 0.0814,
         0.0553],
        [0.1936, 0.1080, 0.0808, 0.0525, 0.1046, 0.0533, 0.0484, 0.0766, 0.1559,
         0.1263],
        [0.1008, 0.4142, 0.0253, 0.0319, 0.0331, 0.0292, 0.0251, 0.0156, 0.1188,
         0.2060],
        [0.0366, 0.0577, 0.0850, 0.1731, 0.1269, 0.2582, 0.0683, 0.0775, 0.0726,
         0.0439],
        [0.3801, 0.0565, 0.0225, 0.0234, 0.0203, 0.0252, 0.0283, 0.0106, 0.4067,
         0.0262],
        [0.0749, 0.0674, 0.1191, 0.1081, 0.1802, 0.1600, 0.0607, 0.0963, 0.0776,
         0.0557],
        [0.0396, 0.0576, 0.0746, 0.1851, 0.1174, 0.2424, 0.0793, 0.0694, 0.0772,
         0.0574],
        [0.4321, 0.0554, 0.0672, 0.0630, 0.0496, 0.0386, 0.0378, 0.0211, 0.1997,
         0.0355],
        [0.0354, 0.0599, 0.0543, 0.0537, 0.2155, 0.1697, 0.0275, 0.3137, 0.0425,
         0.0278],
        [0.0572, 0.0631, 0.0901, 0.1197, 0.1305, 0.2253, 0.0570, 0.1192, 0.0736,
         0.0645],
        [0.0439, 0.0758, 0.1035, 0.1486, 0.1720, 0.1751, 0.0761, 0.0937, 0.0571,
         0.0543],
        [0.1396, 0.1548, 0.0475, 0.0493, 0.1347, 0.0699, 0.0361, 0.1143, 0.0674,
         0.1864],
        [0.0626, 0.0801, 0.0928, 0.0929, 0.0710, 0.0758, 0.0829, 0.0588, 0.1605,
         0.2225],
        [0.0350, 0.0532, 0.0719, 0.1698, 0.1069, 0.3500, 0.0440, 0.0721, 0.0584,
         0.0387],
        [0.0355, 0.0523, 0.1599, 0.0439, 0.3143, 0.0979, 0.1006, 0.0830, 0.0699,
         0.0426],
        [0.2903, 0.0822, 0.0455, 0.0353, 0.0431, 0.0328, 0.0394, 0.0171, 0.3423,
         0.0720],
        [0.0667, 0.0675, 0.0866, 0.1490, 0.1783, 0.1887, 0.0553, 0.0941, 0.0671,
         0.0466],
        [0.1240, 0.2043, 0.0758, 0.0769, 0.0753, 0.0547, 0.0603, 0.0430, 0.2247,
         0.0611],
        [0.0337, 0.0542, 0.0403, 0.0514, 0.1315, 0.1103, 0.0341, 0.4543, 0.0417,
         0.0483],
        [0.2798, 0.0760, 0.0411, 0.0351, 0.0369, 0.0311, 0.0376, 0.0150, 0.3907,
         0.0567],
        [0.0392, 0.0595, 0.1223, 0.1835, 0.1426, 0.0972, 0.1947, 0.0390, 0.0683,
         0.0536],
        [0.4228, 0.0756, 0.0213, 0.0251, 0.0227, 0.0287, 0.0284, 0.0110, 0.3342,
         0.0302],
        [0.0396, 0.0547, 0.1434, 0.1237, 0.1446, 0.0760, 0.2475, 0.0377, 0.0801,
         0.0528],
        [0.2255, 0.1851, 0.0478, 0.0458, 0.0456, 0.0416, 0.0317, 0.0252, 0.2794,
         0.0722],
        [0.0521, 0.0631, 0.1475, 0.1121, 0.2154, 0.1208, 0.0841, 0.0769, 0.0677,
         0.0602],
        [0.0609, 0.3101, 0.0495, 0.0496, 0.0378, 0.0367, 0.0362, 0.0240, 0.1040,
         0.2911],
        [0.1147, 0.3695, 0.0429, 0.0572, 0.0743, 0.0663, 0.0325, 0.0583, 0.0591,
         0.1252],
        [0.0356, 0.0508, 0.2562, 0.0725, 0.2180, 0.0903, 0.1152, 0.0353, 0.0753,
         0.0507],
        [0.3550, 0.0521, 0.0328, 0.0256, 0.0293, 0.0286, 0.0337, 0.0130, 0.3951,
         0.0348],
        [0.1901, 0.1145, 0.0331, 0.0360, 0.0256, 0.0323, 0.0285, 0.0203, 0.4624,
         0.0572],
        [0.0428, 0.0558, 0.0830, 0.1122, 0.1329, 0.3178, 0.0396, 0.0984, 0.0753,
         0.0423],
        [0.2325, 0.0688, 0.1133, 0.1626, 0.0967, 0.1174, 0.0452, 0.0431, 0.0822,
         0.0382],
        [0.0354, 0.0535, 0.0675, 0.0456, 0.2018, 0.1418, 0.0428, 0.3267, 0.0463,
         0.0385],
        [0.0958, 0.2809, 0.0406, 0.0420, 0.0382, 0.0381, 0.0399, 0.0185, 0.1551,
         0.2510],
        [0.0465, 0.0535, 0.1149, 0.1602, 0.1345, 0.1985, 0.1062, 0.0563, 0.0716,
         0.0578],
        [0.0858, 0.0861, 0.0969, 0.1508, 0.0926, 0.0948, 0.1009, 0.0982, 0.0935,
         0.1004],
        [0.1538, 0.0668, 0.1280, 0.0556, 0.1014, 0.0431, 0.0953, 0.0324, 0.1989,
         0.1247],
        [0.0484, 0.0553, 0.1204, 0.1152, 0.1435, 0.0654, 0.2686, 0.0368, 0.0790,
         0.0672],
        [0.1712, 0.0708, 0.1167, 0.1089, 0.0976, 0.0852, 0.0766, 0.0368, 0.1492,
         0.0870],
        [0.0372, 0.0542, 0.1370, 0.1058, 0.1096, 0.0510, 0.3404, 0.0271, 0.0787,
         0.0590],
        [0.0416, 0.0564, 0.0993, 0.1581, 0.1087, 0.2926, 0.0520, 0.0773, 0.0706,
         0.0433],
        [0.0374, 0.0561, 0.0919, 0.2268, 0.1052, 0.1753, 0.1343, 0.0449, 0.0803,
         0.0478],
        [0.1282, 0.0686, 0.1241, 0.0874, 0.1236, 0.0500, 0.1341, 0.0428, 0.1708,
         0.0703],
        [0.0460, 0.1030, 0.0784, 0.0817, 0.0622, 0.0461, 0.1263, 0.0389, 0.1007,
         0.3167],
        [0.0510, 0.1596, 0.1158, 0.0799, 0.0965, 0.0718, 0.0763, 0.0538, 0.0792,
         0.2160],
        [0.0607, 0.0671, 0.1223, 0.0634, 0.2396, 0.0647, 0.1451, 0.0777, 0.0757,
         0.0837],
        [0.0539, 0.0919, 0.0654, 0.0821, 0.1752, 0.1542, 0.0384, 0.1923, 0.0598,
         0.0867],
        [0.0459, 0.0548, 0.1911, 0.0464, 0.3168, 0.0673, 0.1049, 0.0536, 0.0713,
         0.0479],
        [0.2640, 0.1475, 0.0641, 0.0535, 0.0993, 0.0539, 0.0462, 0.0544, 0.1401,
         0.0771],
        [0.1187, 0.1670, 0.0496, 0.0440, 0.0617, 0.0412, 0.0460, 0.0256, 0.1650,
         0.2812],
        [0.0919, 0.0559, 0.1285, 0.1296, 0.1688, 0.0953, 0.0933, 0.0642, 0.1303,
         0.0421],
        [0.2838, 0.1852, 0.0311, 0.0295, 0.0513, 0.0367, 0.0308, 0.0142, 0.1905,
         0.1468]], device='cuda:0', grad_fn=<SoftmaxBackward>)
>> best accuracy: 42.04	best epoch: 0

>> final recovery rate: 60.23333333333334%
>> val epoch: 5
>> current accuracy: 70.22%
outputs: tensor([[0.0481, 0.0630, 0.0805, 0.0458, 0.1072, 0.0768, 0.0482, 0.4555, 0.0420,
         0.0329],
        [0.0932, 0.5333, 0.0410, 0.0255, 0.0428, 0.0440, 0.0462, 0.0616, 0.0470,
         0.0655],
        [0.0296, 0.0649, 0.0456, 0.0315, 0.0933, 0.0639, 0.0558, 0.5455, 0.0426,
         0.0273],
        [0.0467, 0.0620, 0.1144, 0.0326, 0.5066, 0.0674, 0.0648, 0.0424, 0.0271,
         0.0359],
        [0.0360, 0.0470, 0.0465, 0.2423, 0.0321, 0.0671, 0.3998, 0.0408, 0.0588,
         0.0296],
        [0.0677, 0.0507, 0.0618, 0.0934, 0.2199, 0.1653, 0.0962, 0.0923, 0.1074,
         0.0453],
        [0.1332, 0.0496, 0.1976, 0.0752, 0.2446, 0.0688, 0.0488, 0.0708, 0.0579,
         0.0533],
        [0.6300, 0.0364, 0.0517, 0.0305, 0.0532, 0.0435, 0.0456, 0.0349, 0.0358,
         0.0384],
        [0.0477, 0.0596, 0.0664, 0.1007, 0.1000, 0.4024, 0.0820, 0.0594, 0.0405,
         0.0414],
        [0.0722, 0.1719, 0.0630, 0.0548, 0.0676, 0.0663, 0.1166, 0.0566, 0.0802,
         0.2508],
        [0.0524, 0.0756, 0.0828, 0.0763, 0.1733, 0.1941, 0.0575, 0.2021, 0.0426,
         0.0433],
        [0.1059, 0.0982, 0.0631, 0.0531, 0.0663, 0.0758, 0.0539, 0.2495, 0.0371,
         0.1971],
        [0.0282, 0.0526, 0.0323, 0.0239, 0.0383, 0.0403, 0.0359, 0.0393, 0.0336,
         0.6755],
        [0.0394, 0.0479, 0.0339, 0.0304, 0.0578, 0.0406, 0.0318, 0.0391, 0.0655,
         0.6137],
        [0.0362, 0.5716, 0.0542, 0.0368, 0.0418, 0.0455, 0.0458, 0.0680, 0.0478,
         0.0523],
        [0.1728, 0.0524, 0.3769, 0.0411, 0.0410, 0.0684, 0.1259, 0.0529, 0.0336,
         0.0349],
        [0.0193, 0.0168, 0.0167, 0.0426, 0.0305, 0.0412, 0.0289, 0.0311, 0.7460,
         0.0267],
        [0.0482, 0.1100, 0.1152, 0.1623, 0.0344, 0.0888, 0.0447, 0.1665, 0.0460,
         0.1838],
        [0.0321, 0.0393, 0.0304, 0.0479, 0.0216, 0.0453, 0.6719, 0.0339, 0.0491,
         0.0285],
        [0.0478, 0.0561, 0.0554, 0.0952, 0.0779, 0.4676, 0.0420, 0.0616, 0.0437,
         0.0528],
        [0.0730, 0.0408, 0.5460, 0.0426, 0.0610, 0.0311, 0.0367, 0.0569, 0.0812,
         0.0307],
        [0.0449, 0.0625, 0.0615, 0.1698, 0.0641, 0.3937, 0.0442, 0.0598, 0.0439,
         0.0556],
        [0.1716, 0.3110, 0.0646, 0.0291, 0.0767, 0.0644, 0.0544, 0.1110, 0.0837,
         0.0335],
        [0.0556, 0.5675, 0.0518, 0.0269, 0.0491, 0.0451, 0.0599, 0.0620, 0.0513,
         0.0309],
        [0.0717, 0.0540, 0.1756, 0.0370, 0.4114, 0.0591, 0.0694, 0.0546, 0.0318,
         0.0353],
        [0.0519, 0.0708, 0.1014, 0.1092, 0.0575, 0.3164, 0.0849, 0.1128, 0.0491,
         0.0461],
        [0.0727, 0.0665, 0.1212, 0.0726, 0.1721, 0.0777, 0.0568, 0.2583, 0.0474,
         0.0547],
        [0.0498, 0.5683, 0.0436, 0.0285, 0.0479, 0.0376, 0.0608, 0.0655, 0.0680,
         0.0301],
        [0.1261, 0.0679, 0.0790, 0.1106, 0.0631, 0.1594, 0.1531, 0.0621, 0.0675,
         0.1112],
        [0.1964, 0.0528, 0.2147, 0.0595, 0.1787, 0.0717, 0.0466, 0.0861, 0.0462,
         0.0472],
        [0.1429, 0.1569, 0.0459, 0.0300, 0.0527, 0.0470, 0.0550, 0.0525, 0.0841,
         0.3332],
        [0.0738, 0.1330, 0.0927, 0.0968, 0.0436, 0.1165, 0.1761, 0.0580, 0.1413,
         0.0682],
        [0.0449, 0.0646, 0.0721, 0.1393, 0.0643, 0.1046, 0.3821, 0.0596, 0.0357,
         0.0328],
        [0.6080, 0.0357, 0.0629, 0.0289, 0.0569, 0.0368, 0.0485, 0.0339, 0.0448,
         0.0436],
        [0.0835, 0.5303, 0.0443, 0.0303, 0.0518, 0.0411, 0.0530, 0.0570, 0.0791,
         0.0296],
        [0.0545, 0.0633, 0.1317, 0.3483, 0.0744, 0.1099, 0.0695, 0.0638, 0.0424,
         0.0423],
        [0.0497, 0.0639, 0.0837, 0.1275, 0.1848, 0.2382, 0.1162, 0.0553, 0.0354,
         0.0453],
        [0.1490, 0.0651, 0.2279, 0.0526, 0.0658, 0.1159, 0.0637, 0.1899, 0.0337,
         0.0364],
        [0.1132, 0.1573, 0.0506, 0.0621, 0.0304, 0.0589, 0.0343, 0.0653, 0.0939,
         0.3340],
        [0.3307, 0.0466, 0.0859, 0.0573, 0.2228, 0.0643, 0.0408, 0.0532, 0.0515,
         0.0470],
        [0.0489, 0.2034, 0.0402, 0.0267, 0.0358, 0.0453, 0.0644, 0.0555, 0.0398,
         0.4401],
        [0.0499, 0.0615, 0.0717, 0.0364, 0.4637, 0.1105, 0.0627, 0.0851, 0.0254,
         0.0331],
        [0.0908, 0.0340, 0.6177, 0.0230, 0.0538, 0.0234, 0.0481, 0.0479, 0.0339,
         0.0274],
        [0.0384, 0.0498, 0.0539, 0.2530, 0.0604, 0.3055, 0.0580, 0.0622, 0.0624,
         0.0562],
        [0.1166, 0.3961, 0.0568, 0.0439, 0.0546, 0.0555, 0.0684, 0.0520, 0.0943,
         0.0619],
        [0.0578, 0.0410, 0.5303, 0.0320, 0.0532, 0.0306, 0.1203, 0.0600, 0.0454,
         0.0294],
        [0.0526, 0.0621, 0.0402, 0.0410, 0.0347, 0.0481, 0.0319, 0.0525, 0.0422,
         0.5947],
        [0.0639, 0.0673, 0.1510, 0.0827, 0.0423, 0.1545, 0.0488, 0.3134, 0.0443,
         0.0317],
        [0.0880, 0.0502, 0.0346, 0.0374, 0.1538, 0.0676, 0.0358, 0.4549, 0.0434,
         0.0342],
        [0.0523, 0.5561, 0.0431, 0.0324, 0.0673, 0.0440, 0.0510, 0.0653, 0.0462,
         0.0423],
        [0.3676, 0.1407, 0.0440, 0.0215, 0.0535, 0.0557, 0.0558, 0.0537, 0.0554,
         0.1521],
        [0.0209, 0.0209, 0.0215, 0.0387, 0.0252, 0.0424, 0.0392, 0.0381, 0.7236,
         0.0293],
        [0.1161, 0.0526, 0.0436, 0.0463, 0.3310, 0.0820, 0.0309, 0.1720, 0.0606,
         0.0650],
        [0.3478, 0.0755, 0.0272, 0.0358, 0.0808, 0.0511, 0.0386, 0.0309, 0.0744,
         0.2378],
        [0.0305, 0.0412, 0.0541, 0.0445, 0.0376, 0.0470, 0.6635, 0.0321, 0.0231,
         0.0265],
        [0.1966, 0.0514, 0.3179, 0.0440, 0.0850, 0.0484, 0.1099, 0.0654, 0.0384,
         0.0430],
        [0.0469, 0.5181, 0.0501, 0.0304, 0.0599, 0.0491, 0.0540, 0.0796, 0.0493,
         0.0625],
        [0.0449, 0.0567, 0.0506, 0.1297, 0.0524, 0.0857, 0.4444, 0.0536, 0.0366,
         0.0454],
        [0.0305, 0.0184, 0.0223, 0.0380, 0.0370, 0.0448, 0.0306, 0.0349, 0.7142,
         0.0293],
        [0.0468, 0.0382, 0.0378, 0.1685, 0.0816, 0.0910, 0.0432, 0.0529, 0.3860,
         0.0540],
        [0.3556, 0.0414, 0.0993, 0.0316, 0.2507, 0.0421, 0.0329, 0.0378, 0.0601,
         0.0485],
        [0.0278, 0.0499, 0.0312, 0.0340, 0.0674, 0.0643, 0.0481, 0.6181, 0.0386,
         0.0207],
        [0.1026, 0.0642, 0.0841, 0.1906, 0.1617, 0.0883, 0.1013, 0.0552, 0.0924,
         0.0597],
        [0.0444, 0.0635, 0.0747, 0.1790, 0.0565, 0.1096, 0.3235, 0.0867, 0.0295,
         0.0327],
        [0.0497, 0.0604, 0.0820, 0.0372, 0.1341, 0.0966, 0.0675, 0.4068, 0.0345,
         0.0312],
        [0.0564, 0.0807, 0.0723, 0.1868, 0.1348, 0.1866, 0.1019, 0.1003, 0.0397,
         0.0405],
        [0.0500, 0.0697, 0.0254, 0.0346, 0.0497, 0.0534, 0.0551, 0.0456, 0.0599,
         0.5566],
        [0.5093, 0.0383, 0.1335, 0.0292, 0.0580, 0.0379, 0.0457, 0.0443, 0.0579,
         0.0458],
        [0.0560, 0.0471, 0.0289, 0.0358, 0.0590, 0.0452, 0.0376, 0.0364, 0.6217,
         0.0322],
        [0.0534, 0.0741, 0.0532, 0.0527, 0.0394, 0.0803, 0.0551, 0.2292, 0.0478,
         0.3147],
        [0.0332, 0.0380, 0.0336, 0.0543, 0.0727, 0.5930, 0.0426, 0.0473, 0.0436,
         0.0417],
        [0.0392, 0.0448, 0.0392, 0.0858, 0.0561, 0.5612, 0.0359, 0.0440, 0.0460,
         0.0478]], device='cuda:0', grad_fn=<SoftmaxBackward>)
>> best accuracy: 70.22	best epoch: 5

>> final recovery rate: 60.23333333333334%
>> val epoch: 10
>> current accuracy: 75.38%
outputs: tensor([[0.0409, 0.0881, 0.0363, 0.0740, 0.0345, 0.0428, 0.5521, 0.0313, 0.0665,
         0.0335],
        [0.0407, 0.0386, 0.0517, 0.0658, 0.0554, 0.0727, 0.0636, 0.5122, 0.0510,
         0.0481],
        [0.2155, 0.0527, 0.2748, 0.0972, 0.0452, 0.0369, 0.0357, 0.0375, 0.1228,
         0.0818],
        [0.0494, 0.0590, 0.3096, 0.0529, 0.0572, 0.0414, 0.1783, 0.0699, 0.0778,
         0.1045],
        [0.6185, 0.0428, 0.0583, 0.0514, 0.0666, 0.0323, 0.0359, 0.0273, 0.0301,
         0.0369],
        [0.6672, 0.0357, 0.0317, 0.0304, 0.0579, 0.0425, 0.0265, 0.0233, 0.0572,
         0.0277],
        [0.2107, 0.0596, 0.0540, 0.0514, 0.0501, 0.0528, 0.0349, 0.0461, 0.0524,
         0.3879],
        [0.0512, 0.5390, 0.0459, 0.0368, 0.0435, 0.0582, 0.0276, 0.0365, 0.1015,
         0.0596],
        [0.0839, 0.4328, 0.0416, 0.0427, 0.0503, 0.0697, 0.0307, 0.0409, 0.1523,
         0.0552],
        [0.0686, 0.0353, 0.5048, 0.0625, 0.0723, 0.0808, 0.0423, 0.0389, 0.0449,
         0.0495],
        [0.0475, 0.6055, 0.0523, 0.0396, 0.0400, 0.0561, 0.0238, 0.0502, 0.0379,
         0.0470],
        [0.0480, 0.0294, 0.0454, 0.0495, 0.0493, 0.0559, 0.0580, 0.5631, 0.0677,
         0.0338],
        [0.1000, 0.0378, 0.2237, 0.0364, 0.4146, 0.0430, 0.0399, 0.0243, 0.0431,
         0.0373],
        [0.0444, 0.6646, 0.0449, 0.0380, 0.0382, 0.0517, 0.0173, 0.0400, 0.0343,
         0.0267],
        [0.0440, 0.0301, 0.0378, 0.0424, 0.1886, 0.0605, 0.0707, 0.4467, 0.0525,
         0.0265],
        [0.0493, 0.0311, 0.0574, 0.0333, 0.6444, 0.0369, 0.0381, 0.0236, 0.0553,
         0.0306],
        [0.0373, 0.0318, 0.6084, 0.0603, 0.0380, 0.0632, 0.0457, 0.0320, 0.0372,
         0.0461],
        [0.0452, 0.0413, 0.0470, 0.4857, 0.1278, 0.0669, 0.0526, 0.0277, 0.0581,
         0.0478],
        [0.0506, 0.0993, 0.0715, 0.0487, 0.0560, 0.0686, 0.0324, 0.0425, 0.0616,
         0.4690],
        [0.0810, 0.0459, 0.0474, 0.1027, 0.5046, 0.0316, 0.0768, 0.0215, 0.0603,
         0.0281],
        [0.0628, 0.0387, 0.0807, 0.0618, 0.1430, 0.0718, 0.0578, 0.3568, 0.0717,
         0.0550],
        [0.0629, 0.0414, 0.0857, 0.3821, 0.1193, 0.0915, 0.0547, 0.0455, 0.0621,
         0.0547],
        [0.0645, 0.0301, 0.0808, 0.0516, 0.0696, 0.0642, 0.0636, 0.5048, 0.0395,
         0.0315],
        [0.0417, 0.0289, 0.0449, 0.0451, 0.0402, 0.0532, 0.0333, 0.0291, 0.6209,
         0.0627],
        [0.0552, 0.0413, 0.2292, 0.2422, 0.0638, 0.0551, 0.0493, 0.0398, 0.1032,
         0.1210],
        [0.0508, 0.0333, 0.0570, 0.0929, 0.0871, 0.4638, 0.0705, 0.0535, 0.0473,
         0.0439],
        [0.1596, 0.0435, 0.2334, 0.1016, 0.1534, 0.0776, 0.0373, 0.0959, 0.0470,
         0.0507],
        [0.1250, 0.0483, 0.1732, 0.2176, 0.0594, 0.1563, 0.0470, 0.0405, 0.0611,
         0.0717],
        [0.0454, 0.0421, 0.0520, 0.0489, 0.0770, 0.0341, 0.0580, 0.0313, 0.0760,
         0.5353],
        [0.6431, 0.0277, 0.0408, 0.0349, 0.0656, 0.0431, 0.0280, 0.0292, 0.0596,
         0.0279],
        [0.0451, 0.0221, 0.0222, 0.0222, 0.7202, 0.0469, 0.0384, 0.0235, 0.0367,
         0.0228],
        [0.0397, 0.5543, 0.0673, 0.0405, 0.0317, 0.0592, 0.0210, 0.0481, 0.0453,
         0.0928],
        [0.0958, 0.0636, 0.1258, 0.0931, 0.0444, 0.0790, 0.3312, 0.0543, 0.0423,
         0.0703],
        [0.0457, 0.0707, 0.0555, 0.0360, 0.0546, 0.0329, 0.5649, 0.0342, 0.0641,
         0.0413],
        [0.0389, 0.0442, 0.0439, 0.0909, 0.0831, 0.0536, 0.0676, 0.4356, 0.0690,
         0.0733],
        [0.0260, 0.0926, 0.0748, 0.0950, 0.0415, 0.0412, 0.0278, 0.0404, 0.0539,
         0.5069],
        [0.0499, 0.0279, 0.0424, 0.0646, 0.0455, 0.0740, 0.0456, 0.5667, 0.0488,
         0.0347],
        [0.1415, 0.0335, 0.0524, 0.0416, 0.0450, 0.0550, 0.0322, 0.0353, 0.5236,
         0.0400],
        [0.0446, 0.0384, 0.0439, 0.5950, 0.0491, 0.0565, 0.0506, 0.0552, 0.0382,
         0.0286],
        [0.0405, 0.0507, 0.1056, 0.2661, 0.1774, 0.0717, 0.1185, 0.0630, 0.0638,
         0.0428],
        [0.0434, 0.0250, 0.0309, 0.0238, 0.7099, 0.0317, 0.0429, 0.0198, 0.0503,
         0.0222],
        [0.0728, 0.0310, 0.0676, 0.0551, 0.0611, 0.0567, 0.0545, 0.4979, 0.0565,
         0.0467],
        [0.0406, 0.0306, 0.0533, 0.0500, 0.0420, 0.6046, 0.0550, 0.0442, 0.0360,
         0.0437],
        [0.1260, 0.0387, 0.0566, 0.0583, 0.0587, 0.0447, 0.0370, 0.0380, 0.4885,
         0.0536],
        [0.0529, 0.2129, 0.0871, 0.0640, 0.0701, 0.0546, 0.0291, 0.0581, 0.0646,
         0.3067],
        [0.1131, 0.1837, 0.0619, 0.0629, 0.0528, 0.0484, 0.2898, 0.0360, 0.1062,
         0.0453],
        [0.0881, 0.0330, 0.5596, 0.0464, 0.0510, 0.0739, 0.0259, 0.0379, 0.0331,
         0.0511],
        [0.0518, 0.0464, 0.1998, 0.2733, 0.1094, 0.0904, 0.0300, 0.0797, 0.0601,
         0.0590],
        [0.4194, 0.0498, 0.2343, 0.0407, 0.1102, 0.0299, 0.0303, 0.0217, 0.0289,
         0.0348],
        [0.5128, 0.0550, 0.0385, 0.0573, 0.0679, 0.0374, 0.0539, 0.0314, 0.0468,
         0.0990],
        [0.0558, 0.0416, 0.0793, 0.1476, 0.0554, 0.3471, 0.0498, 0.1211, 0.0484,
         0.0539],
        [0.0464, 0.0382, 0.0821, 0.1650, 0.0430, 0.3447, 0.0569, 0.0864, 0.0598,
         0.0777],
        [0.0580, 0.0501, 0.1401, 0.1711, 0.2119, 0.1271, 0.0439, 0.0934, 0.0490,
         0.0552],
        [0.0395, 0.0547, 0.0460, 0.0326, 0.0303, 0.0435, 0.6177, 0.0341, 0.0594,
         0.0423],
        [0.0413, 0.2326, 0.0693, 0.0369, 0.0394, 0.0679, 0.0425, 0.0387, 0.3853,
         0.0460],
        [0.0345, 0.0292, 0.0286, 0.0381, 0.0640, 0.0644, 0.0614, 0.6081, 0.0471,
         0.0246],
        [0.0339, 0.0328, 0.0251, 0.6583, 0.0299, 0.0298, 0.0843, 0.0240, 0.0558,
         0.0260],
        [0.0384, 0.0300, 0.0533, 0.0836, 0.0419, 0.5924, 0.0418, 0.0429, 0.0328,
         0.0430],
        [0.0580, 0.0556, 0.0847, 0.1067, 0.0506, 0.0768, 0.1341, 0.1236, 0.2743,
         0.0357],
        [0.0400, 0.6281, 0.0447, 0.0389, 0.0321, 0.0561, 0.0208, 0.0533, 0.0378,
         0.0482],
        [0.0439, 0.0222, 0.0595, 0.1117, 0.0375, 0.5632, 0.0309, 0.0217, 0.0516,
         0.0577],
        [0.3438, 0.0489, 0.0440, 0.0802, 0.0479, 0.0439, 0.0522, 0.0274, 0.2531,
         0.0587],
        [0.0489, 0.0558, 0.0440, 0.0332, 0.0364, 0.0346, 0.5825, 0.0426, 0.0693,
         0.0526],
        [0.3433, 0.0503, 0.3054, 0.0498, 0.0848, 0.0347, 0.0371, 0.0213, 0.0344,
         0.0390],
        [0.1127, 0.0282, 0.0717, 0.0531, 0.0685, 0.0669, 0.0481, 0.3599, 0.0660,
         0.1250],
        [0.0743, 0.0274, 0.0645, 0.0355, 0.0419, 0.0593, 0.0413, 0.0377, 0.5654,
         0.0527],
        [0.0395, 0.0276, 0.0453, 0.0254, 0.6799, 0.0496, 0.0398, 0.0324, 0.0374,
         0.0231],
        [0.0490, 0.0402, 0.0537, 0.1165, 0.0871, 0.4584, 0.0410, 0.0594, 0.0409,
         0.0537],
        [0.0531, 0.0484, 0.1574, 0.3091, 0.0646, 0.0726, 0.1447, 0.0421, 0.0653,
         0.0426],
        [0.0573, 0.0782, 0.0605, 0.0525, 0.0599, 0.0424, 0.0385, 0.0492, 0.0573,
         0.5043],
        [0.0783, 0.0750, 0.0417, 0.2611, 0.0529, 0.0331, 0.0774, 0.0368, 0.2909,
         0.0529],
        [0.0791, 0.0500, 0.0986, 0.1517, 0.1154, 0.0908, 0.2694, 0.0559, 0.0515,
         0.0378]], device='cuda:0', grad_fn=<SoftmaxBackward>)
>> best accuracy: 75.38	best epoch: 10

>> final recovery rate: 60.23333333333334%
>> val epoch: 15
>> current accuracy: 78.16%
outputs: tensor([[0.0529, 0.0434, 0.0450, 0.0798, 0.0324, 0.0508, 0.5354, 0.0440, 0.0637,
         0.0525],
        [0.0503, 0.3671, 0.0674, 0.0485, 0.0338, 0.0486, 0.0522, 0.0564, 0.0469,
         0.2288],
        [0.0996, 0.0248, 0.0430, 0.0300, 0.0589, 0.0341, 0.0470, 0.0482, 0.0819,
         0.5325],
        [0.0491, 0.0414, 0.0454, 0.6138, 0.0270, 0.0644, 0.0405, 0.0546, 0.0364,
         0.0275],
        [0.0325, 0.0526, 0.0381, 0.0370, 0.0399, 0.0441, 0.0426, 0.6348, 0.0495,
         0.0289],
        [0.0461, 0.0552, 0.0625, 0.2394, 0.1242, 0.1761, 0.0961, 0.0702, 0.0765,
         0.0537],
        [0.0401, 0.4257, 0.0560, 0.0381, 0.0481, 0.0606, 0.0432, 0.0468, 0.0537,
         0.1877],
        [0.4435, 0.0729, 0.1472, 0.0348, 0.0362, 0.0423, 0.0446, 0.0629, 0.0528,
         0.0629],
        [0.0830, 0.0679, 0.1083, 0.0750, 0.0742, 0.0597, 0.2530, 0.0495, 0.1707,
         0.0586],
        [0.5941, 0.0548, 0.0540, 0.0273, 0.0612, 0.0381, 0.0337, 0.0403, 0.0565,
         0.0399],
        [0.0329, 0.0558, 0.0548, 0.0807, 0.0460, 0.1118, 0.0394, 0.3951, 0.1321,
         0.0512],
        [0.0411, 0.0412, 0.0353, 0.0287, 0.0375, 0.0552, 0.5999, 0.0435, 0.0597,
         0.0579],
        [0.0488, 0.0474, 0.0419, 0.0313, 0.0618, 0.0313, 0.0548, 0.0435, 0.0511,
         0.5882],
        [0.0510, 0.1092, 0.0470, 0.4552, 0.0361, 0.0870, 0.0408, 0.0566, 0.0843,
         0.0329],
        [0.6253, 0.0633, 0.0322, 0.0293, 0.0481, 0.0472, 0.0352, 0.0383, 0.0486,
         0.0326],
        [0.0605, 0.0188, 0.0303, 0.0260, 0.0736, 0.0303, 0.0435, 0.0302, 0.0432,
         0.6435],
        [0.0786, 0.1551, 0.1612, 0.2009, 0.1372, 0.0528, 0.0429, 0.0475, 0.0707,
         0.0530],
        [0.0730, 0.0683, 0.5078, 0.0330, 0.0521, 0.0413, 0.0618, 0.0443, 0.0692,
         0.0494],
        [0.0523, 0.0179, 0.0263, 0.0247, 0.0585, 0.0276, 0.0423, 0.0281, 0.0310,
         0.6912],
        [0.0512, 0.0361, 0.0661, 0.5761, 0.0284, 0.0503, 0.0624, 0.0426, 0.0558,
         0.0310],
        [0.0726, 0.0537, 0.1037, 0.1355, 0.0465, 0.3859, 0.0512, 0.0663, 0.0396,
         0.0450],
        [0.0392, 0.0543, 0.1184, 0.2864, 0.0407, 0.2527, 0.0384, 0.0462, 0.0617,
         0.0620],
        [0.0266, 0.0554, 0.0476, 0.0485, 0.0766, 0.5501, 0.0405, 0.0647, 0.0483,
         0.0416],
        [0.0505, 0.0421, 0.0671, 0.0456, 0.0366, 0.0412, 0.0395, 0.0384, 0.5961,
         0.0430],
        [0.0274, 0.0355, 0.0271, 0.0200, 0.6976, 0.0366, 0.0380, 0.0409, 0.0512,
         0.0256],
        [0.0800, 0.2834, 0.0399, 0.0306, 0.0680, 0.0436, 0.1015, 0.0353, 0.0444,
         0.2732],
        [0.0463, 0.0474, 0.0879, 0.2543, 0.1554, 0.1048, 0.0883, 0.0577, 0.1101,
         0.0476],
        [0.0656, 0.0855, 0.1787, 0.0537, 0.0949, 0.0494, 0.2696, 0.0770, 0.0601,
         0.0654],
        [0.0474, 0.0657, 0.1995, 0.0571, 0.0599, 0.0520, 0.2922, 0.0544, 0.1162,
         0.0555],
        [0.0423, 0.0496, 0.0438, 0.0385, 0.0428, 0.0558, 0.5862, 0.0403, 0.0474,
         0.0535],
        [0.0395, 0.0594, 0.0536, 0.0335, 0.0331, 0.0419, 0.6051, 0.0364, 0.0538,
         0.0436],
        [0.0328, 0.0573, 0.0546, 0.0655, 0.0816, 0.4686, 0.0379, 0.1217, 0.0422,
         0.0378],
        [0.0531, 0.0431, 0.0557, 0.4647, 0.0290, 0.1354, 0.0769, 0.0491, 0.0524,
         0.0406],
        [0.0332, 0.0463, 0.0427, 0.0945, 0.0522, 0.5558, 0.0331, 0.0421, 0.0519,
         0.0481],
        [0.1372, 0.0471, 0.0332, 0.0341, 0.5079, 0.0268, 0.0308, 0.0230, 0.1323,
         0.0276],
        [0.0370, 0.0807, 0.0828, 0.0734, 0.1032, 0.2428, 0.0380, 0.2249, 0.0620,
         0.0552],
        [0.0550, 0.0524, 0.0567, 0.0559, 0.0436, 0.0752, 0.4612, 0.0525, 0.0485,
         0.0991],
        [0.0384, 0.6156, 0.0427, 0.0327, 0.0375, 0.0489, 0.0315, 0.0425, 0.0368,
         0.0734],
        [0.0291, 0.0484, 0.0587, 0.0446, 0.0431, 0.6190, 0.0320, 0.0549, 0.0357,
         0.0346],
        [0.6498, 0.0520, 0.0393, 0.0241, 0.0393, 0.0369, 0.0341, 0.0358, 0.0361,
         0.0526],
        [0.0472, 0.0459, 0.0412, 0.0343, 0.0612, 0.0312, 0.0458, 0.0448, 0.0540,
         0.5944],
        [0.0435, 0.0644, 0.0651, 0.0458, 0.3597, 0.0677, 0.1892, 0.0488, 0.0720,
         0.0438],
        [0.6012, 0.0409, 0.0299, 0.0326, 0.0636, 0.0569, 0.0311, 0.0355, 0.0688,
         0.0395],
        [0.4941, 0.0721, 0.1246, 0.0315, 0.0611, 0.0417, 0.0343, 0.0457, 0.0519,
         0.0430],
        [0.0368, 0.6424, 0.0393, 0.0356, 0.0364, 0.0488, 0.0332, 0.0458, 0.0389,
         0.0429],
        [0.0352, 0.0572, 0.0703, 0.1839, 0.0819, 0.3099, 0.0562, 0.1017, 0.0552,
         0.0484],
        [0.0601, 0.0825, 0.1148, 0.0457, 0.1501, 0.2697, 0.0402, 0.1381, 0.0507,
         0.0482],
        [0.1666, 0.0864, 0.0650, 0.0409, 0.3672, 0.0799, 0.0515, 0.0521, 0.0500,
         0.0404],
        [0.6163, 0.0523, 0.0348, 0.0291, 0.0521, 0.0536, 0.0316, 0.0452, 0.0426,
         0.0424],
        [0.0297, 0.0821, 0.5380, 0.0249, 0.0969, 0.0410, 0.0315, 0.0326, 0.0723,
         0.0511],
        [0.6105, 0.0470, 0.0569, 0.0305, 0.0500, 0.0447, 0.0310, 0.0393, 0.0482,
         0.0418],
        [0.0282, 0.0499, 0.0391, 0.0232, 0.6613, 0.0350, 0.0471, 0.0333, 0.0565,
         0.0264],
        [0.0358, 0.0740, 0.0756, 0.1053, 0.2403, 0.1734, 0.0663, 0.1107, 0.0718,
         0.0468],
        [0.0736, 0.0372, 0.0337, 0.0399, 0.0624, 0.0603, 0.0468, 0.0439, 0.5354,
         0.0668],
        [0.6046, 0.0566, 0.0314, 0.0381, 0.0413, 0.0430, 0.0406, 0.0448, 0.0680,
         0.0316],
        [0.0642, 0.0657, 0.0528, 0.2768, 0.0443, 0.0736, 0.1972, 0.0553, 0.1254,
         0.0448],
        [0.0334, 0.0556, 0.0318, 0.0283, 0.6056, 0.0437, 0.0483, 0.0491, 0.0705,
         0.0339],
        [0.0538, 0.0679, 0.0387, 0.0315, 0.0437, 0.0401, 0.0360, 0.0366, 0.6220,
         0.0298],
        [0.0305, 0.0673, 0.0446, 0.0382, 0.0403, 0.0369, 0.0412, 0.6226, 0.0441,
         0.0343],
        [0.0311, 0.0429, 0.0238, 0.0197, 0.6812, 0.0426, 0.0369, 0.0376, 0.0563,
         0.0278],
        [0.0344, 0.0340, 0.0402, 0.0311, 0.0449, 0.0472, 0.0488, 0.0374, 0.6278,
         0.0542],
        [0.0280, 0.0617, 0.5253, 0.0335, 0.0423, 0.1164, 0.0464, 0.0576, 0.0440,
         0.0447],
        [0.1634, 0.0345, 0.0367, 0.0388, 0.0569, 0.0732, 0.0368, 0.0417, 0.4768,
         0.0411],
        [0.0364, 0.6593, 0.0347, 0.0325, 0.0368, 0.0476, 0.0318, 0.0376, 0.0401,
         0.0430],
        [0.0569, 0.0721, 0.4896, 0.0374, 0.0484, 0.0932, 0.0579, 0.0468, 0.0442,
         0.0535],
        [0.0613, 0.0554, 0.0332, 0.0341, 0.0645, 0.0381, 0.0495, 0.0459, 0.0345,
         0.5835],
        [0.0730, 0.0492, 0.0465, 0.0374, 0.0352, 0.0425, 0.0340, 0.6008, 0.0495,
         0.0319],
        [0.1664, 0.0454, 0.1568, 0.2546, 0.0372, 0.0971, 0.0508, 0.0638, 0.0862,
         0.0418],
        [0.0298, 0.0473, 0.0427, 0.0979, 0.0790, 0.5008, 0.0346, 0.0826, 0.0461,
         0.0393],
        [0.0481, 0.0543, 0.1455, 0.3377, 0.0306, 0.0908, 0.1030, 0.0842, 0.0559,
         0.0499],
        [0.0356, 0.6760, 0.0347, 0.0310, 0.0327, 0.0448, 0.0362, 0.0432, 0.0346,
         0.0312],
        [0.0278, 0.0599, 0.0378, 0.0350, 0.0573, 0.0443, 0.0441, 0.6247, 0.0400,
         0.0291]], device='cuda:0', grad_fn=<SoftmaxBackward>)
>> best accuracy: 78.16	best epoch: 15

>> final recovery rate: 60.23333333333334%
>> val epoch: 20
>> current accuracy: 80.25999999999999%
outputs: tensor([[0.0717, 0.0346, 0.1674, 0.1504, 0.2382, 0.0686, 0.0673, 0.0755, 0.0493,
         0.0770],
        [0.1128, 0.0680, 0.0364, 0.0447, 0.0652, 0.0495, 0.0574, 0.0533, 0.0315,
         0.4811],
        [0.0376, 0.0688, 0.0376, 0.0446, 0.0426, 0.0395, 0.0509, 0.0560, 0.0294,
         0.5930],
        [0.0614, 0.0297, 0.5761, 0.0742, 0.0335, 0.0410, 0.0389, 0.0526, 0.0429,
         0.0496],
        [0.0395, 0.0525, 0.0871, 0.1921, 0.0889, 0.2794, 0.0729, 0.0933, 0.0374,
         0.0569],
        [0.2278, 0.0321, 0.1760, 0.0878, 0.0756, 0.1488, 0.0790, 0.0562, 0.0520,
         0.0649],
        [0.0892, 0.0501, 0.5253, 0.0470, 0.0428, 0.0449, 0.0409, 0.0568, 0.0450,
         0.0579],
        [0.0579, 0.4928, 0.0583, 0.0647, 0.0395, 0.0519, 0.0403, 0.0802, 0.0495,
         0.0650],
        [0.6680, 0.0218, 0.0466, 0.0429, 0.0440, 0.0371, 0.0349, 0.0360, 0.0378,
         0.0309],
        [0.0999, 0.0348, 0.0401, 0.0556, 0.0491, 0.0666, 0.0492, 0.0573, 0.4796,
         0.0678],
        [0.0341, 0.0347, 0.0588, 0.0644, 0.0539, 0.5808, 0.0462, 0.0310, 0.0344,
         0.0617],
        [0.0539, 0.6024, 0.0382, 0.0370, 0.0382, 0.0447, 0.0355, 0.0575, 0.0336,
         0.0589],
        [0.0421, 0.0368, 0.0729, 0.0479, 0.5498, 0.0350, 0.0466, 0.0925, 0.0402,
         0.0361],
        [0.0374, 0.0305, 0.0456, 0.0511, 0.0559, 0.6284, 0.0337, 0.0280, 0.0305,
         0.0589],
        [0.0355, 0.0259, 0.0273, 0.0373, 0.0502, 0.0236, 0.0520, 0.0399, 0.0328,
         0.6755],
        [0.2387, 0.0183, 0.0307, 0.0758, 0.0663, 0.0502, 0.0596, 0.1859, 0.0460,
         0.2283],
        [0.0442, 0.6780, 0.0327, 0.0393, 0.0322, 0.0404, 0.0297, 0.0451, 0.0273,
         0.0312],
        [0.0342, 0.0371, 0.0418, 0.0484, 0.0474, 0.0466, 0.6197, 0.0372, 0.0500,
         0.0376],
        [0.0384, 0.0508, 0.1070, 0.0950, 0.1326, 0.3852, 0.0390, 0.0665, 0.0345,
         0.0511],
        [0.0322, 0.0374, 0.0419, 0.0664, 0.0506, 0.6090, 0.0383, 0.0405, 0.0339,
         0.0499],
        [0.0768, 0.0325, 0.0390, 0.0453, 0.0480, 0.0641, 0.0465, 0.0489, 0.5186,
         0.0802],
        [0.3456, 0.0308, 0.1341, 0.0437, 0.2142, 0.0494, 0.0498, 0.0671, 0.0260,
         0.0393],
        [0.0485, 0.0472, 0.0639, 0.3541, 0.0406, 0.0203, 0.2320, 0.0532, 0.0925,
         0.0476],
        [0.0637, 0.0350, 0.0473, 0.5255, 0.0599, 0.0266, 0.0400, 0.0621, 0.0452,
         0.0946],
        [0.0492, 0.0516, 0.0402, 0.5539, 0.0376, 0.0955, 0.0315, 0.0464, 0.0399,
         0.0541],
        [0.2146, 0.0340, 0.4286, 0.0555, 0.0473, 0.0373, 0.0481, 0.0447, 0.0364,
         0.0535],
        [0.0520, 0.0347, 0.0546, 0.4253, 0.0636, 0.0350, 0.1893, 0.0553, 0.0440,
         0.0461],
        [0.1824, 0.0442, 0.3844, 0.0570, 0.0985, 0.0569, 0.0379, 0.0537, 0.0365,
         0.0486],
        [0.0348, 0.0220, 0.0441, 0.0292, 0.0624, 0.6656, 0.0348, 0.0281, 0.0277,
         0.0514],
        [0.0456, 0.0422, 0.0326, 0.0458, 0.0595, 0.0341, 0.0480, 0.0405, 0.0479,
         0.6037],
        [0.0476, 0.0313, 0.0318, 0.0374, 0.0412, 0.0377, 0.0534, 0.0467, 0.0358,
         0.6371],
        [0.5201, 0.0526, 0.0587, 0.0509, 0.0824, 0.0561, 0.0429, 0.0443, 0.0475,
         0.0445],
        [0.0390, 0.7567, 0.0253, 0.0335, 0.0224, 0.0253, 0.0248, 0.0334, 0.0147,
         0.0249],
        [0.0446, 0.5916, 0.0350, 0.0533, 0.0442, 0.0365, 0.0368, 0.0494, 0.0726,
         0.0360],
        [0.0509, 0.0536, 0.0547, 0.3807, 0.0572, 0.1908, 0.0491, 0.0651, 0.0410,
         0.0569],
        [0.0827, 0.0413, 0.2687, 0.0809, 0.2809, 0.0412, 0.0695, 0.0441, 0.0380,
         0.0525],
        [0.1535, 0.2020, 0.0986, 0.0710, 0.0518, 0.0529, 0.0442, 0.1813, 0.0720,
         0.0726],
        [0.0538, 0.0294, 0.0668, 0.0839, 0.2010, 0.0630, 0.3042, 0.0710, 0.0502,
         0.0769],
        [0.1536, 0.0255, 0.0315, 0.0533, 0.0548, 0.0647, 0.0540, 0.4266, 0.0684,
         0.0677],
        [0.0336, 0.0488, 0.5540, 0.0503, 0.0445, 0.0463, 0.0487, 0.0641, 0.0597,
         0.0499],
        [0.0458, 0.0435, 0.1028, 0.0616, 0.1161, 0.0787, 0.3880, 0.0561, 0.0634,
         0.0441],
        [0.0726, 0.0356, 0.0859, 0.0564, 0.0486, 0.0432, 0.4710, 0.0672, 0.0689,
         0.0505],
        [0.0272, 0.0385, 0.0499, 0.0955, 0.0450, 0.5718, 0.0454, 0.0334, 0.0349,
         0.0585],
        [0.0708, 0.0602, 0.0426, 0.1688, 0.1094, 0.2318, 0.0505, 0.1136, 0.0877,
         0.0646],
        [0.0307, 0.0636, 0.0301, 0.0386, 0.0434, 0.0422, 0.0364, 0.0497, 0.0365,
         0.6288],
        [0.0872, 0.0396, 0.0507, 0.1272, 0.3465, 0.0372, 0.1763, 0.0455, 0.0385,
         0.0513],
        [0.0773, 0.0762, 0.0853, 0.2437, 0.1014, 0.0417, 0.0472, 0.1341, 0.1577,
         0.0354],
        [0.0670, 0.0422, 0.0508, 0.2874, 0.2193, 0.0529, 0.0748, 0.1246, 0.0378,
         0.0434],
        [0.0715, 0.0518, 0.0871, 0.0972, 0.1032, 0.2068, 0.0426, 0.2435, 0.0331,
         0.0632],
        [0.0431, 0.0681, 0.0398, 0.0462, 0.0418, 0.0512, 0.0502, 0.5491, 0.0551,
         0.0553],
        [0.0754, 0.2065, 0.0402, 0.0481, 0.0465, 0.0570, 0.0547, 0.0445, 0.3840,
         0.0429],
        [0.0392, 0.0436, 0.0693, 0.0757, 0.0431, 0.0572, 0.5275, 0.0403, 0.0581,
         0.0460],
        [0.6087, 0.0320, 0.0425, 0.0585, 0.0510, 0.0407, 0.0420, 0.0528, 0.0363,
         0.0355],
        [0.0414, 0.0383, 0.0376, 0.0588, 0.0961, 0.0577, 0.5321, 0.0568, 0.0397,
         0.0417],
        [0.0491, 0.0397, 0.0532, 0.0615, 0.0527, 0.0691, 0.0647, 0.0575, 0.4367,
         0.1159],
        [0.0412, 0.0399, 0.5810, 0.0474, 0.0514, 0.0366, 0.0438, 0.0641, 0.0520,
         0.0426],
        [0.0253, 0.0222, 0.0270, 0.0388, 0.0430, 0.0224, 0.0496, 0.0370, 0.0297,
         0.7049],
        [0.0373, 0.0582, 0.0302, 0.0482, 0.0564, 0.0293, 0.0530, 0.0461, 0.0382,
         0.6030],
        [0.0308, 0.0316, 0.0301, 0.0417, 0.0342, 0.0414, 0.6470, 0.0325, 0.0709,
         0.0397],
        [0.0267, 0.0268, 0.0478, 0.0492, 0.0625, 0.6317, 0.0408, 0.0495, 0.0249,
         0.0399],
        [0.0861, 0.0532, 0.1059, 0.0760, 0.2790, 0.1812, 0.0443, 0.0924, 0.0282,
         0.0537],
        [0.0386, 0.0429, 0.0373, 0.0390, 0.0838, 0.0689, 0.0551, 0.5547, 0.0390,
         0.0407],
        [0.0700, 0.0507, 0.0476, 0.3676, 0.0904, 0.0895, 0.1422, 0.0555, 0.0408,
         0.0457],
        [0.0537, 0.0872, 0.0886, 0.0390, 0.0410, 0.0578, 0.0383, 0.5151, 0.0377,
         0.0417],
        [0.0309, 0.0329, 0.0401, 0.0447, 0.0344, 0.0330, 0.6454, 0.0368, 0.0665,
         0.0354],
        [0.0380, 0.0608, 0.3414, 0.0559, 0.2088, 0.0536, 0.0438, 0.0703, 0.0647,
         0.0626],
        [0.0580, 0.0268, 0.0270, 0.0399, 0.0573, 0.0321, 0.0610, 0.0484, 0.0344,
         0.6150],
        [0.0583, 0.0364, 0.0351, 0.2143, 0.0456, 0.0762, 0.3926, 0.0536, 0.0467,
         0.0411],
        [0.1055, 0.0297, 0.0385, 0.0572, 0.0418, 0.0532, 0.0410, 0.0454, 0.5197,
         0.0681],
        [0.0442, 0.0685, 0.2243, 0.0466, 0.3409, 0.0357, 0.0452, 0.0639, 0.0725,
         0.0583],
        [0.0552, 0.0408, 0.0703, 0.2727, 0.2085, 0.1139, 0.0838, 0.0563, 0.0421,
         0.0565],
        [0.0453, 0.0662, 0.0729, 0.1777, 0.0825, 0.1962, 0.1272, 0.0906, 0.0816,
         0.0597]], device='cuda:0', grad_fn=<SoftmaxBackward>)
>> best accuracy: 80.25999999999999	best epoch: 20

>> final recovery rate: 60.23333333333334%
>> val epoch: 25
>> current accuracy: 76.7%
outputs: tensor([[0.0391, 0.0356, 0.0718, 0.0948, 0.0462, 0.5120, 0.0509, 0.0644, 0.0423,
         0.0429],
        [0.6034, 0.0617, 0.0385, 0.0528, 0.0341, 0.0512, 0.0345, 0.0376, 0.0305,
         0.0558],
        [0.0507, 0.0302, 0.0411, 0.0577, 0.0622, 0.5720, 0.0550, 0.0556, 0.0341,
         0.0414],
        [0.0774, 0.0565, 0.0368, 0.3640, 0.0423, 0.0556, 0.2171, 0.0466, 0.0528,
         0.0509],
        [0.0485, 0.0509, 0.0451, 0.2201, 0.0728, 0.3128, 0.0456, 0.0576, 0.0693,
         0.0774],
        [0.0529, 0.0623, 0.1646, 0.0639, 0.3499, 0.0386, 0.1112, 0.0545, 0.0481,
         0.0541],
        [0.0430, 0.0439, 0.0636, 0.4992, 0.0209, 0.1017, 0.0289, 0.0823, 0.0489,
         0.0675],
        [0.5800, 0.0523, 0.0945, 0.0351, 0.0455, 0.0292, 0.0405, 0.0417, 0.0301,
         0.0512],
        [0.5448, 0.0559, 0.0732, 0.0348, 0.0964, 0.0255, 0.0407, 0.0420, 0.0514,
         0.0355],
        [0.0597, 0.0336, 0.0334, 0.0825, 0.0475, 0.0454, 0.0479, 0.5661, 0.0501,
         0.0338],
        [0.0837, 0.0391, 0.0983, 0.0761, 0.0657, 0.0695, 0.0605, 0.3895, 0.0701,
         0.0474],
        [0.0350, 0.0281, 0.0207, 0.0316, 0.0273, 0.0424, 0.7156, 0.0355, 0.0334,
         0.0304],
        [0.0581, 0.0516, 0.0400, 0.1124, 0.2328, 0.2118, 0.0506, 0.0613, 0.0939,
         0.0877],
        [0.0431, 0.0351, 0.6000, 0.0536, 0.0499, 0.0512, 0.0427, 0.0462, 0.0394,
         0.0388],
        [0.6834, 0.0429, 0.0202, 0.0357, 0.0457, 0.0164, 0.0376, 0.0226, 0.0408,
         0.0547],
        [0.0761, 0.0201, 0.0314, 0.0344, 0.0468, 0.0427, 0.0556, 0.0481, 0.5701,
         0.0746],
        [0.0554, 0.0329, 0.3734, 0.0675, 0.0516, 0.2273, 0.0492, 0.0647, 0.0394,
         0.0388],
        [0.0344, 0.3134, 0.0316, 0.1036, 0.0264, 0.1207, 0.0490, 0.0555, 0.0526,
         0.2128],
        [0.0476, 0.5242, 0.0490, 0.0494, 0.0373, 0.0515, 0.0492, 0.0793, 0.0492,
         0.0633],
        [0.0522, 0.0432, 0.0344, 0.4537, 0.0279, 0.1915, 0.0403, 0.0467, 0.0468,
         0.0633],
        [0.0527, 0.0441, 0.2248, 0.2401, 0.0611, 0.0819, 0.0826, 0.0594, 0.0818,
         0.0716],
