noise type: uniform
noise level: 0.8
when_to_apply_epoch: 10
total clean data num: 10909
probability transition matrix:
[[0.2        0.08888889 0.08888889 0.08888889 0.08888889 0.08888889
  0.08888889 0.08888889 0.08888889 0.08888889]
 [0.08888889 0.2        0.08888889 0.08888889 0.08888889 0.08888889
  0.08888889 0.08888889 0.08888889 0.08888889]
 [0.08888889 0.08888889 0.2        0.08888889 0.08888889 0.08888889
  0.08888889 0.08888889 0.08888889 0.08888889]
 [0.08888889 0.08888889 0.08888889 0.2        0.08888889 0.08888889
  0.08888889 0.08888889 0.08888889 0.08888889]
 [0.08888889 0.08888889 0.08888889 0.08888889 0.2        0.08888889
  0.08888889 0.08888889 0.08888889 0.08888889]
 [0.08888889 0.08888889 0.08888889 0.08888889 0.08888889 0.2
  0.08888889 0.08888889 0.08888889 0.08888889]
 [0.08888889 0.08888889 0.08888889 0.08888889 0.08888889 0.08888889
  0.2        0.08888889 0.08888889 0.08888889]
 [0.08888889 0.08888889 0.08888889 0.08888889 0.08888889 0.08888889
  0.08888889 0.2        0.08888889 0.08888889]
 [0.08888889 0.08888889 0.08888889 0.08888889 0.08888889 0.08888889
  0.08888889 0.08888889 0.2        0.08888889]
 [0.08888889 0.08888889 0.08888889 0.08888889 0.08888889 0.08888889
  0.08888889 0.08888889 0.08888889 0.2       ]]
>> val epoch: 0
>> current accuracy: 45.43333333333333%
outputs: tensor([[0.1350, 0.0477, 0.0584, 0.1739, 0.0733, 0.0784, 0.0849, 0.1275, 0.1209,
         0.1002],
        [0.1420, 0.0551, 0.0881, 0.1214, 0.0986, 0.0742, 0.0883, 0.0991, 0.1143,
         0.1190],
        [0.1340, 0.0607, 0.0594, 0.1249, 0.0703, 0.0803, 0.0791, 0.1055, 0.1757,
         0.1102],
        [0.1339, 0.0550, 0.0581, 0.1356, 0.1084, 0.0727, 0.0801, 0.0892, 0.1425,
         0.1244],
        [0.1427, 0.0597, 0.0954, 0.1569, 0.0822, 0.0764, 0.0982, 0.0901, 0.1023,
         0.0962],
        [0.1349, 0.0505, 0.0528, 0.1928, 0.0804, 0.0657, 0.0805, 0.1403, 0.0975,
         0.1047],
        [0.1313, 0.0527, 0.0686, 0.1549, 0.0804, 0.0878, 0.0902, 0.0807, 0.1765,
         0.0768],
        [0.1137, 0.0583, 0.0654, 0.1151, 0.1378, 0.0660, 0.1366, 0.0914, 0.0962,
         0.1194],
        [0.1276, 0.0568, 0.0560, 0.1075, 0.1377, 0.0631, 0.1316, 0.0891, 0.1054,
         0.1252],
        [0.0883, 0.0723, 0.1241, 0.1214, 0.0818, 0.0721, 0.1232, 0.0937, 0.0949,
         0.1281],
        [0.2046, 0.0634, 0.0630, 0.1006, 0.0880, 0.0642, 0.0837, 0.1020, 0.1165,
         0.1140],
        [0.1242, 0.0576, 0.0588, 0.1129, 0.1401, 0.0656, 0.1223, 0.0868, 0.1086,
         0.1232],
        [0.1373, 0.0641, 0.0553, 0.1213, 0.1453, 0.0564, 0.0777, 0.0826, 0.1025,
         0.1574],
        [0.1299, 0.0493, 0.0614, 0.1125, 0.0720, 0.0880, 0.0845, 0.0938, 0.2126,
         0.0961],
        [0.1267, 0.1155, 0.0731, 0.1179, 0.0791, 0.0641, 0.0868, 0.0959, 0.1424,
         0.0986],
        [0.1304, 0.0473, 0.0697, 0.1428, 0.0781, 0.0869, 0.1017, 0.0957, 0.1472,
         0.1001],
        [0.1313, 0.1146, 0.0683, 0.1151, 0.0771, 0.0673, 0.0871, 0.0911, 0.1498,
         0.0985],
        [0.1255, 0.1163, 0.0718, 0.1187, 0.0815, 0.0644, 0.0855, 0.0917, 0.1488,
         0.0957],
        [0.0981, 0.0666, 0.1084, 0.1315, 0.1051, 0.0717, 0.1105, 0.0976, 0.0864,
         0.1241],
        [0.1333, 0.1081, 0.0691, 0.1251, 0.0765, 0.0679, 0.0814, 0.0957, 0.1415,
         0.1014],
        [0.1415, 0.1025, 0.0629, 0.1254, 0.0746, 0.0703, 0.0792, 0.0968, 0.1381,
         0.1087],
        [0.1235, 0.0555, 0.0665, 0.1303, 0.0660, 0.0843, 0.0918, 0.0924, 0.1912,
         0.0985],
        [0.1318, 0.0516, 0.0614, 0.1327, 0.0707, 0.0913, 0.0888, 0.0915, 0.1819,
         0.0984],
        [0.1241, 0.0508, 0.0530, 0.1600, 0.0869, 0.1117, 0.0809, 0.1127, 0.1267,
         0.0933],
        [0.1242, 0.0434, 0.0622, 0.1502, 0.0643, 0.1069, 0.1017, 0.1236, 0.1319,
         0.0915],
        [0.1643, 0.0594, 0.0624, 0.1203, 0.0772, 0.0723, 0.0925, 0.0932, 0.1515,
         0.1071],
        [0.1374, 0.0530, 0.0736, 0.1606, 0.0722, 0.0714, 0.0950, 0.1253, 0.1166,
         0.0950],
        [0.1282, 0.0489, 0.0587, 0.1587, 0.0708, 0.0761, 0.0863, 0.1486, 0.1198,
         0.1040],
        [0.1310, 0.0597, 0.0626, 0.2033, 0.0799, 0.0691, 0.0908, 0.1083, 0.0935,
         0.1020],
        [0.1044, 0.0612, 0.0913, 0.1146, 0.0765, 0.0776, 0.1034, 0.0894, 0.1689,
         0.1128],
        [0.1303, 0.0581, 0.0581, 0.1169, 0.1151, 0.0888, 0.0780, 0.0960, 0.1302,
         0.1284],
        [0.1251, 0.0672, 0.0920, 0.1424, 0.1158, 0.0630, 0.0993, 0.0843, 0.1018,
         0.1091],
        [0.2173, 0.0635, 0.0527, 0.0997, 0.0674, 0.0701, 0.0884, 0.0957, 0.1395,
         0.1057],
        [0.1393, 0.0575, 0.0616, 0.1319, 0.0858, 0.0937, 0.0853, 0.0780, 0.1743,
         0.0927],
        [0.1363, 0.0685, 0.0751, 0.1412, 0.0692, 0.0669, 0.0947, 0.1074, 0.1341,
         0.1066],
        [0.0861, 0.0818, 0.1131, 0.1180, 0.0749, 0.0755, 0.1212, 0.0954, 0.1040,
         0.1298],
        [0.1334, 0.0516, 0.0616, 0.1521, 0.0684, 0.0643, 0.0866, 0.1756, 0.1001,
         0.1063],
        [0.1249, 0.0597, 0.0601, 0.1141, 0.1084, 0.0790, 0.1348, 0.0859, 0.1221,
         0.1109],
        [0.1429, 0.0696, 0.0629, 0.1109, 0.1123, 0.0565, 0.0768, 0.0927, 0.1166,
         0.1588],
        [0.1131, 0.0515, 0.0601, 0.2505, 0.0739, 0.0911, 0.0941, 0.0759, 0.1033,
         0.0865],
        [0.1376, 0.0773, 0.0509, 0.1248, 0.1835, 0.0607, 0.0789, 0.0870, 0.0982,
         0.1011],
        [0.1389, 0.0773, 0.0519, 0.1132, 0.1895, 0.0538, 0.0735, 0.0862, 0.0913,
         0.1245],
        [0.1356, 0.0733, 0.0518, 0.1105, 0.1721, 0.0546, 0.0722, 0.0861, 0.1051,
         0.1385],
        [0.1984, 0.0633, 0.0561, 0.0985, 0.0739, 0.0654, 0.0950, 0.1006, 0.1416,
         0.1072],
        [0.1426, 0.1007, 0.0621, 0.1234, 0.0822, 0.0727, 0.0737, 0.0896, 0.1418,
         0.1111],
        [0.1220, 0.0685, 0.0798, 0.1286, 0.0693, 0.0765, 0.0860, 0.0903, 0.1826,
         0.0964],
        [0.1138, 0.0583, 0.0728, 0.1172, 0.0844, 0.0726, 0.1015, 0.0974, 0.1635,
         0.1185],
        [0.1235, 0.0467, 0.0647, 0.1622, 0.0694, 0.1109, 0.0887, 0.0906, 0.1604,
         0.0828]], device='cuda:0', grad_fn=<SoftmaxBackward>)
>> best accuracy: 45.43333333333333	best epoch: 0

>> final recovery rate: 20.201851851851853%
>> val epoch: 5
>> current accuracy: 80.08333333333333%
outputs: tensor([[0.0534, 0.0710, 0.1800, 0.1125, 0.1031, 0.1043, 0.1365, 0.0918, 0.0732,
         0.0742],
        [0.0570, 0.0616, 0.0892, 0.1542, 0.1047, 0.0942, 0.1224, 0.0718, 0.0791,
         0.1659],
        [0.0503, 0.0763, 0.1774, 0.1101, 0.1094, 0.1035, 0.1111, 0.1086, 0.0771,
         0.0762],
        [0.0539, 0.0704, 0.1042, 0.1191, 0.1002, 0.0839, 0.1384, 0.1689, 0.0732,
         0.0879],
        [0.0690, 0.0865, 0.1084, 0.0978, 0.0769, 0.1069, 0.2341, 0.0846, 0.0561,
         0.0797],
        [0.0503, 0.0674, 0.0845, 0.1163, 0.1060, 0.1132, 0.1301, 0.0780, 0.1760,
         0.0783],
        [0.0578, 0.0838, 0.1063, 0.1038, 0.0976, 0.0872, 0.2300, 0.0942, 0.0531,
         0.0862],
        [0.0544, 0.0877, 0.1717, 0.1037, 0.1182, 0.0969, 0.1399, 0.0884, 0.0654,
         0.0737],
        [0.0567, 0.1930, 0.0991, 0.1031, 0.0966, 0.0850, 0.1379, 0.0759, 0.0734,
         0.0793],
        [0.0633, 0.0730, 0.1051, 0.1527, 0.1116, 0.0921, 0.1129, 0.1234, 0.0733,
         0.0926],
        [0.1158, 0.0815, 0.1030, 0.1134, 0.1041, 0.1027, 0.1577, 0.0758, 0.0669,
         0.0791],
        [0.0600, 0.0653, 0.1012, 0.1207, 0.1077, 0.0944, 0.1183, 0.0753, 0.0756,
         0.1816],
        [0.0581, 0.0798, 0.1012, 0.1432, 0.0997, 0.0919, 0.1202, 0.1063, 0.0707,
         0.1288],
        [0.0534, 0.1877, 0.1121, 0.0999, 0.0966, 0.0988, 0.1307, 0.0671, 0.0743,
         0.0793],
        [0.0468, 0.0695, 0.1185, 0.1121, 0.0935, 0.2085, 0.1187, 0.0692, 0.0852,
         0.0779],
        [0.0568, 0.0785, 0.1082, 0.1255, 0.0958, 0.0948, 0.1165, 0.1207, 0.0700,
         0.1334],
        [0.1281, 0.0773, 0.0881, 0.1162, 0.1004, 0.1083, 0.1659, 0.0817, 0.0668,
         0.0672],
        [0.0571, 0.0706, 0.1054, 0.1073, 0.0811, 0.1134, 0.2509, 0.0750, 0.0620,
         0.0771],
        [0.0559, 0.1623, 0.1188, 0.0978, 0.0962, 0.0992, 0.1401, 0.0769, 0.0699,
         0.0829],
        [0.0647, 0.0743, 0.0949, 0.0915, 0.1153, 0.1578, 0.1287, 0.0977, 0.0857,
         0.0894],
        [0.0612, 0.0871, 0.0989, 0.1281, 0.0916, 0.0886, 0.2192, 0.0754, 0.0632,
         0.0867],
        [0.0533, 0.0634, 0.0924, 0.0987, 0.1189, 0.2084, 0.1138, 0.0928, 0.0817,
         0.0765],
        [0.0521, 0.0854, 0.1055, 0.1261, 0.1029, 0.1021, 0.1258, 0.1233, 0.0929,
         0.0837],
        [0.0680, 0.0700, 0.0790, 0.1004, 0.2605, 0.0888, 0.1327, 0.0823, 0.0592,
         0.0591],
        [0.0597, 0.0698, 0.0807, 0.1321, 0.0937, 0.1028, 0.1409, 0.0603, 0.1481,
         0.1118],
        [0.0656, 0.0720, 0.0905, 0.2237, 0.1078, 0.1159, 0.1302, 0.0646, 0.0595,
         0.0702],
        [0.0574, 0.0823, 0.1120, 0.2090, 0.0882, 0.1115, 0.1277, 0.0645, 0.0664,
         0.0810],
        [0.0550, 0.1440, 0.1138, 0.1145, 0.0909, 0.1038, 0.1419, 0.0700, 0.0878,
         0.0785],
        [0.0668, 0.0701, 0.0631, 0.1312, 0.2384, 0.0800, 0.1479, 0.0705, 0.0665,
         0.0656],
        [0.0491, 0.0685, 0.0912, 0.1445, 0.1380, 0.1033, 0.1372, 0.0742, 0.1284,
         0.0656],
        [0.0676, 0.0809, 0.1017, 0.1129, 0.0976, 0.0987, 0.1254, 0.1499, 0.0596,
         0.1057],
        [0.0538, 0.0810, 0.1066, 0.1009, 0.1064, 0.1768, 0.1304, 0.0882, 0.0770,
         0.0789],
        [0.0631, 0.0721, 0.0652, 0.1527, 0.2053, 0.0858, 0.1427, 0.0646, 0.0744,
         0.0741],
        [0.0562, 0.0716, 0.1150, 0.1037, 0.1043, 0.1198, 0.1300, 0.0766, 0.1468,
         0.0761],
        [0.0520, 0.0912, 0.1104, 0.0970, 0.0976, 0.1323, 0.1564, 0.0810, 0.0989,
         0.0833],
        [0.0569, 0.1708, 0.1030, 0.1033, 0.0994, 0.0981, 0.1336, 0.0776, 0.0725,
         0.0847],
        [0.1193, 0.0711, 0.0950, 0.1089, 0.0993, 0.1364, 0.1288, 0.0940, 0.0694,
         0.0780],
        [0.0609, 0.0704, 0.1123, 0.1052, 0.0963, 0.0973, 0.1230, 0.1821, 0.0543,
         0.0981],
        [0.0634, 0.0790, 0.1025, 0.0902, 0.0869, 0.0837, 0.2568, 0.0980, 0.0533,
         0.0862],
        [0.0589, 0.0831, 0.1165, 0.1258, 0.0889, 0.0907, 0.1251, 0.1518, 0.0584,
         0.1008],
        [0.0577, 0.1038, 0.1036, 0.1317, 0.0965, 0.0808, 0.1291, 0.1422, 0.0640,
         0.0906],
        [0.0601, 0.1707, 0.0940, 0.1048, 0.0978, 0.0951, 0.1317, 0.0830, 0.0745,
         0.0883],
        [0.0590, 0.0620, 0.1022, 0.1236, 0.1032, 0.0921, 0.1256, 0.0770, 0.0733,
         0.1818],
        [0.0564, 0.0754, 0.0753, 0.1572, 0.1895, 0.0892, 0.1296, 0.0800, 0.0717,
         0.0756],
        [0.0620, 0.0869, 0.1152, 0.1067, 0.0907, 0.1173, 0.1898, 0.0804, 0.0681,
         0.0830],
        [0.0587, 0.1140, 0.1320, 0.1030, 0.1020, 0.0976, 0.1365, 0.0988, 0.0845,
         0.0729],
        [0.0490, 0.0823, 0.2010, 0.1041, 0.1059, 0.1017, 0.1319, 0.0925, 0.0578,
         0.0740],
        [0.0491, 0.0655, 0.1014, 0.1070, 0.0898, 0.2383, 0.1225, 0.0703, 0.0697,
         0.0864]], device='cuda:0', grad_fn=<SoftmaxBackward>)
>> best accuracy: 80.08333333333333	best epoch: 5

>> final recovery rate: 20.201851851851853%
>> val epoch: 10
>> current accuracy: 77.2%
outputs: tensor([[0.0729, 0.0920, 0.0888, 0.1380, 0.1955, 0.0721, 0.0835, 0.0826, 0.0981,
         0.0764],
        [0.0496, 0.0924, 0.1206, 0.1190, 0.0901, 0.1687, 0.0763, 0.1023, 0.0944,
         0.0866],
        [0.0578, 0.0823, 0.0947, 0.1055, 0.1042, 0.1070, 0.0851, 0.1987, 0.0813,
         0.0834],
        [0.0871, 0.1343, 0.0898, 0.1289, 0.0807, 0.1038, 0.0936, 0.0874, 0.0962,
         0.0982],
        [0.0773, 0.0952, 0.0785, 0.1484, 0.1202, 0.0721, 0.0723, 0.0733, 0.1786,
         0.0841],
        [0.0644, 0.1003, 0.1163, 0.1041, 0.0902, 0.0941, 0.0848, 0.1777, 0.0759,
         0.0922],
        [0.0615, 0.0663, 0.0971, 0.1137, 0.0945, 0.0982, 0.0745, 0.2592, 0.0600,
         0.0750],
        [0.0548, 0.1010, 0.0954, 0.1135, 0.1026, 0.1194, 0.0768, 0.1266, 0.0866,
         0.1234],
        [0.0641, 0.1516, 0.1063, 0.1226, 0.0992, 0.0868, 0.0923, 0.1028, 0.0782,
         0.0959],
        [0.0575, 0.0875, 0.1047, 0.1219, 0.1150, 0.0721, 0.0768, 0.1063, 0.0631,
         0.1950],
        [0.0696, 0.0536, 0.0805, 0.1341, 0.2522, 0.0596, 0.0935, 0.0952, 0.0911,
         0.0706],
        [0.0782, 0.1210, 0.0912, 0.1200, 0.0968, 0.0515, 0.1398, 0.0736, 0.0912,
         0.1366],
        [0.0872, 0.0608, 0.1182, 0.1720, 0.0772, 0.0681, 0.1653, 0.0637, 0.1005,
         0.0870],
        [0.1192, 0.0941, 0.1156, 0.1074, 0.1094, 0.1202, 0.0930, 0.0891, 0.0663,
         0.0858],
        [0.0475, 0.0912, 0.2361, 0.1521, 0.0552, 0.0756, 0.0968, 0.0759, 0.0908,
         0.0788],
        [0.0756, 0.0890, 0.1101, 0.1314, 0.0863, 0.1165, 0.0817, 0.0804, 0.1519,
         0.0771],
        [0.1208, 0.0796, 0.1293, 0.1038, 0.0916, 0.0577, 0.1274, 0.1071, 0.1042,
         0.0785],
        [0.0591, 0.0807, 0.1005, 0.1508, 0.1571, 0.0783, 0.0765, 0.1004, 0.0939,
         0.1026],
        [0.0583, 0.0763, 0.1308, 0.1129, 0.0697, 0.0982, 0.0899, 0.0750, 0.0988,
         0.1901],
        [0.0586, 0.0645, 0.1683, 0.1397, 0.0761, 0.0759, 0.0998, 0.0844, 0.1278,
         0.1050],
        [0.0426, 0.0921, 0.2619, 0.1112, 0.0626, 0.1462, 0.0648, 0.0680, 0.0717,
         0.0789],
        [0.0600, 0.0964, 0.1691, 0.0912, 0.0714, 0.1012, 0.0959, 0.0864, 0.1140,
         0.1145],
        [0.0574, 0.1066, 0.1179, 0.1446, 0.0763, 0.0987, 0.0773, 0.0941, 0.1513,
         0.0758],
        [0.0519, 0.0842, 0.0987, 0.1556, 0.1666, 0.1194, 0.0762, 0.0975, 0.0772,
         0.0729],
        [0.0693, 0.0999, 0.1404, 0.1280, 0.0819, 0.0703, 0.0945, 0.0853, 0.1165,
         0.1138],
        [0.1352, 0.0917, 0.1343, 0.1076, 0.0841, 0.0698, 0.0890, 0.0817, 0.1022,
         0.1045],
        [0.0612, 0.1309, 0.1242, 0.1139, 0.0942, 0.1177, 0.0681, 0.0858, 0.0757,
         0.1281],
        [0.0817, 0.0990, 0.1142, 0.0986, 0.0945, 0.0521, 0.1047, 0.1128, 0.0864,
         0.1560],
        [0.0612, 0.0756, 0.0942, 0.1284, 0.2532, 0.0614, 0.0753, 0.0940, 0.0894,
         0.0672],
        [0.0540, 0.1271, 0.1014, 0.2737, 0.0573, 0.1038, 0.0895, 0.0717, 0.0568,
         0.0647],
        [0.0518, 0.1027, 0.1126, 0.1071, 0.0974, 0.1201, 0.0751, 0.0816, 0.0930,
         0.1587],
        [0.0470, 0.0760, 0.0960, 0.1326, 0.0822, 0.1084, 0.0942, 0.1877, 0.0864,
         0.0896],
        [0.1578, 0.0815, 0.0903, 0.1239, 0.0677, 0.0822, 0.1017, 0.0637, 0.1090,
         0.1222],
        [0.0658, 0.0643, 0.1084, 0.1332, 0.0874, 0.1371, 0.0902, 0.0916, 0.1319,
         0.0902],
        [0.0381, 0.0661, 0.1003, 0.2358, 0.0755, 0.1069, 0.1126, 0.1439, 0.0686,
         0.0522],
        [0.0578, 0.0932, 0.1171, 0.1018, 0.0893, 0.1035, 0.0813, 0.1626, 0.0894,
         0.1039],
        [0.0636, 0.0964, 0.1146, 0.1216, 0.1685, 0.0743, 0.0827, 0.0981, 0.0895,
         0.0907],
        [0.0544, 0.1467, 0.1584, 0.0988, 0.0867, 0.1086, 0.0831, 0.0928, 0.0807,
         0.0899],
        [0.0556, 0.0997, 0.0771, 0.2781, 0.0820, 0.0718, 0.0678, 0.0947, 0.0921,
         0.0812],
        [0.0492, 0.0598, 0.1324, 0.1227, 0.0633, 0.1920, 0.1081, 0.0783, 0.1137,
         0.0805],
        [0.0640, 0.0607, 0.0823, 0.1075, 0.1084, 0.0851, 0.0936, 0.2267, 0.0720,
         0.0998],
        [0.0597, 0.0790, 0.1159, 0.1812, 0.1263, 0.0662, 0.0773, 0.0822, 0.1384,
         0.0736],
        [0.1167, 0.0759, 0.1789, 0.1126, 0.0892, 0.0711, 0.0928, 0.0756, 0.0857,
         0.1016],
        [0.1416, 0.1050, 0.1008, 0.1108, 0.0976, 0.0896, 0.0709, 0.0763, 0.1175,
         0.0900],
        [0.0475, 0.1193, 0.1256, 0.1303, 0.0838, 0.1013, 0.0780, 0.1369, 0.0805,
         0.0967],
        [0.0645, 0.0933, 0.1232, 0.1299, 0.1620, 0.0695, 0.0847, 0.0813, 0.0970,
         0.0944],
        [0.0650, 0.0781, 0.1170, 0.1060, 0.1599, 0.1089, 0.0950, 0.1003, 0.0927,
         0.0770],
        [0.0558, 0.1047, 0.0921, 0.1500, 0.1121, 0.0917, 0.0981, 0.1249, 0.0980,
         0.0726]], device='cuda:0', grad_fn=<SoftmaxBackward>)
>> best accuracy: 80.08333333333333	best epoch: 5

>> final recovery rate: 20.201851851851853%
>> val epoch: 15
>> current accuracy: 41.15%
outputs: tensor([[0.1098, 0.0777, 0.2241, 0.1339, 0.0799, 0.0152, 0.0491, 0.0451, 0.1969,
         0.0682],
        [0.0655, 0.0800, 0.0900, 0.0512, 0.1464, 0.1511, 0.1056, 0.1084, 0.1245,
         0.0773],
        [0.0677, 0.0203, 0.0729, 0.0184, 0.3063, 0.1607, 0.1013, 0.1241, 0.0978,
         0.0305],
        [0.0733, 0.0521, 0.0438, 0.2354, 0.0609, 0.0494, 0.1470, 0.1148, 0.0677,
         0.1557],
        [0.0550, 0.0431, 0.0852, 0.1235, 0.0166, 0.0668, 0.0895, 0.0512, 0.0783,
         0.3907],
        [0.0185, 0.2515, 0.0931, 0.1466, 0.1269, 0.1342, 0.0276, 0.0849, 0.0678,
         0.0488],
        [0.0717, 0.1356, 0.1215, 0.0368, 0.0880, 0.0279, 0.0385, 0.0848, 0.1150,
         0.2802],
        [0.1760, 0.0318, 0.0584, 0.1044, 0.0588, 0.1406, 0.1022, 0.2025, 0.0648,
         0.0606],
        [0.2123, 0.1219, 0.0791, 0.0988, 0.0997, 0.1114, 0.0329, 0.1118, 0.0299,
         0.1022],
        [0.0567, 0.1029, 0.0533, 0.0653, 0.0902, 0.1319, 0.0770, 0.1370, 0.2455,
         0.0402],
        [0.1435, 0.0142, 0.0889, 0.0837, 0.0588, 0.0345, 0.3878, 0.0450, 0.0528,
         0.0908],
        [0.0285, 0.1473, 0.5304, 0.0168, 0.0382, 0.0885, 0.0381, 0.0276, 0.0618,
         0.0230],
        [0.0678, 0.0706, 0.0461, 0.1353, 0.0814, 0.0737, 0.0359, 0.0812, 0.0518,
         0.3561],
        [0.0796, 0.0577, 0.0456, 0.0609, 0.0965, 0.0650, 0.0756, 0.3945, 0.0893,
         0.0352],
        [0.5522, 0.0262, 0.0177, 0.0430, 0.0369, 0.0352, 0.0397, 0.0273, 0.0548,
         0.1670],
        [0.0670, 0.0538, 0.0223, 0.1030, 0.2113, 0.0570, 0.0143, 0.3832, 0.0626,
         0.0257],
        [0.3454, 0.0559, 0.0426, 0.0460, 0.0661, 0.0390, 0.1021, 0.1356, 0.1153,
         0.0520],
        [0.1249, 0.0343, 0.0376, 0.0993, 0.0850, 0.1347, 0.1144, 0.0560, 0.0735,
         0.2403],
        [0.0758, 0.0799, 0.0414, 0.0518, 0.0987, 0.0660, 0.1366, 0.2792, 0.0877,
         0.0828],
        [0.0398, 0.1054, 0.0782, 0.0628, 0.0654, 0.2547, 0.1694, 0.1225, 0.0332,
         0.0686],
        [0.1191, 0.1195, 0.0650, 0.0609, 0.0901, 0.0451, 0.1950, 0.0956, 0.0273,
         0.1824],
        [0.0469, 0.0306, 0.0098, 0.0369, 0.1326, 0.2227, 0.0554, 0.1327, 0.2842,
         0.0481],
        [0.1674, 0.0245, 0.0711, 0.1478, 0.1917, 0.0384, 0.0602, 0.1451, 0.1282,
         0.0257],
        [0.0708, 0.0468, 0.0654, 0.0121, 0.0369, 0.1426, 0.0552, 0.2206, 0.0173,
         0.3323],
        [0.0314, 0.0041, 0.0184, 0.1210, 0.4261, 0.0747, 0.1441, 0.1052, 0.0182,
         0.0567],
        [0.0928, 0.0444, 0.0494, 0.0212, 0.0497, 0.0362, 0.0405, 0.0735, 0.0365,
         0.5557],
        [0.2841, 0.2012, 0.1451, 0.0347, 0.0329, 0.1304, 0.0296, 0.0393, 0.0272,
         0.0755],
        [0.0499, 0.0925, 0.0350, 0.0213, 0.0850, 0.1460, 0.1205, 0.2328, 0.1978,
         0.0190],
        [0.0525, 0.0641, 0.2090, 0.0078, 0.0580, 0.2043, 0.0172, 0.1127, 0.0382,
         0.2362],
        [0.0930, 0.0379, 0.0260, 0.1428, 0.2061, 0.1581, 0.0685, 0.1190, 0.0431,
         0.1055],
        [0.0140, 0.0032, 0.0040, 0.0318, 0.7937, 0.0116, 0.0059, 0.1251, 0.0094,
         0.0013],
        [0.1396, 0.0782, 0.0369, 0.0628, 0.0452, 0.0269, 0.1518, 0.2347, 0.1172,
         0.1068],
        [0.1527, 0.0180, 0.0457, 0.0898, 0.0262, 0.0402, 0.3685, 0.1253, 0.0472,
         0.0863],
        [0.0410, 0.0520, 0.0602, 0.0262, 0.0333, 0.1259, 0.1143, 0.1795, 0.3196,
         0.0479],
        [0.0932, 0.1495, 0.0513, 0.1046, 0.0891, 0.0943, 0.0558, 0.1519, 0.0998,
         0.1104],
        [0.1910, 0.0627, 0.1279, 0.0492, 0.0704, 0.0649, 0.0572, 0.1338, 0.1132,
         0.1297],
        [0.0521, 0.0686, 0.0176, 0.0682, 0.0615, 0.0690, 0.1072, 0.1186, 0.3378,
         0.0994],
        [0.1977, 0.0376, 0.0268, 0.0537, 0.0702, 0.0768, 0.1261, 0.0835, 0.0236,
         0.3040],
        [0.0980, 0.1094, 0.0336, 0.2667, 0.1763, 0.0191, 0.0396, 0.1012, 0.0772,
         0.0788],
        [0.0624, 0.0593, 0.1396, 0.0410, 0.0162, 0.2358, 0.2959, 0.0589, 0.0208,
         0.0701],
        [0.3384, 0.0541, 0.0878, 0.0770, 0.0921, 0.0325, 0.0341, 0.1225, 0.0801,
         0.0812],
        [0.0149, 0.3414, 0.0699, 0.0463, 0.0772, 0.1020, 0.0357, 0.0548, 0.2191,
         0.0387],
        [0.1432, 0.0370, 0.2657, 0.1149, 0.1080, 0.0520, 0.0219, 0.1436, 0.0746,
         0.0391],
        [0.0605, 0.1265, 0.0721, 0.0941, 0.1139, 0.1338, 0.0802, 0.0983, 0.1407,
         0.0800],
        [0.0240, 0.0576, 0.1487, 0.0100, 0.0495, 0.2088, 0.1178, 0.0620, 0.0913,
         0.2304],
        [0.0676, 0.0493, 0.0521, 0.3548, 0.2398, 0.0046, 0.0757, 0.0601, 0.0692,
         0.0268],
        [0.0650, 0.0528, 0.0801, 0.1775, 0.0622, 0.1860, 0.1032, 0.0984, 0.0479,
         0.1270],
        [0.0787, 0.0592, 0.1445, 0.1012, 0.0833, 0.0676, 0.1054, 0.0510, 0.0972,
         0.2119]], device='cuda:0', grad_fn=<SoftmaxBackward>)
>> best accuracy: 80.08333333333333	best epoch: 5

>> final recovery rate: 79.79444444444445%
>> val epoch: 20
>> current accuracy: 88.56666666666668%
outputs: tensor([[3.0252e-03, 2.0124e-06, 7.9105e-04, 1.0864e-02, 8.8901e-03, 2.5870e-05,
         1.1310e-05, 1.8608e-05, 1.9063e-02, 9.5731e-01],
        [2.2529e-05, 9.9924e-01, 7.1675e-05, 1.5069e-05, 3.8825e-05, 6.8233e-05,
         4.0713e-06, 2.0007e-05, 1.5546e-05, 5.0721e-04],
        [7.1190e-06, 4.5827e-02, 9.2424e-01, 4.8950e-04, 2.5569e-05, 1.5122e-04,
         6.5939e-05, 2.2052e-03, 7.3028e-03, 1.9681e-02],
        [3.5815e-05, 9.9807e-01, 2.2010e-04, 9.3132e-06, 4.7271e-05, 4.3559e-04,
         5.9595e-05, 1.5039e-04, 8.9411e-04, 7.8194e-05],
        [6.8383e-07, 3.8390e-04, 9.9890e-01, 2.8193e-04, 4.8612e-05, 7.3937e-06,
         8.4463e-05, 2.3250e-04, 1.6050e-07, 6.2537e-05],
        [4.2973e-05, 4.7448e-04, 1.8129e-02, 2.9809e-02, 1.2023e-03, 7.2779e-01,
         2.4149e-04, 2.1488e-01, 3.9285e-03, 3.4991e-03],
        [2.1327e-07, 1.1150e-06, 9.9985e-01, 2.5370e-06, 1.2469e-06, 1.8552e-06,
         4.6396e-05, 4.2925e-06, 7.8971e-05, 1.1721e-05],
        [1.4662e-05, 7.4423e-07, 9.6478e-06, 3.2065e-04, 7.2309e-05, 9.9912e-01,
         1.4790e-04, 3.9856e-05, 7.3237e-05, 2.0552e-04],
        [2.7033e-05, 2.7370e-07, 4.7224e-07, 1.1770e-06, 1.3632e-05, 1.9768e-06,
         9.9825e-01, 1.3990e-03, 1.8170e-05, 2.9287e-04],
        [6.4397e-03, 7.2378e-03, 5.4784e-05, 8.5234e-02, 2.4822e-01, 7.5398e-04,
         1.0648e-03, 1.0542e-03, 3.8046e-01, 2.6948e-01],
        [9.8859e-05, 1.6376e-06, 2.3790e-07, 1.7206e-05, 3.2962e-05, 8.3723e-07,
         9.9983e-01, 1.5821e-05, 3.0247e-07, 1.9544e-06],
        [1.8022e-04, 9.9943e-01, 4.9748e-05, 1.0266e-05, 8.0738e-06, 2.5353e-04,
         2.1760e-06, 1.0459e-05, 2.7536e-05, 2.3669e-05],
        [4.3554e-04, 1.4638e-04, 1.4813e-03, 4.0718e-03, 6.3529e-01, 3.2658e-01,
         4.5559e-04, 1.2287e-02, 1.0537e-04, 1.9149e-02],
        [3.2226e-04, 9.9905e-01, 1.7969e-04, 7.1633e-06, 2.8347e-05, 2.5565e-04,
         9.1042e-06, 2.9246e-05, 3.8558e-05, 8.1635e-05],
        [4.1312e-01, 2.6504e-04, 1.3922e-06, 6.3798e-03, 1.8276e-04, 5.7983e-01,
         1.8901e-05, 1.3112e-04, 1.5249e-05, 5.4065e-05],
        [3.4098e-05, 1.6094e-03, 8.3685e-01, 1.8910e-02, 1.8131e-04, 1.1652e-01,
         3.7860e-03, 3.1380e-04, 4.5485e-04, 2.1339e-02],
        [6.2396e-07, 1.5296e-05, 3.4720e-05, 1.0448e-05, 4.1526e-06, 1.9494e-04,
         5.1578e-07, 1.2778e-06, 9.9974e-01, 1.0140e-06],
        [9.8643e-01, 3.7716e-06, 1.0444e-02, 2.6225e-06, 2.1165e-04, 5.9771e-06,
         2.2922e-07, 1.0685e-05, 2.8310e-03, 6.0067e-05],
        [1.8176e-05, 2.4513e-03, 3.3910e-05, 3.0528e-03, 7.1487e-04, 2.3252e-04,
         8.1327e-05, 9.9302e-01, 1.8200e-04, 2.0932e-04],
        [6.3667e-05, 2.9824e-07, 2.1838e-06, 1.0772e-04, 2.7657e-06, 1.7991e-07,
         9.9951e-01, 1.4073e-05, 2.8380e-04, 2.0369e-05],
        [4.8440e-06, 8.4305e-08, 3.3036e-07, 2.3788e-07, 5.1359e-07, 1.6047e-07,
         9.9983e-01, 1.7240e-06, 1.5916e-04, 5.5742e-06],
        [9.9987e-01, 4.8031e-08, 7.9300e-07, 9.1121e-07, 1.0228e-04, 1.6816e-05,
         1.8213e-07, 2.6967e-06, 1.0046e-07, 2.0065e-06],
        [2.2734e-04, 2.8658e-06, 1.0081e-06, 1.1665e-05, 1.7031e-06, 5.7245e-06,
         9.9942e-01, 3.0300e-06, 1.2734e-04, 1.9695e-04],
        [3.1514e-06, 7.3296e-07, 1.6552e-07, 1.7965e-05, 9.9973e-01, 3.0241e-06,
         2.7069e-06, 2.3036e-06, 6.8514e-07, 2.4145e-04],
        [4.5241e-05, 9.9960e-01, 1.7685e-04, 1.0564e-05, 4.4390e-05, 4.8504e-05,
         4.2161e-05, 4.3796e-06, 9.8467e-06, 1.4363e-05],
        [5.2080e-04, 1.0810e-05, 9.6447e-01, 9.8161e-05, 1.5542e-04, 5.5098e-03,
         9.6507e-03, 9.4045e-04, 2.4911e-03, 1.6153e-02],
        [2.6578e-06, 1.2352e-04, 1.3949e-04, 1.3722e-05, 3.9165e-06, 1.0868e-02,
         2.3079e-05, 3.0664e-05, 9.8871e-01, 8.2839e-05],
        [1.0153e-06, 1.8818e-06, 5.1513e-06, 3.9581e-05, 1.1813e-05, 4.3012e-06,
         1.4423e-03, 1.8619e-05, 4.2991e-05, 9.9843e-01],
        [2.3165e-07, 3.0019e-08, 3.5871e-07, 5.8359e-06, 9.9995e-01, 1.6567e-05,
         2.1423e-06, 1.3612e-05, 5.4267e-08, 6.8027e-06],
        [1.8401e-04, 5.0398e-05, 2.8590e-03, 1.3318e-02, 1.4756e-03, 7.8662e-02,
         8.4853e-01, 5.2917e-03, 2.2153e-03, 4.7417e-02],
        [9.7968e-01, 2.1372e-04, 1.7896e-03, 3.1722e-05, 1.2509e-04, 1.7765e-05,
         1.4745e-04, 2.7899e-03, 4.6446e-05, 1.5163e-02],
        [1.0687e-06, 7.0969e-08, 8.2153e-07, 9.9987e-01, 2.6417e-06, 2.3487e-06,
         4.4628e-05, 8.7754e-06, 3.8796e-05, 3.5636e-05],
        [5.6665e-05, 9.9734e-01, 1.9212e-03, 1.5263e-05, 1.5265e-04, 1.4483e-04,
         8.8761e-06, 5.8963e-05, 2.9987e-04, 3.6605e-06],
        [1.3432e-06, 2.9035e-07, 2.1542e-07, 2.2167e-06, 1.0279e-06, 5.7854e-05,
         1.3158e-05, 9.9992e-01, 1.1511e-06, 1.0889e-06],
        [7.1869e-07, 9.8220e-08, 7.8264e-07, 3.3626e-07, 9.6933e-07, 1.5241e-05,
         8.9353e-08, 8.3585e-07, 9.9994e-01, 4.5139e-05],
        [1.0027e-04, 9.9664e-01, 2.4083e-03, 2.5133e-04, 2.4728e-05, 2.1171e-04,
         5.3661e-05, 8.4721e-05, 2.9868e-05, 1.9341e-04],
        [2.9782e-04, 9.9865e-01, 3.2887e-04, 1.5966e-05, 3.4898e-05, 5.1228e-05,
         4.6536e-04, 6.5823e-05, 6.9503e-06, 8.1013e-05],
        [9.9988e-01, 2.3025e-06, 9.7141e-06, 2.7187e-06, 4.2378e-05, 6.3688e-06,
         1.5655e-06, 3.2909e-05, 1.5185e-05, 1.7930e-06],
        [9.9998e-01, 7.7789e-08, 7.5501e-06, 1.3581e-07, 3.8837e-06, 2.6526e-07,
         4.8857e-06, 4.9136e-07, 2.3595e-06, 1.9408e-06],
        [9.5243e-05, 2.0122e-01, 8.4151e-02, 1.4817e-03, 6.9118e-01, 2.3246e-03,
         4.3947e-04, 8.8121e-04, 1.2941e-02, 5.2798e-03],
        [1.5236e-02, 2.0127e-05, 9.4900e-04, 4.3878e-03, 1.1524e-04, 5.9370e-05,
         1.3394e-03, 3.1839e-04, 4.2018e-03, 9.7337e-01],
        [3.9894e-01, 4.2377e-05, 2.3255e-05, 6.9924e-04, 7.9037e-04, 5.8629e-01,
         1.2660e-02, 1.0790e-04, 3.6212e-04, 8.4449e-05],
        [4.6668e-01, 2.0754e-05, 6.2329e-03, 2.6313e-01, 2.3343e-03, 2.1561e-03,
         1.1686e-01, 7.3519e-04, 9.4099e-02, 4.7750e-02],
        [1.0908e-06, 2.9025e-06, 5.4368e-04, 7.0280e-06, 1.6859e-04, 7.3153e-05,
         2.9864e-06, 2.7909e-06, 8.3313e-05, 9.9911e-01],
        [7.6693e-06, 3.8387e-04, 4.3431e-05, 9.9485e-01, 8.5160e-05, 3.5136e-03,
         8.6885e-04, 1.9766e-04, 8.5511e-06, 4.0827e-05],
        [1.5925e-05, 9.9965e-01, 2.3135e-05, 1.8606e-05, 8.1816e-06, 8.8209e-05,
         2.9019e-05, 5.0336e-05, 9.3133e-05, 1.9494e-05],
        [1.6747e-03, 8.7342e-02, 5.8125e-01, 2.4547e-03, 3.0349e-02, 2.6086e-03,
         7.7366e-04, 2.7328e-01, 1.7575e-02, 2.6854e-03],
        [2.1393e-05, 6.6563e-06, 1.3416e-06, 1.7507e-04, 5.4719e-01, 8.2064e-06,
         4.5183e-01, 1.6603e-04, 2.0061e-05, 5.7873e-04]], device='cuda:0',
       grad_fn=<SoftmaxBackward>)
>> best accuracy: 88.56666666666668	best epoch: 20

>> final recovery rate: 86.58703703703704%
>> val epoch: 25
>> current accuracy: 90.03333333333333%
outputs: tensor([[2.6322e-07, 8.4475e-07, 3.0302e-02, 9.6966e-01, 5.5991e-06, 1.1279e-05,
         1.6479e-07, 4.9195e-07, 5.0881e-07, 2.0418e-05],
        [2.1935e-05, 6.8733e-07, 2.7559e-07, 1.0103e-06, 1.6569e-06, 1.2791e-06,
         1.1474e-06, 1.9669e-05, 3.1317e-06, 9.9995e-01],
        [9.9988e-01, 5.5079e-05, 2.5059e-07, 3.8226e-09, 7.0683e-07, 6.4024e-07,
         3.7476e-06, 1.1962e-07, 5.4491e-05, 2.7138e-07],
        [9.9985e-01, 1.0627e-07, 1.8103e-07, 1.3152e-08, 2.2756e-07, 1.2506e-06,
         8.4981e-07, 1.0243e-07, 1.5087e-04, 1.3335e-07],
        [1.2143e-05, 5.8911e-04, 9.9317e-01, 4.3684e-03, 1.7545e-05, 1.4703e-03,
         6.2113e-05, 8.6835e-05, 2.2529e-04, 3.5054e-07],
        [8.6199e-06, 9.9993e-01, 1.8629e-07, 9.9643e-07, 8.1853e-07, 4.8860e-06,
         5.6250e-08, 4.2515e-05, 7.7350e-06, 2.2003e-08],
        [9.2097e-06, 3.1380e-02, 3.5921e-03, 7.0902e-05, 4.0350e-03, 3.3429e-03,
         4.6989e-06, 5.4188e-06, 1.1966e-03, 9.5636e-01],
        [2.8006e-07, 1.6245e-10, 1.6455e-08, 5.8205e-12, 1.7761e-10, 1.1257e-08,
         2.2291e-09, 1.0000e+00, 4.9636e-08, 1.5210e-08],
        [7.7612e-10, 3.3740e-07, 1.0000e+00, 5.6834e-09, 1.0836e-09, 1.8075e-06,
         1.7567e-10, 2.3764e-08, 1.9023e-08, 1.2010e-08],
        [3.3624e-08, 1.7828e-09, 1.4220e-07, 2.4870e-08, 2.3788e-09, 1.1454e-08,
         1.0000e+00, 1.0294e-07, 1.2914e-08, 2.1432e-07],
        [1.1929e-06, 2.3053e-07, 1.6398e-06, 1.2704e-06, 9.9877e-01, 1.2871e-06,
         1.1003e-04, 3.1516e-05, 1.0815e-03, 4.7625e-07],
        [7.8582e-03, 8.4665e-04, 5.2515e-06, 1.7796e-05, 2.5749e-05, 8.7724e-01,
         1.4032e-04, 7.6509e-06, 1.1381e-01, 4.5437e-05],
        [9.9999e-01, 2.9615e-07, 1.1083e-07, 1.1543e-07, 7.0445e-07, 2.6317e-08,
         2.7132e-07, 1.3652e-08, 3.4519e-06, 1.3943e-06],
        [9.4346e-06, 8.4608e-08, 8.3352e-07, 2.0295e-06, 9.9988e-01, 1.3103e-06,
         3.7812e-06, 1.8207e-05, 6.3268e-07, 8.1895e-05],
        [1.5879e-07, 1.3661e-01, 4.9974e-05, 8.6286e-01, 2.6476e-07, 5.1882e-08,
         6.2574e-05, 1.2130e-05, 3.7192e-07, 4.0344e-04],
        [9.3613e-05, 9.9865e-01, 7.3750e-07, 2.0850e-05, 8.7894e-07, 9.2397e-06,
         5.2343e-06, 1.2114e-03, 6.7575e-07, 5.3462e-06],
        [1.2095e-06, 2.7247e-06, 5.6446e-05, 3.1152e-07, 1.8150e-06, 9.4410e-06,
         3.3335e-07, 2.6241e-02, 1.2939e-06, 9.7369e-01],
        [2.7596e-06, 4.5937e-07, 1.8743e-08, 2.6732e-08, 7.3589e-07, 7.2483e-10,
         9.9999e-01, 1.8234e-08, 3.3265e-08, 1.2779e-06],
        [3.2615e-07, 1.2704e-09, 4.6679e-06, 5.1703e-07, 7.0678e-06, 2.4557e-06,
         9.9996e-01, 1.3994e-05, 2.5677e-08, 8.3762e-06],
        [3.6335e-08, 6.3022e-10, 3.6256e-08, 1.2815e-08, 8.5249e-09, 9.2951e-08,
         2.0191e-10, 1.0000e+00, 3.2080e-08, 9.2995e-09],
        [4.0283e-07, 9.9984e-01, 8.6827e-08, 1.0712e-06, 3.3690e-07, 4.5268e-07,
         2.5256e-06, 1.5431e-04, 6.8595e-07, 2.4249e-07],
        [1.7225e-07, 1.0000e+00, 2.6205e-08, 6.2624e-08, 5.4557e-09, 4.6423e-07,
         8.0321e-07, 1.7116e-06, 3.5454e-08, 2.4855e-08],
        [1.3845e-05, 1.3191e-05, 5.9213e-05, 7.2465e-05, 9.9971e-01, 1.4916e-06,
         8.3821e-07, 3.3635e-07, 7.8690e-06, 1.1875e-04],
        [1.3533e-06, 4.0539e-05, 7.1162e-06, 1.3230e-04, 9.9637e-01, 2.5146e-03,
         2.6188e-05, 2.3038e-06, 2.3673e-05, 8.8573e-04],
        [8.8790e-04, 2.4766e-05, 5.8541e-04, 3.5375e-07, 1.1105e-03, 2.8937e-05,
         4.0614e-09, 9.9522e-07, 1.3889e-03, 9.9597e-01],
        [3.6502e-04, 4.0714e-05, 5.0744e-04, 4.2082e-05, 1.6710e-02, 7.8763e-05,
         9.6012e-01, 8.4057e-03, 1.3035e-02, 6.9968e-04],
        [5.3388e-09, 7.2657e-07, 2.4485e-05, 1.5371e-06, 7.2518e-07, 4.8856e-06,
         8.1557e-09, 2.2308e-06, 9.9997e-01, 1.5593e-08],
        [3.4374e-09, 2.0140e-07, 5.0294e-05, 2.6380e-07, 4.9987e-06, 8.4145e-07,
         2.2739e-08, 6.3392e-06, 2.9033e-08, 9.9994e-01],
        [6.3282e-08, 2.5898e-06, 1.0327e-06, 2.4753e-06, 6.2219e-06, 3.2813e-07,
         1.9123e-07, 5.0826e-08, 1.5963e-08, 9.9999e-01],
        [1.8519e-02, 6.5053e-01, 1.8978e-04, 4.3350e-02, 7.8385e-05, 2.8450e-01,
         6.9165e-04, 6.2564e-05, 2.3640e-04, 1.8437e-03],
        [2.9188e-05, 6.8541e-06, 4.2759e-06, 8.6934e-07, 5.1172e-08, 2.4384e-05,
         9.9993e-01, 5.1266e-06, 4.1618e-07, 5.8609e-07],
        [4.3096e-05, 3.8812e-03, 8.7509e-04, 4.9154e-02, 1.0980e-04, 1.1806e-02,
         9.3303e-01, 1.0208e-03, 3.0399e-05, 4.7611e-05],
        [1.1631e-06, 8.6223e-02, 1.2019e-05, 9.1007e-01, 4.7340e-05, 7.5493e-04,
         1.8323e-07, 3.9284e-04, 2.4739e-03, 2.4357e-05],
        [7.2024e-06, 9.2731e-01, 1.1107e-05, 6.7187e-08, 2.6687e-05, 5.6437e-07,
         7.2145e-02, 4.2327e-04, 6.0715e-05, 1.1306e-05],
        [1.0000e+00, 6.8988e-08, 1.5882e-08, 2.5249e-08, 7.9875e-08, 2.5502e-08,
         3.2930e-08, 8.5409e-09, 8.3074e-08, 8.9775e-09],
        [4.4656e-09, 1.0000e+00, 1.5233e-09, 5.8567e-10, 3.8202e-10, 1.3064e-08,
         1.9628e-08, 1.7853e-06, 1.4107e-08, 8.8331e-10],
        [9.9994e-01, 1.4932e-08, 1.5345e-06, 2.2408e-10, 4.6358e-08, 1.0758e-07,
         1.3585e-07, 5.4939e-05, 6.0374e-08, 9.9308e-07],
        [8.5834e-06, 2.0094e-03, 5.8785e-03, 2.8922e-02, 9.5465e-01, 1.7761e-06,
         1.6534e-05, 7.0531e-06, 8.4971e-03, 8.4057e-06],
        [9.9994e-01, 1.5638e-07, 1.2074e-06, 6.6990e-12, 9.2902e-10, 1.1026e-10,
         3.4388e-09, 5.3953e-05, 3.3627e-08, 1.3740e-08],
        [1.1824e-07, 1.2791e-04, 6.5113e-06, 6.8064e-05, 9.9979e-01, 9.7596e-08,
         5.6583e-06, 7.1638e-07, 1.4503e-06, 4.1027e-07],
        [2.5709e-06, 1.0758e-07, 4.7254e-06, 8.4685e-06, 9.0751e-06, 1.9375e-07,
         9.9978e-01, 3.0304e-06, 1.7761e-04, 1.7845e-05],
        [8.3212e-02, 1.8983e-05, 1.4266e-06, 6.6029e-04, 1.0574e-03, 5.8363e-02,
         2.2710e-04, 1.4065e-04, 1.3124e-04, 8.5619e-01],
        [3.8642e-07, 3.7261e-07, 8.3488e-08, 1.0000e+00, 4.1613e-07, 2.9502e-07,
         9.7066e-09, 3.3127e-07, 4.6090e-08, 9.5193e-08],
        [1.6116e-07, 7.3457e-09, 3.1207e-07, 1.5238e-07, 1.0619e-07, 1.0000e+00,
         6.0435e-10, 2.8744e-08, 2.1991e-07, 8.1161e-08],
        [4.5282e-06, 1.8962e-06, 1.8423e-06, 9.0791e-08, 6.4456e-09, 2.1307e-09,
         1.3852e-09, 9.9999e-01, 2.5405e-07, 9.7198e-07],
        [1.1548e-08, 4.1177e-09, 9.8103e-07, 7.4155e-09, 2.6226e-07, 4.3252e-06,
         9.9999e-01, 1.2653e-06, 1.2321e-08, 3.0197e-07],
        [8.6316e-07, 4.7217e-07, 5.4009e-07, 1.6837e-08, 3.5005e-07, 1.0000e+00,
         1.1105e-07, 1.4378e-08, 2.3111e-06, 1.6532e-07],
        [2.5982e-07, 7.0179e-09, 1.3036e-06, 2.7068e-08, 1.1694e-06, 9.0264e-08,
         9.9999e-01, 3.9462e-06, 2.1391e-06, 1.3847e-06]], device='cuda:0',
       grad_fn=<SoftmaxBackward>)
>> best accuracy: 90.03333333333333	best epoch: 25

>> final recovery rate: 86.70185185185186%
>> val epoch: 30
>> current accuracy: 90.53333333333333%
outputs: tensor([[1.6820e-06, 6.9107e-06, 9.9996e-01, 1.6602e-08, 5.2269e-08, 3.1814e-06,
         1.4127e-09, 2.5855e-05, 1.5850e-09, 5.7916e-08],
        [1.8575e-06, 2.8473e-03, 2.1290e-02, 1.2937e-06, 3.5007e-07, 5.1575e-07,
         3.3981e-07, 1.5246e-05, 9.7583e-01, 1.6722e-05],
        [3.4498e-07, 1.3229e-05, 1.6669e-06, 9.9969e-01, 2.7800e-04, 1.2237e-06,
         2.0117e-08, 3.5679e-07, 9.0961e-06, 3.2968e-06],
        [4.2964e-05, 1.2001e-07, 6.0405e-05, 1.9143e-06, 7.2087e-04, 6.3683e-06,
         1.2757e-05, 1.0109e-03, 1.1484e-04, 9.9803e-01],
        [6.3252e-06, 1.8851e-04, 2.4431e-03, 9.9544e-01, 1.1015e-04, 3.5537e-04,
         3.4030e-07, 6.8361e-04, 2.2532e-06, 7.7233e-04],
        [6.7597e-10, 1.1031e-07, 2.5291e-08, 8.6100e-12, 2.7443e-09, 8.4678e-10,
         1.0000e+00, 7.6190e-11, 1.7174e-08, 1.3860e-09],
        [1.9546e-06, 1.8079e-06, 9.8992e-06, 9.9869e-01, 2.8182e-05, 6.6538e-05,
         6.7465e-06, 1.5758e-04, 1.0302e-03, 1.0413e-05],
        [2.3990e-06, 2.0842e-06, 2.7058e-08, 1.8858e-10, 5.2549e-07, 9.9999e-01,
         1.9358e-08, 1.1435e-09, 4.8733e-07, 4.1103e-07],
        [1.0000e+00, 6.0571e-09, 4.2700e-09, 4.9877e-11, 8.2205e-08, 5.9346e-08,
         4.1049e-09, 2.5370e-09, 4.3810e-10, 7.3302e-10],
        [3.0933e-08, 4.7167e-07, 1.0000e+00, 3.4341e-10, 5.8362e-11, 3.5982e-09,
         1.8252e-09, 2.1765e-09, 1.5754e-09, 2.6950e-08],
        [3.0433e-07, 3.0576e-04, 3.3204e-05, 2.2749e-07, 1.2064e-07, 9.1773e-05,
         3.1674e-07, 9.9957e-01, 2.0201e-07, 1.5730e-07],
        [2.1801e-07, 1.0920e-09, 1.4822e-07, 2.7880e-06, 6.7782e-07, 1.0000e+00,
         8.7066e-08, 1.9379e-07, 4.2810e-07, 2.3583e-08],
        [7.6284e-08, 4.9846e-06, 2.9116e-06, 1.0034e-05, 1.1586e-05, 7.5149e-09,
         9.9996e-01, 4.8799e-09, 4.8236e-07, 1.0801e-05],
        [3.1644e-07, 1.8307e-06, 2.3220e-05, 2.9043e-07, 7.4682e-08, 2.3854e-06,
         1.1669e-06, 9.9997e-01, 2.3892e-08, 4.7759e-07],
        [4.3552e-05, 3.9053e-07, 1.0083e-05, 4.6558e-07, 8.2168e-06, 1.3303e-05,
         5.5712e-05, 1.9943e-03, 9.9787e-01, 1.1326e-06],
        [2.1402e-07, 1.3229e-08, 4.2199e-09, 8.2507e-11, 3.3610e-10, 1.6169e-07,
         7.0483e-08, 1.0000e+00, 2.0490e-09, 2.8866e-07],
        [7.1179e-09, 1.1616e-08, 9.5284e-08, 2.2352e-08, 2.0718e-08, 1.3711e-07,
         3.3145e-08, 2.6008e-07, 7.6189e-10, 1.0000e+00],
        [2.2358e-07, 1.9382e-06, 1.7003e-07, 3.4949e-09, 2.4875e-08, 8.8257e-08,
         1.7644e-07, 1.1696e-08, 9.9997e-01, 3.1196e-05],
        [2.6838e-09, 1.3189e-09, 7.9933e-09, 2.2368e-09, 3.1942e-09, 1.4309e-07,
         4.8820e-09, 6.5393e-09, 3.5284e-09, 1.0000e+00],
        [1.5724e-09, 1.9147e-06, 3.1683e-07, 2.9616e-08, 8.1897e-09, 5.4686e-08,
         1.8950e-08, 1.0000e+00, 5.1073e-09, 9.0237e-08],
        [7.1362e-05, 1.0413e-03, 1.1345e-03, 9.9740e-01, 2.6519e-06, 1.0120e-06,
         8.4690e-06, 1.2182e-06, 3.9269e-06, 3.3791e-04],
        [1.4297e-07, 5.4622e-09, 1.1276e-08, 1.0000e+00, 5.6167e-09, 2.0656e-07,
         2.4653e-08, 1.2171e-09, 5.7568e-07, 1.9047e-06],
        [9.6067e-10, 3.1733e-11, 1.4108e-11, 8.2367e-12, 1.0000e+00, 1.6951e-10,
         5.7043e-11, 1.1607e-10, 4.1740e-12, 7.9102e-11],
        [1.0000e+00, 5.6467e-09, 4.4717e-10, 1.0122e-12, 7.0131e-10, 4.6021e-11,
         9.4958e-09, 5.7484e-10, 7.6436e-10, 1.9013e-10],
        [1.0416e-07, 1.0382e-06, 2.1785e-06, 9.6790e-08, 7.6292e-08, 8.6307e-07,
         7.5434e-09, 9.9999e-01, 4.4127e-06, 1.5805e-07],
        [7.7634e-05, 3.2235e-05, 3.9544e-05, 1.6866e-06, 1.6571e-05, 9.9958e-01,
         2.0759e-05, 6.4032e-06, 2.0063e-04, 2.8981e-05],
        [9.9998e-01, 4.0311e-08, 4.9235e-09, 2.1697e-06, 1.3595e-07, 1.0619e-08,
         1.1935e-06, 1.7536e-07, 4.1119e-07, 1.4439e-05],
        [1.5518e-05, 3.3918e-09, 6.4354e-04, 1.1330e-09, 6.5987e-08, 5.6765e-05,
         9.9926e-01, 2.1312e-07, 1.9480e-06, 2.3620e-05],
        [4.8360e-08, 1.4663e-08, 1.4913e-06, 9.1913e-10, 1.8428e-08, 4.1540e-08,
         1.0000e+00, 1.3360e-08, 1.9888e-07, 2.2837e-09],
        [5.3291e-05, 1.5116e-05, 5.2470e-04, 5.6139e-07, 2.2730e-06, 9.9661e-01,
         8.8859e-08, 5.8852e-06, 4.3749e-05, 2.7400e-03],
        [3.9602e-08, 5.9236e-11, 7.1228e-07, 5.0638e-09, 3.4982e-07, 1.0000e+00,
         1.8244e-10, 9.4703e-07, 2.1250e-06, 5.6601e-07],
        [7.7284e-06, 2.7079e-05, 6.0458e-05, 9.1628e-01, 4.3352e-06, 7.1998e-06,
         2.6544e-07, 8.3501e-02, 3.7230e-06, 1.0683e-04],
        [9.5319e-10, 1.0000e+00, 1.5912e-08, 1.2116e-10, 3.4443e-09, 3.4686e-09,
         2.6111e-07, 5.2428e-09, 2.3016e-07, 5.2963e-10],
        [3.9779e-08, 1.1980e-08, 2.2497e-08, 9.9996e-01, 1.2784e-08, 8.5385e-07,
         2.3626e-06, 6.0184e-08, 1.5975e-07, 3.1553e-05],
        [5.1454e-08, 1.0000e+00, 4.0906e-07, 7.6999e-10, 1.5611e-09, 2.3502e-09,
         6.3667e-08, 7.3904e-09, 2.2805e-10, 7.1691e-07],
        [3.2840e-06, 8.2772e-07, 9.9999e-01, 3.7355e-10, 1.1525e-09, 1.0268e-05,
         2.6150e-09, 1.4234e-07, 8.2155e-08, 2.3004e-07],
        [1.4834e-06, 6.0704e-07, 1.4855e-08, 4.5535e-07, 9.9997e-01, 1.4134e-06,
