noise type: uniform
noise level: 0.2
when_to_apply_epoch: 20
total clean data num: 36044
probability transition matrix:
[[0.8        0.02222222 0.02222222 0.02222222 0.02222222 0.02222222
  0.02222222 0.02222222 0.02222222 0.02222222]
 [0.02222222 0.8        0.02222222 0.02222222 0.02222222 0.02222222
  0.02222222 0.02222222 0.02222222 0.02222222]
 [0.02222222 0.02222222 0.8        0.02222222 0.02222222 0.02222222
  0.02222222 0.02222222 0.02222222 0.02222222]
 [0.02222222 0.02222222 0.02222222 0.8        0.02222222 0.02222222
  0.02222222 0.02222222 0.02222222 0.02222222]
 [0.02222222 0.02222222 0.02222222 0.02222222 0.8        0.02222222
  0.02222222 0.02222222 0.02222222 0.02222222]
 [0.02222222 0.02222222 0.02222222 0.02222222 0.02222222 0.8
  0.02222222 0.02222222 0.02222222 0.02222222]
 [0.02222222 0.02222222 0.02222222 0.02222222 0.02222222 0.02222222
  0.8        0.02222222 0.02222222 0.02222222]
 [0.02222222 0.02222222 0.02222222 0.02222222 0.02222222 0.02222222
  0.02222222 0.8        0.02222222 0.02222222]
 [0.02222222 0.02222222 0.02222222 0.02222222 0.02222222 0.02222222
  0.02222222 0.02222222 0.8        0.02222222]
 [0.02222222 0.02222222 0.02222222 0.02222222 0.02222222 0.02222222
  0.02222222 0.02222222 0.02222222 0.8       ]]
>> val epoch: 0
>> current accuracy: 42.76%
outputs: tensor([[0.0344, 0.1525, 0.0602, 0.1369, 0.0786, 0.1167, 0.0864, 0.1373, 0.0244,
         0.1725],
        [0.0185, 0.2997, 0.0274, 0.0414, 0.0300, 0.0268, 0.0431, 0.0313, 0.0248,
         0.4571],
        [0.1243, 0.0611, 0.0989, 0.0936, 0.1070, 0.0905, 0.0446, 0.1546, 0.1102,
         0.1153],
        [0.0228, 0.0327, 0.1007, 0.1545, 0.1255, 0.0938, 0.3804, 0.0468, 0.0175,
         0.0254],
        [0.0235, 0.0249, 0.1194, 0.1977, 0.1786, 0.1465, 0.2034, 0.0716, 0.0188,
         0.0157],
        [0.0811, 0.2636, 0.0603, 0.0482, 0.0691, 0.0356, 0.0517, 0.0290, 0.1798,
         0.1815],
        [0.0452, 0.5510, 0.0325, 0.0323, 0.0318, 0.0195, 0.0313, 0.0111, 0.1349,
         0.1103],
        [0.0958, 0.1398, 0.1259, 0.1088, 0.0863, 0.1118, 0.0622, 0.0486, 0.1379,
         0.0829],
        [0.2618, 0.1127, 0.0811, 0.0627, 0.0696, 0.0577, 0.0334, 0.0537, 0.1988,
         0.0684],
        [0.6446, 0.0269, 0.1006, 0.0205, 0.0341, 0.0123, 0.0199, 0.0158, 0.1064,
         0.0189],
        [0.1354, 0.1082, 0.0265, 0.0151, 0.0267, 0.0154, 0.0161, 0.0128, 0.5755,
         0.0683],
        [0.1522, 0.5805, 0.0114, 0.0103, 0.0204, 0.0102, 0.0071, 0.0094, 0.1550,
         0.0435],
        [0.0322, 0.0203, 0.1996, 0.2325, 0.1233, 0.2057, 0.0711, 0.0822, 0.0190,
         0.0140],
        [0.0339, 0.0337, 0.2228, 0.0534, 0.1866, 0.0324, 0.3421, 0.0386, 0.0232,
         0.0332],
        [0.0372, 0.0460, 0.1246, 0.2468, 0.0862, 0.1679, 0.1423, 0.0659, 0.0376,
         0.0456],
        [0.0241, 0.0231, 0.0976, 0.2059, 0.1033, 0.2543, 0.0829, 0.1740, 0.0159,
         0.0189],
        [0.0235, 0.0201, 0.0714, 0.2264, 0.0656, 0.3550, 0.0325, 0.1780, 0.0139,
         0.0138],
        [0.0898, 0.0347, 0.1528, 0.2343, 0.0952, 0.1729, 0.0787, 0.0650, 0.0478,
         0.0288],
        [0.3093, 0.0987, 0.0367, 0.0218, 0.0547, 0.0126, 0.0177, 0.0363, 0.3182,
         0.0941],
        [0.0274, 0.0657, 0.0922, 0.1403, 0.1104, 0.1038, 0.3178, 0.0541, 0.0333,
         0.0549],
        [0.0478, 0.0827, 0.0383, 0.0482, 0.0498, 0.0346, 0.0466, 0.0667, 0.0752,
         0.5100],
        [0.0353, 0.1725, 0.0598, 0.1026, 0.0720, 0.0774, 0.0783, 0.0942, 0.0545,
         0.2535],
        [0.0413, 0.0198, 0.2670, 0.0571, 0.3157, 0.0480, 0.1021, 0.1040, 0.0250,
         0.0200],
        [0.0946, 0.0452, 0.0936, 0.1136, 0.0790, 0.0893, 0.0746, 0.0459, 0.2311,
         0.1331],
        [0.0233, 0.6325, 0.0119, 0.0176, 0.0175, 0.0123, 0.0143, 0.0118, 0.0555,
         0.2033],
        [0.1745, 0.0183, 0.2079, 0.0595, 0.1873, 0.0498, 0.0622, 0.1156, 0.0849,
         0.0399],
        [0.2464, 0.0134, 0.1653, 0.0268, 0.1871, 0.0222, 0.0363, 0.1109, 0.1305,
         0.0612],
        [0.0895, 0.0592, 0.0777, 0.0534, 0.0849, 0.0266, 0.0822, 0.0605, 0.1283,
         0.3377],
        [0.0498, 0.0183, 0.2518, 0.1328, 0.2068, 0.1074, 0.0923, 0.0914, 0.0288,
         0.0207],
        [0.1076, 0.1008, 0.0576, 0.0754, 0.0615, 0.0469, 0.0325, 0.1257, 0.0565,
         0.3354],
        [0.0156, 0.0321, 0.0619, 0.2803, 0.0714, 0.1990, 0.2517, 0.0420, 0.0238,
         0.0224],
        [0.0897, 0.0287, 0.1788, 0.1432, 0.1410, 0.0996, 0.0940, 0.1170, 0.0496,
         0.0583],
        [0.0252, 0.8308, 0.0078, 0.0072, 0.0153, 0.0037, 0.0054, 0.0071, 0.0247,
         0.0729],
        [0.0116, 0.0365, 0.0351, 0.2273, 0.0502, 0.1307, 0.4246, 0.0389, 0.0147,
         0.0305],
        [0.0399, 0.0195, 0.1612, 0.2265, 0.1067, 0.2343, 0.0649, 0.1013, 0.0270,
         0.0186],
        [0.2933, 0.0486, 0.0436, 0.0248, 0.0908, 0.0193, 0.0270, 0.0579, 0.3057,
         0.0890],
        [0.0397, 0.0215, 0.1605, 0.0902, 0.2124, 0.0998, 0.0696, 0.2600, 0.0217,
         0.0246],
        [0.0644, 0.0744, 0.1172, 0.1264, 0.1198, 0.1318, 0.0900, 0.1277, 0.0447,
         0.1037],
        [0.3406, 0.0244, 0.1170, 0.0868, 0.0590, 0.0671, 0.0385, 0.0427, 0.1792,
         0.0448],
        [0.1168, 0.0323, 0.1797, 0.1209, 0.1352, 0.0715, 0.1099, 0.0610, 0.0949,
         0.0779],
        [0.3082, 0.0259, 0.1395, 0.0778, 0.0765, 0.0521, 0.0547, 0.0400, 0.1858,
         0.0395],
        [0.0163, 0.0162, 0.0381, 0.2130, 0.0800, 0.2851, 0.0593, 0.2697, 0.0102,
         0.0120],
        [0.0594, 0.0359, 0.0820, 0.3268, 0.0555, 0.2184, 0.0513, 0.0997, 0.0273,
         0.0438],
        [0.1226, 0.1373, 0.0449, 0.0752, 0.0567, 0.0310, 0.0447, 0.0606, 0.1043,
         0.3225],
        [0.1836, 0.0382, 0.0270, 0.0175, 0.0313, 0.0181, 0.0176, 0.0154, 0.6024,
         0.0489],
        [0.1171, 0.1982, 0.0657, 0.0483, 0.0582, 0.0289, 0.0438, 0.0220, 0.2482,
         0.1696],
        [0.0803, 0.0909, 0.0283, 0.0349, 0.0454, 0.0159, 0.0246, 0.0600, 0.0811,
         0.5387],
        [0.0335, 0.0341, 0.1660, 0.0902, 0.1641, 0.0606, 0.3363, 0.0549, 0.0229,
         0.0374],
        [0.0147, 0.0259, 0.0431, 0.1709, 0.0957, 0.1026, 0.4707, 0.0487, 0.0127,
         0.0150],
        [0.0366, 0.0359, 0.1751, 0.2053, 0.1256, 0.1247, 0.1692, 0.0591, 0.0356,
         0.0328],
        [0.0375, 0.2023, 0.0808, 0.0785, 0.0890, 0.0408, 0.1331, 0.0491, 0.0506,
         0.2382],
        [0.0621, 0.0307, 0.2315, 0.1662, 0.1529, 0.1390, 0.0864, 0.0666, 0.0397,
         0.0249],
        [0.1961, 0.0430, 0.1005, 0.2284, 0.0455, 0.2189, 0.0449, 0.0389, 0.0599,
         0.0240],
        [0.0399, 0.0510, 0.0740, 0.1994, 0.0682, 0.1955, 0.0693, 0.2083, 0.0272,
         0.0672],
        [0.0891, 0.6257, 0.0128, 0.0109, 0.0269, 0.0095, 0.0075, 0.0093, 0.1550,
         0.0532],
        [0.1671, 0.0256, 0.0349, 0.0240, 0.0436, 0.0165, 0.0237, 0.0225, 0.5158,
         0.1262],
        [0.0482, 0.0422, 0.1506, 0.1011, 0.1909, 0.0999, 0.1003, 0.1954, 0.0310,
         0.0403],
        [0.1174, 0.0868, 0.0607, 0.0387, 0.1312, 0.0260, 0.0343, 0.2765, 0.0697,
         0.1587],
        [0.0386, 0.1225, 0.0744, 0.1995, 0.0767, 0.1187, 0.1219, 0.0869, 0.0379,
         0.1229],
        [0.1533, 0.0923, 0.1671, 0.1127, 0.1042, 0.1213, 0.0479, 0.0811, 0.0739,
         0.0461],
        [0.0340, 0.0790, 0.1129, 0.1175, 0.0902, 0.0547, 0.3399, 0.0253, 0.0421,
         0.1045],
        [0.0279, 0.7146, 0.0168, 0.0212, 0.0218, 0.0118, 0.0237, 0.0108, 0.0367,
         0.1146],
        [0.3289, 0.0537, 0.1316, 0.0577, 0.0869, 0.0398, 0.0528, 0.0244, 0.1795,
         0.0448],
        [0.0181, 0.0257, 0.0630, 0.2314, 0.0669, 0.3214, 0.0498, 0.1878, 0.0139,
         0.0218],
        [0.0745, 0.0217, 0.1605, 0.2186, 0.0989, 0.2061, 0.0421, 0.0998, 0.0470,
         0.0307],
        [0.0340, 0.0754, 0.0230, 0.0351, 0.0284, 0.0176, 0.0271, 0.0403, 0.0436,
         0.6755],
        [0.2570, 0.0345, 0.1130, 0.0643, 0.1173, 0.0656, 0.0313, 0.1515, 0.0998,
         0.0658],
        [0.0235, 0.0188, 0.0732, 0.2185, 0.1087, 0.2492, 0.1050, 0.1684, 0.0173,
         0.0174],
        [0.0538, 0.0178, 0.1799, 0.2258, 0.0999, 0.2183, 0.0568, 0.0989, 0.0266,
         0.0221],
        [0.0816, 0.0583, 0.0817, 0.0995, 0.0773, 0.0581, 0.0668, 0.1057, 0.0806,
         0.2905],
        [0.0359, 0.0212, 0.3343, 0.1005, 0.2108, 0.0734, 0.1408, 0.0440, 0.0212,
         0.0179],
        [0.0515, 0.1523, 0.1035, 0.1300, 0.0757, 0.0776, 0.1522, 0.0320, 0.1082,
         0.1169]], device='cuda:0', grad_fn=<SoftmaxBackward>)
>> best accuracy: 42.76	best epoch: 0

>> final recovery rate: 80.09777777777778%
>> val epoch: 5
>> current accuracy: 69.04%
outputs: tensor([[0.0501, 0.0207, 0.0330, 0.0761, 0.0852, 0.0592, 0.0203, 0.0451, 0.5587,
         0.0517],
        [0.6121, 0.0255, 0.0617, 0.0448, 0.0587, 0.0269, 0.0190, 0.0323, 0.0923,
         0.0267],
        [0.0222, 0.0244, 0.0785, 0.0926, 0.0182, 0.5718, 0.0400, 0.1209, 0.0116,
         0.0200],
        [0.0341, 0.0257, 0.0459, 0.0552, 0.0679, 0.0358, 0.0250, 0.0581, 0.2097,
         0.4425],
        [0.5943, 0.0340, 0.0500, 0.0299, 0.0318, 0.0280, 0.0184, 0.0226, 0.1619,
         0.0290],
        [0.6733, 0.0154, 0.0439, 0.0221, 0.0247, 0.0161, 0.0242, 0.0236, 0.1340,
         0.0226],
        [0.0186, 0.0194, 0.0653, 0.0351, 0.0637, 0.0219, 0.7157, 0.0191, 0.0147,
         0.0265],
        [0.2314, 0.0249, 0.1775, 0.1546, 0.1395, 0.0479, 0.1025, 0.0319, 0.0683,
         0.0216],
        [0.0176, 0.0190, 0.1051, 0.5123, 0.0484, 0.0574, 0.1737, 0.0303, 0.0157,
         0.0205],
        [0.0715, 0.0141, 0.1314, 0.5256, 0.0773, 0.0597, 0.0497, 0.0288, 0.0252,
         0.0167],
        [0.0214, 0.0208, 0.0180, 0.3609, 0.0393, 0.4112, 0.0745, 0.0264, 0.0096,
         0.0181],
        [0.3688, 0.0419, 0.1136, 0.1049, 0.0967, 0.0445, 0.0330, 0.0531, 0.1137,
         0.0297],
        [0.0352, 0.0247, 0.4791, 0.0756, 0.0395, 0.2198, 0.0187, 0.0642, 0.0230,
         0.0201],
        [0.0122, 0.7805, 0.0226, 0.0293, 0.0230, 0.0210, 0.0254, 0.0155, 0.0127,
         0.0578],
        [0.0307, 0.0195, 0.0373, 0.0935, 0.0203, 0.6130, 0.0237, 0.1247, 0.0160,
         0.0212],
        [0.0139, 0.0231, 0.1841, 0.0293, 0.5842, 0.0660, 0.0543, 0.0160, 0.0173,
         0.0118],
        [0.7398, 0.0146, 0.0406, 0.0128, 0.0429, 0.0154, 0.0160, 0.0306, 0.0550,
         0.0323],
        [0.0152, 0.0147, 0.0231, 0.0707, 0.0293, 0.7718, 0.0177, 0.0379, 0.0090,
         0.0106],
        [0.0179, 0.0201, 0.0224, 0.1507, 0.0230, 0.0555, 0.6639, 0.0248, 0.0079,
         0.0138],
        [0.0170, 0.0211, 0.0322, 0.2601, 0.2686, 0.0749, 0.2397, 0.0500, 0.0143,
         0.0221],
        [0.0338, 0.0261, 0.3618, 0.1504, 0.0196, 0.1207, 0.0843, 0.1159, 0.0314,
         0.0559],
        [0.1530, 0.0261, 0.0612, 0.0457, 0.0340, 0.0419, 0.0317, 0.0475, 0.5397,
         0.0194],
        [0.0540, 0.0672, 0.0220, 0.0177, 0.0644, 0.0384, 0.0161, 0.6702, 0.0295,
         0.0203],
        [0.5558, 0.0363, 0.0347, 0.0186, 0.0311, 0.0263, 0.0135, 0.0413, 0.0536,
         0.1888],
        [0.0216, 0.0454, 0.0210, 0.0127, 0.2242, 0.0362, 0.0218, 0.5831, 0.0187,
         0.0152],
        [0.0213, 0.0321, 0.0286, 0.0464, 0.0168, 0.0268, 0.0259, 0.0320, 0.7503,
         0.0197],
        [0.0757, 0.0196, 0.0714, 0.0282, 0.0671, 0.0281, 0.0294, 0.6136, 0.0248,
         0.0419],
        [0.0229, 0.0181, 0.0339, 0.1612, 0.0440, 0.0451, 0.6071, 0.0237, 0.0266,
         0.0174],
        [0.2037, 0.0360, 0.0403, 0.0254, 0.0791, 0.0387, 0.0126, 0.5009, 0.0208,
         0.0425],
        [0.1515, 0.3844, 0.0469, 0.0275, 0.0298, 0.0395, 0.0408, 0.0402, 0.1916,
         0.0477],
        [0.0731, 0.5730, 0.0258, 0.0584, 0.0225, 0.0463, 0.0281, 0.0298, 0.0846,
         0.0585],
        [0.0328, 0.0255, 0.0490, 0.0174, 0.3510, 0.0326, 0.0186, 0.4224, 0.0316,
         0.0193],
        [0.0493, 0.0364, 0.0359, 0.0358, 0.0281, 0.0344, 0.0257, 0.0515, 0.6835,
         0.0195],
        [0.0148, 0.0272, 0.0197, 0.0088, 0.0156, 0.0177, 0.0118, 0.0108, 0.0046,
         0.8690],
        [0.1615, 0.2891, 0.1705, 0.0744, 0.0396, 0.0531, 0.0687, 0.0317, 0.0653,
         0.0461],
        [0.0157, 0.7869, 0.0253, 0.0297, 0.0203, 0.0248, 0.0292, 0.0198, 0.0143,
         0.0340],
        [0.0403, 0.0396, 0.2101, 0.1977, 0.2002, 0.0585, 0.1701, 0.0275, 0.0270,
         0.0289],
        [0.0228, 0.0592, 0.0382, 0.0453, 0.0436, 0.0519, 0.0207, 0.0748, 0.5015,
         0.1421],
        [0.0511, 0.1774, 0.0295, 0.0254, 0.0199, 0.0465, 0.0139, 0.0354, 0.0178,
         0.5830],
        [0.0300, 0.0247, 0.8485, 0.0105, 0.0102, 0.0082, 0.0256, 0.0135, 0.0208,
         0.0081],
        [0.0261, 0.0261, 0.0669, 0.1479, 0.0897, 0.4927, 0.0304, 0.0752, 0.0207,
         0.0243],
        [0.0216, 0.5042, 0.0298, 0.0173, 0.0235, 0.0295, 0.0164, 0.0234, 0.0119,
         0.3224],
        [0.0401, 0.0402, 0.0477, 0.0689, 0.0700, 0.1614, 0.0247, 0.1135, 0.0501,
         0.3833],
        [0.0056, 0.0074, 0.0292, 0.0076, 0.8797, 0.0142, 0.0145, 0.0230, 0.0117,
         0.0070],
        [0.0172, 0.0197, 0.2617, 0.0794, 0.0633, 0.0477, 0.0941, 0.3690, 0.0193,
         0.0286],
        [0.0520, 0.3938, 0.0311, 0.0445, 0.0301, 0.0401, 0.0317, 0.0358, 0.2721,
         0.0689],
        [0.6202, 0.0239, 0.0880, 0.0493, 0.0554, 0.0307, 0.0285, 0.0341, 0.0460,
         0.0237],
        [0.0649, 0.0649, 0.0492, 0.0428, 0.0551, 0.0428, 0.0298, 0.0387, 0.5259,
         0.0860],
        [0.0258, 0.0586, 0.0249, 0.0263, 0.0170, 0.0232, 0.0737, 0.0170, 0.0171,
         0.7163],
        [0.0077, 0.0078, 0.0117, 0.0113, 0.0163, 0.0199, 0.0084, 0.0160, 0.0068,
         0.8940],
        [0.0195, 0.0187, 0.0400, 0.0364, 0.2959, 0.0510, 0.4786, 0.0262, 0.0153,
         0.0183],
        [0.0153, 0.0177, 0.0176, 0.1454, 0.0290, 0.0213, 0.6919, 0.0173, 0.0291,
         0.0153],
        [0.2498, 0.0394, 0.0371, 0.0438, 0.0231, 0.0380, 0.0307, 0.0454, 0.4518,
         0.0409],
        [0.0312, 0.2066, 0.0649, 0.0796, 0.0486, 0.1561, 0.0830, 0.0517, 0.0354,
         0.2429],
        [0.0761, 0.2881, 0.0977, 0.0451, 0.1056, 0.0815, 0.0489, 0.1082, 0.0183,
         0.1305],
        [0.0191, 0.0381, 0.0233, 0.0076, 0.1053, 0.0317, 0.0352, 0.7122, 0.0158,
         0.0117],
        [0.0227, 0.0276, 0.1771, 0.3608, 0.0695, 0.2481, 0.0285, 0.0325, 0.0140,
         0.0192],
        [0.1039, 0.0377, 0.1652, 0.2392, 0.0841, 0.1363, 0.0460, 0.1261, 0.0355,
         0.0259],
        [0.0145, 0.4355, 0.0650, 0.0427, 0.0677, 0.0410, 0.1078, 0.0204, 0.0178,
         0.1876],
        [0.0957, 0.0293, 0.0941, 0.0281, 0.3189, 0.0260, 0.0643, 0.2417, 0.0394,
         0.0625],
        [0.0325, 0.0324, 0.5035, 0.0541, 0.1428, 0.0592, 0.0692, 0.0504, 0.0319,
         0.0241],
        [0.0143, 0.0140, 0.0230, 0.0320, 0.0094, 0.0104, 0.8526, 0.0148, 0.0162,
         0.0132],
        [0.0352, 0.0385, 0.2156, 0.1768, 0.0530, 0.1481, 0.0797, 0.0731, 0.0395,
         0.1404],
        [0.0277, 0.0250, 0.2028, 0.3076, 0.0560, 0.1652, 0.0525, 0.1095, 0.0296,
         0.0240],
        [0.0065, 0.0113, 0.0132, 0.0085, 0.8456, 0.0296, 0.0144, 0.0516, 0.0133,
         0.0061],
        [0.0215, 0.5310, 0.0283, 0.0260, 0.0255, 0.0460, 0.0216, 0.0167, 0.0112,
         0.2722],
        [0.7461, 0.0158, 0.0278, 0.0113, 0.0368, 0.0117, 0.0151, 0.0265, 0.0545,
         0.0544],
        [0.0034, 0.0076, 0.0335, 0.0146, 0.8744, 0.0276, 0.0115, 0.0158, 0.0065,
         0.0050],
        [0.1575, 0.0355, 0.1058, 0.1406, 0.0864, 0.0752, 0.0813, 0.0490, 0.2447,
         0.0239],
        [0.0229, 0.0139, 0.0151, 0.2611, 0.0383, 0.5573, 0.0276, 0.0430, 0.0109,
         0.0099],
        [0.1582, 0.0505, 0.5490, 0.0364, 0.0547, 0.0237, 0.0620, 0.0167, 0.0315,
         0.0173],
        [0.0169, 0.0186, 0.0449, 0.0754, 0.6374, 0.0461, 0.0804, 0.0234, 0.0339,
         0.0229]], device='cuda:0', grad_fn=<SoftmaxBackward>)
>> best accuracy: 69.04	best epoch: 5

>> final recovery rate: 80.09777777777778%
>> val epoch: 10
>> current accuracy: 77.16%
outputs: tensor([[0.0217, 0.0164, 0.0242, 0.0407, 0.7006, 0.0468, 0.0983, 0.0139, 0.0178,
         0.0196],
        [0.0149, 0.0152, 0.0147, 0.0090, 0.0099, 0.0097, 0.0143, 0.0086, 0.8796,
         0.0241],
        [0.5067, 0.0166, 0.1507, 0.1297, 0.0331, 0.0485, 0.0310, 0.0292, 0.0231,
         0.0314],
        [0.0413, 0.0288, 0.1910, 0.1990, 0.0360, 0.3497, 0.0522, 0.0355, 0.0394,
         0.0270],
        [0.0245, 0.0393, 0.0214, 0.0216, 0.0152, 0.0255, 0.0258, 0.7682, 0.0286,
         0.0300],
        [0.0243, 0.7948, 0.0161, 0.0207, 0.0103, 0.0167, 0.0243, 0.0086, 0.0167,
         0.0674],
        [0.0374, 0.0282, 0.1920, 0.1438, 0.1914, 0.1405, 0.1904, 0.0192, 0.0260,
         0.0310],
        [0.0198, 0.0130, 0.0330, 0.1149, 0.0236, 0.6240, 0.0593, 0.0600, 0.0183,
         0.0342],
        [0.0096, 0.0172, 0.0395, 0.0606, 0.0116, 0.0465, 0.0375, 0.0161, 0.7172,
         0.0443],
        [0.0150, 0.0174, 0.0173, 0.0220, 0.7928, 0.0326, 0.0210, 0.0478, 0.0209,
         0.0132],
        [0.0505, 0.0164, 0.0151, 0.0275, 0.0202, 0.0184, 0.0218, 0.0120, 0.7982,
         0.0200],
        [0.0210, 0.0630, 0.0541, 0.1177, 0.0277, 0.0375, 0.2865, 0.0301, 0.2387,
         0.1238],
        [0.0227, 0.0144, 0.0134, 0.0281, 0.0050, 0.0194, 0.8291, 0.0165, 0.0302,
         0.0211],
        [0.1053, 0.0226, 0.0257, 0.0264, 0.0168, 0.0159, 0.0221, 0.0117, 0.0643,
         0.6892],
        [0.0407, 0.0195, 0.1439, 0.2262, 0.0112, 0.2481, 0.0511, 0.1377, 0.0944,
         0.0272],
        [0.0238, 0.0212, 0.0985, 0.2305, 0.1221, 0.0391, 0.4061, 0.0163, 0.0179,
         0.0245],
        [0.0600, 0.0131, 0.1089, 0.1665, 0.0181, 0.1661, 0.3222, 0.0696, 0.0210,
         0.0544],
        [0.0796, 0.0147, 0.0407, 0.1674, 0.0347, 0.0893, 0.0185, 0.4901, 0.0361,
         0.0289],
        [0.0185, 0.0120, 0.0232, 0.0183, 0.8651, 0.0100, 0.0169, 0.0120, 0.0102,
         0.0138],
        [0.0151, 0.0204, 0.0641, 0.0256, 0.0136, 0.7929, 0.0151, 0.0156, 0.0163,
         0.0214],
        [0.0384, 0.0297, 0.0224, 0.0566, 0.0323, 0.0562, 0.0173, 0.6860, 0.0317,
         0.0295],
        [0.0596, 0.0160, 0.7779, 0.0316, 0.0076, 0.0146, 0.0295, 0.0242, 0.0159,
         0.0232],
        [0.7956, 0.0128, 0.0779, 0.0146, 0.0107, 0.0088, 0.0198, 0.0205, 0.0112,
         0.0281],
        [0.0588, 0.0172, 0.0393, 0.0369, 0.0082, 0.0176, 0.7303, 0.0180, 0.0465,
         0.0272],
        [0.8766, 0.0129, 0.0177, 0.0115, 0.0134, 0.0072, 0.0130, 0.0212, 0.0063,
         0.0203],
        [0.0215, 0.0321, 0.0390, 0.1503, 0.0136, 0.5614, 0.0634, 0.0300, 0.0381,
         0.0505],
        [0.0147, 0.0176, 0.0259, 0.0512, 0.0252, 0.0502, 0.0240, 0.0123, 0.0311,
         0.7477],
        [0.0292, 0.0272, 0.0987, 0.0980, 0.2082, 0.0235, 0.4494, 0.0177, 0.0233,
         0.0247],
        [0.0311, 0.0146, 0.8807, 0.0087, 0.0075, 0.0109, 0.0082, 0.0131, 0.0112,
         0.0139],
        [0.0284, 0.0336, 0.0219, 0.0266, 0.0365, 0.0385, 0.0194, 0.7493, 0.0248,
         0.0210],
        [0.0284, 0.0197, 0.0313, 0.5224, 0.1122, 0.1183, 0.0422, 0.0700, 0.0209,
         0.0345],
        [0.0120, 0.0406, 0.0323, 0.0487, 0.0174, 0.0314, 0.0331, 0.0262, 0.7319,
         0.0265],
        [0.0449, 0.0236, 0.0755, 0.0540, 0.5104, 0.0312, 0.1542, 0.0112, 0.0354,
         0.0594],
        [0.0137, 0.0335, 0.0275, 0.0341, 0.0093, 0.0206, 0.0486, 0.0148, 0.7776,
         0.0203],
        [0.1564, 0.1294, 0.0681, 0.0658, 0.0207, 0.0680, 0.0292, 0.0231, 0.3193,
         0.1200],
        [0.0351, 0.0373, 0.0822, 0.3261, 0.0299, 0.2973, 0.0400, 0.0821, 0.0409,
         0.0292],
        [0.8898, 0.0119, 0.0087, 0.0105, 0.0199, 0.0095, 0.0116, 0.0104, 0.0151,
         0.0126],
        [0.0173, 0.8094, 0.0232, 0.0243, 0.0206, 0.0149, 0.0307, 0.0164, 0.0144,
         0.0289],
        [0.1058, 0.0347, 0.2713, 0.2014, 0.1383, 0.0319, 0.0382, 0.0373, 0.1116,
         0.0295],
        [0.0301, 0.7835, 0.0212, 0.0397, 0.0199, 0.0153, 0.0217, 0.0230, 0.0138,
         0.0317],
        [0.3561, 0.0363, 0.0739, 0.0275, 0.0512, 0.0216, 0.0294, 0.0380, 0.3195,
         0.0464],
        [0.0225, 0.0187, 0.0625, 0.3863, 0.1772, 0.1122, 0.1229, 0.0424, 0.0235,
         0.0318],
        [0.0414, 0.0305, 0.0626, 0.1429, 0.0743, 0.2570, 0.0619, 0.2787, 0.0271,
         0.0236],
        [0.1331, 0.0310, 0.3413, 0.0650, 0.1662, 0.0689, 0.0238, 0.0976, 0.0453,
         0.0278],
        [0.0174, 0.8568, 0.0192, 0.0222, 0.0156, 0.0149, 0.0131, 0.0129, 0.0191,
         0.0088],
        [0.0250, 0.7639, 0.0396, 0.0251, 0.0330, 0.0184, 0.0213, 0.0214, 0.0176,
         0.0348],
        [0.0184, 0.7023, 0.0245, 0.0310, 0.0154, 0.0227, 0.0220, 0.0179, 0.1293,
         0.0166],
        [0.0101, 0.0496, 0.0201, 0.0309, 0.0220, 0.0178, 0.0214, 0.0091, 0.0312,
         0.7878],
        [0.0304, 0.0435, 0.0275, 0.0227, 0.0810, 0.0330, 0.0309, 0.6688, 0.0379,
         0.0244],
        [0.0205, 0.0199, 0.0138, 0.7086, 0.0109, 0.1508, 0.0312, 0.0122, 0.0179,
         0.0141],
        [0.0248, 0.0241, 0.0418, 0.0653, 0.1195, 0.5929, 0.0223, 0.0589, 0.0234,
         0.0269],
        [0.8303, 0.0127, 0.0619, 0.0074, 0.0082, 0.0074, 0.0222, 0.0157, 0.0068,
         0.0274],
        [0.0323, 0.0259, 0.1732, 0.0464, 0.0746, 0.1415, 0.0289, 0.4326, 0.0196,
         0.0249],
        [0.5784, 0.0831, 0.1480, 0.0268, 0.0126, 0.0227, 0.0451, 0.0161, 0.0106,
         0.0566],
        [0.0817, 0.0160, 0.1403, 0.5307, 0.0581, 0.0176, 0.0342, 0.0267, 0.0668,
         0.0277],
        [0.0289, 0.0257, 0.3036, 0.1101, 0.1552, 0.2433, 0.0271, 0.0382, 0.0305,
         0.0374],
        [0.0280, 0.0369, 0.0233, 0.0249, 0.2826, 0.0227, 0.0414, 0.4872, 0.0264,
         0.0265],
        [0.0222, 0.0184, 0.0152, 0.0150, 0.0198, 0.0453, 0.0233, 0.8040, 0.0241,
         0.0127],
        [0.1283, 0.0433, 0.0188, 0.0256, 0.0147, 0.0196, 0.0191, 0.0133, 0.3181,
         0.3993],
        [0.0225, 0.0123, 0.0872, 0.2654, 0.0255, 0.0985, 0.0400, 0.3946, 0.0170,
         0.0368],
        [0.0209, 0.0203, 0.0347, 0.0377, 0.3978, 0.0243, 0.0299, 0.3864, 0.0218,
         0.0263],
        [0.0314, 0.0214, 0.0510, 0.0404, 0.0134, 0.0151, 0.7575, 0.0194, 0.0127,
         0.0378],
        [0.0213, 0.0237, 0.0555, 0.0237, 0.7212, 0.0316, 0.0423, 0.0351, 0.0227,
         0.0229],
        [0.8231, 0.0116, 0.0142, 0.0150, 0.0164, 0.0092, 0.0122, 0.0114, 0.0697,
         0.0172],
        [0.0210, 0.0633, 0.0159, 0.3864, 0.0120, 0.2241, 0.0479, 0.0176, 0.0266,
         0.1852],
        [0.0289, 0.0239, 0.0225, 0.0932, 0.1087, 0.6116, 0.0227, 0.0472, 0.0211,
         0.0202],
        [0.0163, 0.8837, 0.0163, 0.0164, 0.0104, 0.0118, 0.0114, 0.0144, 0.0093,
         0.0101],
        [0.0200, 0.0250, 0.0543, 0.1112, 0.4630, 0.2049, 0.0226, 0.0445, 0.0211,
         0.0332],
        [0.0365, 0.0169, 0.0222, 0.6344, 0.0198, 0.1183, 0.0911, 0.0143, 0.0297,
         0.0167],
        [0.0191, 0.0230, 0.0439, 0.0289, 0.5125, 0.0477, 0.0217, 0.2506, 0.0266,
         0.0260],
        [0.0244, 0.0409, 0.0568, 0.0764, 0.1431, 0.1605, 0.0196, 0.4177, 0.0285,
         0.0322],
        [0.0270, 0.0440, 0.0359, 0.1345, 0.0129, 0.0537, 0.3757, 0.0275, 0.0183,
         0.2705]], device='cuda:0', grad_fn=<SoftmaxBackward>)
>> best accuracy: 77.16	best epoch: 10

>> final recovery rate: 80.09777777777778%
>> val epoch: 15
>> current accuracy: 77.64%
outputs: tensor([[0.0276, 0.0173, 0.0187, 0.0405, 0.0195, 0.0225, 0.0695, 0.7521, 0.0160,
         0.0164],
        [0.0171, 0.0221, 0.2469, 0.0643, 0.2035, 0.3500, 0.0240, 0.0434, 0.0127,
         0.0159],
        [0.0128, 0.0122, 0.0588, 0.0288, 0.0201, 0.8206, 0.0111, 0.0152, 0.0077,
         0.0127],
        [0.0466, 0.0361, 0.1087, 0.0643, 0.3280, 0.0803, 0.0221, 0.2370, 0.0525,
         0.0244],
        [0.0448, 0.0208, 0.0219, 0.0153, 0.0209, 0.0275, 0.0175, 0.0209, 0.7636,
         0.0467],
        [0.4938, 0.0244, 0.2151, 0.0369, 0.0427, 0.0275, 0.0339, 0.0300, 0.0509,
         0.0448],
        [0.0491, 0.0484, 0.1253, 0.0760, 0.4089, 0.0484, 0.0267, 0.0335, 0.0346,
         0.1490],
        [0.0220, 0.0228, 0.0268, 0.1538, 0.6692, 0.0360, 0.0266, 0.0121, 0.0140,
         0.0167],
        [0.0342, 0.0239, 0.0824, 0.0493, 0.6197, 0.0298, 0.0150, 0.0900, 0.0403,
         0.0156],
        [0.0404, 0.0258, 0.4814, 0.1555, 0.0324, 0.0504, 0.1246, 0.0361, 0.0155,
         0.0379],
        [0.0203, 0.0887, 0.0185, 0.0283, 0.0184, 0.0277, 0.0252, 0.0198, 0.0219,
         0.7313],
        [0.0289, 0.0138, 0.0183, 0.0220, 0.0661, 0.1049, 0.0188, 0.6963, 0.0188,
         0.0122],
        [0.0231, 0.0135, 0.0331, 0.0113, 0.0127, 0.0167, 0.8290, 0.0213, 0.0176,
         0.0216],
        [0.0571, 0.0297, 0.1073, 0.5600, 0.0294, 0.0623, 0.0354, 0.0456, 0.0344,
         0.0388],
        [0.2113, 0.0329, 0.0248, 0.0142, 0.0406, 0.0282, 0.0282, 0.0419, 0.5563,
         0.0216],
        [0.0141, 0.0371, 0.5010, 0.2043, 0.0327, 0.0266, 0.0218, 0.0831, 0.0419,
         0.0374],
        [0.0274, 0.1162, 0.0150, 0.0225, 0.0230, 0.0263, 0.0243, 0.0232, 0.6992,
         0.0228],
        [0.0111, 0.1973, 0.0154, 0.0257, 0.0129, 0.0481, 0.0290, 0.0161, 0.0364,
         0.6079],
        [0.0116, 0.0304, 0.0148, 0.0217, 0.0181, 0.0240, 0.0189, 0.0245, 0.0116,
         0.8245],
        [0.0160, 0.0225, 0.0168, 0.0213, 0.7589, 0.0349, 0.0246, 0.0778, 0.0126,
         0.0147],
        [0.0202, 0.0206, 0.0362, 0.0163, 0.0117, 0.0220, 0.8183, 0.0171, 0.0140,
         0.0236],
        [0.0509, 0.0154, 0.0245, 0.0114, 0.0246, 0.0163, 0.0169, 0.0198, 0.7994,
         0.0207],
        [0.0148, 0.0846, 0.0642, 0.0195, 0.0246, 0.0283, 0.0152, 0.0186, 0.6849,
         0.0454],
        [0.0258, 0.0169, 0.0309, 0.0193, 0.0142, 0.0222, 0.8068, 0.0192, 0.0193,
         0.0253],
        [0.0211, 0.0229, 0.2294, 0.0642, 0.0192, 0.0220, 0.5295, 0.0283, 0.0258,
         0.0376],
        [0.7089, 0.0273, 0.0849, 0.0161, 0.0461, 0.0190, 0.0210, 0.0199, 0.0282,
         0.0287],
        [0.0218, 0.0150, 0.0162, 0.0139, 0.0109, 0.0242, 0.0178, 0.8572, 0.0168,
         0.0062],
        [0.0137, 0.7142, 0.0212, 0.0282, 0.0218, 0.0169, 0.0210, 0.0141, 0.0558,
         0.0931],
        [0.7159, 0.0201, 0.1019, 0.0119, 0.0478, 0.0180, 0.0123, 0.0161, 0.0359,
         0.0201],
        [0.8715, 0.0124, 0.0075, 0.0185, 0.0379, 0.0199, 0.0084, 0.0095, 0.0059,
         0.0086],
        [0.0160, 0.0197, 0.0147, 0.0112, 0.0190, 0.0298, 0.0164, 0.8513, 0.0135,
         0.0085],
        [0.0380, 0.0205, 0.0210, 0.0192, 0.0200, 0.0152, 0.0143, 0.0161, 0.0140,
         0.8216],
        [0.5566, 0.0287, 0.1075, 0.0333, 0.1015, 0.0330, 0.0399, 0.0374, 0.0339,
         0.0282],
        [0.0318, 0.0210, 0.0139, 0.3404, 0.0327, 0.4657, 0.0480, 0.0125, 0.0168,
         0.0172],
        [0.0216, 0.0177, 0.0187, 0.0208, 0.0197, 0.0200, 0.0146, 0.0165, 0.0285,
         0.8218],
        [0.0301, 0.0323, 0.0239, 0.1026, 0.0063, 0.7086, 0.0188, 0.0445, 0.0208,
         0.0121],
        [0.0135, 0.8261, 0.0103, 0.0294, 0.0170, 0.0180, 0.0212, 0.0177, 0.0343,
         0.0125],
        [0.0309, 0.0261, 0.0100, 0.1750, 0.0142, 0.0503, 0.0177, 0.0212, 0.0263,
         0.6283],
        [0.0151, 0.8471, 0.0122, 0.0226, 0.0202, 0.0141, 0.0160, 0.0175, 0.0194,
         0.0158],
        [0.5530, 0.0348, 0.2246, 0.0248, 0.0339, 0.0192, 0.0206, 0.0185, 0.0400,
         0.0308],
        [0.6710, 0.0168, 0.0230, 0.0269, 0.0545, 0.0236, 0.0177, 0.0198, 0.1314,
         0.0152],
        [0.0195, 0.0140, 0.0235, 0.0160, 0.0162, 0.0237, 0.0213, 0.0187, 0.0143,
         0.8330],
        [0.0182, 0.0215, 0.3667, 0.0516, 0.0369, 0.4341, 0.0194, 0.0208, 0.0203,
         0.0105],
        [0.0925, 0.0190, 0.0319, 0.0989, 0.0548, 0.0382, 0.0232, 0.3652, 0.2160,
         0.0605],
        [0.0262, 0.0215, 0.0569, 0.0483, 0.0584, 0.7357, 0.0111, 0.0079, 0.0134,
         0.0206],
        [0.1031, 0.0245, 0.0322, 0.2742, 0.0182, 0.1000, 0.0202, 0.3702, 0.0318,
         0.0256],
        [0.0182, 0.0192, 0.1386, 0.2049, 0.0529, 0.0373, 0.4352, 0.0515, 0.0178,
         0.0243],
        [0.0286, 0.0198, 0.0107, 0.0183, 0.0085, 0.0166, 0.8270, 0.0109, 0.0394,
         0.0201],
        [0.0430, 0.0240, 0.0388, 0.5077, 0.0694, 0.1645, 0.0322, 0.0858, 0.0181,
         0.0165],
        [0.0146, 0.0413, 0.0193, 0.0150, 0.0150, 0.0148, 0.0212, 0.0149, 0.0145,
         0.8295],
        [0.0117, 0.0061, 0.0501, 0.0164, 0.0106, 0.0237, 0.0083, 0.8581, 0.0101,
         0.0050],
        [0.0253, 0.0359, 0.4921, 0.0601, 0.0742, 0.0435, 0.0257, 0.1988, 0.0269,
         0.0174],
        [0.0290, 0.0087, 0.0183, 0.0216, 0.0108, 0.0195, 0.0185, 0.0105, 0.0097,
         0.8535],
        [0.0145, 0.0213, 0.0156, 0.0214, 0.0130, 0.0305, 0.8391, 0.0117, 0.0104,
         0.0224],
        [0.0169, 0.0201, 0.0715, 0.0448, 0.0139, 0.7789, 0.0213, 0.0126, 0.0110,
         0.0089],
        [0.0234, 0.1480, 0.0449, 0.2383, 0.0168, 0.0361, 0.2480, 0.0441, 0.0598,
         0.1407],
        [0.2321, 0.0778, 0.4299, 0.0403, 0.0585, 0.0560, 0.0259, 0.0355, 0.0256,
         0.0183],
        [0.0139, 0.7466, 0.0147, 0.0432, 0.0176, 0.0228, 0.0304, 0.0207, 0.0666,
         0.0235],
        [0.0087, 0.0183, 0.0605, 0.0204, 0.8083, 0.0388, 0.0093, 0.0070, 0.0110,
         0.0178],
        [0.0347, 0.0179, 0.0562, 0.0332, 0.0219, 0.0178, 0.7593, 0.0174, 0.0158,
         0.0258],
        [0.0330, 0.0150, 0.0054, 0.7359, 0.0133, 0.1290, 0.0182, 0.0149, 0.0190,
         0.0162],
        [0.0338, 0.0280, 0.0227, 0.5755, 0.1128, 0.0258, 0.0199, 0.0175, 0.0887,
         0.0753],
        [0.0127, 0.0163, 0.0153, 0.0284, 0.0140, 0.0182, 0.0125, 0.0123, 0.0580,
         0.8123],
        [0.0102, 0.0121, 0.0233, 0.0132, 0.0260, 0.0185, 0.8587, 0.0115, 0.0106,
         0.0161],
        [0.0339, 0.0184, 0.0765, 0.5557, 0.0257, 0.0660, 0.0558, 0.0864, 0.0640,
         0.0175],
        [0.0107, 0.0167, 0.0117, 0.0171, 0.0078, 0.0155, 0.0176, 0.8606, 0.0282,
         0.0141],
        [0.6927, 0.0547, 0.0111, 0.0293, 0.0198, 0.0310, 0.0282, 0.0233, 0.0897,
         0.0204],
        [0.1575, 0.0162, 0.0155, 0.1367, 0.0181, 0.0419, 0.0182, 0.5273, 0.0244,
         0.0443],
        [0.0081, 0.0359, 0.0215, 0.0182, 0.0189, 0.0275, 0.0158, 0.0254, 0.8182,
         0.0105],
        [0.0123, 0.0134, 0.0380, 0.0278, 0.7779, 0.0259, 0.0317, 0.0382, 0.0196,
         0.0151],
        [0.0119, 0.8413, 0.0122, 0.0238, 0.0182, 0.0186, 0.0166, 0.0158, 0.0264,
         0.0151],
        [0.0221, 0.0227, 0.0393, 0.7148, 0.0251, 0.0684, 0.0522, 0.0156, 0.0163,
         0.0235]], device='cuda:0', grad_fn=<SoftmaxBackward>)
>> best accuracy: 77.64	best epoch: 15

>> final recovery rate: 80.09777777777778%
>> val epoch: 20
>> current accuracy: 77.2%
outputs: tensor([[0.3974, 0.0114, 0.0181, 0.0346, 0.0408, 0.0151, 0.0206, 0.0248, 0.0823,
         0.3549],
        [0.0554, 0.0713, 0.0187, 0.0405, 0.0286, 0.0298, 0.0157, 0.6759, 0.0450,
         0.0192],
        [0.0263, 0.0107, 0.0144, 0.0321, 0.0231, 0.0169, 0.0153, 0.0151, 0.0156,
         0.8305],
        [0.0195, 0.0250, 0.0706, 0.0250, 0.7152, 0.0439, 0.0136, 0.0447, 0.0229,
         0.0196],
        [0.0268, 0.0211, 0.0190, 0.0817, 0.0150, 0.7158, 0.0470, 0.0495, 0.0123,
         0.0116],
        [0.0282, 0.0198, 0.1425, 0.3103, 0.1267, 0.2412, 0.0193, 0.0720, 0.0250,
         0.0150],
        [0.8629, 0.0095, 0.0484, 0.0207, 0.0063, 0.0106, 0.0139, 0.0118, 0.0083,
         0.0076],
        [0.9270, 0.0080, 0.0045, 0.0180, 0.0094, 0.0065, 0.0096, 0.0071, 0.0036,
         0.0064],
        [0.0114, 0.8081, 0.0157, 0.0185, 0.0210, 0.0144, 0.0205, 0.0099, 0.0243,
         0.0562],
        [0.0141, 0.0103, 0.0110, 0.0127, 0.0081, 0.0206, 0.8802, 0.0155, 0.0125,
         0.0148],
        [0.0198, 0.0599, 0.0247, 0.0635, 0.0146, 0.0502, 0.6620, 0.0184, 0.0504,
         0.0365],
        [0.0389, 0.0173, 0.4587, 0.0523, 0.0133, 0.0504, 0.3191, 0.0220, 0.0110,
         0.0170],
        [0.0217, 0.0601, 0.0181, 0.0891, 0.0325, 0.0574, 0.6555, 0.0308, 0.0154,
         0.0193],
        [0.0241, 0.0365, 0.0109, 0.0074, 0.0105, 0.0235, 0.0152, 0.8341, 0.0279,
         0.0098],
        [0.0126, 0.0113, 0.8799, 0.0171, 0.0064, 0.0110, 0.0209, 0.0146, 0.0104,
         0.0158],
        [0.0203, 0.0317, 0.0215, 0.8100, 0.0274, 0.0283, 0.0144, 0.0229, 0.0172,
         0.0062],
        [0.0433, 0.0173, 0.0285, 0.0740, 0.0505, 0.7113, 0.0072, 0.0328, 0.0149,
         0.0202],
        [0.1373, 0.0127, 0.0224, 0.0329, 0.0177, 0.0245, 0.0267, 0.0151, 0.0127,
         0.6978],
        [0.0194, 0.0054, 0.0118, 0.0128, 0.0105, 0.0142, 0.8891, 0.0118, 0.0136,
         0.0113],
        [0.0544, 0.0231, 0.0761, 0.0327, 0.6564, 0.0296, 0.0588, 0.0210, 0.0174,
         0.0306],
        [0.0237, 0.0672, 0.0124, 0.0148, 0.0240, 0.0139, 0.0177, 0.0178, 0.6926,
         0.1159],
        [0.0284, 0.0348, 0.2073, 0.0438, 0.0330, 0.0606, 0.2197, 0.0318, 0.0646,
         0.2761],
        [0.0244, 0.0199, 0.0183, 0.0205, 0.0181, 0.8282, 0.0159, 0.0218, 0.0157,
         0.0171],
        [0.0182, 0.0313, 0.1406, 0.2027, 0.4078, 0.0454, 0.0732, 0.0335, 0.0181,
         0.0293],
        [0.2520, 0.1203, 0.0332, 0.0225, 0.0186, 0.0182, 0.0583, 0.0223, 0.4131,
         0.0416],
        [0.0987, 0.1676, 0.3868, 0.0818, 0.0614, 0.0285, 0.0423, 0.0876, 0.0224,
         0.0229],
        [0.0318, 0.0149, 0.0200, 0.0270, 0.0226, 0.0178, 0.0179, 0.0165, 0.0250,
         0.8064],
        [0.0107, 0.0177, 0.0450, 0.0756, 0.0309, 0.0704, 0.6998, 0.0289, 0.0118,
         0.0092],
        [0.8124, 0.0204, 0.0468, 0.0265, 0.0091, 0.0133, 0.0165, 0.0153, 0.0316,
         0.0081],
        [0.0491, 0.0085, 0.0225, 0.0141, 0.0249, 0.0215, 0.0219, 0.0169, 0.0097,
         0.8109],
        [0.0135, 0.0113, 0.0310, 0.0165, 0.0342, 0.0153, 0.8395, 0.0201, 0.0088,
         0.0100],
        [0.0311, 0.0275, 0.0277, 0.0453, 0.2154, 0.0330, 0.5345, 0.0241, 0.0304,
         0.0310],
        [0.0146, 0.0208, 0.3922, 0.0407, 0.2147, 0.1359, 0.0104, 0.1206, 0.0224,
         0.0278],
        [0.0411, 0.0305, 0.2280, 0.0763, 0.1142, 0.0575, 0.1024, 0.2582, 0.0449,
         0.0469],
        [0.1541, 0.0374, 0.0332, 0.3729, 0.0305, 0.1083, 0.0357, 0.0272, 0.1504,
         0.0502],
        [0.0261, 0.0351, 0.0644, 0.6471, 0.0746, 0.0329, 0.0158, 0.0121, 0.0787,
         0.0133],
        [0.0244, 0.0196, 0.0762, 0.0277, 0.0411, 0.7353, 0.0096, 0.0165, 0.0234,
         0.0260],
        [0.0261, 0.0250, 0.0159, 0.0109, 0.0117, 0.0224, 0.0162, 0.8386, 0.0206,
         0.0127],
        [0.0522, 0.0403, 0.0992, 0.0826, 0.0378, 0.0486, 0.0259, 0.5634, 0.0393,
         0.0106],
        [0.5037, 0.0186, 0.0702, 0.0292, 0.0372, 0.0302, 0.0219, 0.1625, 0.0579,
         0.0684],
        [0.0449, 0.0237, 0.0152, 0.7327, 0.0207, 0.1073, 0.0096, 0.0203, 0.0153,
         0.0104],
        [0.0074, 0.0167, 0.0084, 0.0097, 0.0110, 0.0072, 0.0129, 0.0105, 0.8984,
         0.0178],
        [0.0263, 0.0239, 0.0394, 0.1681, 0.0191, 0.0261, 0.0233, 0.0145, 0.6448,
         0.0145],
        [0.5274, 0.1120, 0.0362, 0.0337, 0.0117, 0.0187, 0.0252, 0.0211, 0.1798,
         0.0343],
        [0.0169, 0.0289, 0.0997, 0.1036, 0.0978, 0.1163, 0.4053, 0.0794, 0.0275,
         0.0247],
        [0.0180, 0.0085, 0.8654, 0.0170, 0.0081, 0.0298, 0.0144, 0.0077, 0.0209,
         0.0101],
        [0.0569, 0.0212, 0.0228, 0.0186, 0.0196, 0.0213, 0.0167, 0.7797, 0.0189,
         0.0243],
        [0.0223, 0.0091, 0.0166, 0.0173, 0.0270, 0.0294, 0.0248, 0.0194, 0.0144,
         0.8197],
        [0.0077, 0.0084, 0.0091, 0.0128, 0.0084, 0.0065, 0.0136, 0.0119, 0.9132,
         0.0084],
        [0.0416, 0.0224, 0.0426, 0.3837, 0.0193, 0.0934, 0.2918, 0.0464, 0.0449,
         0.0139],
        [0.0912, 0.0370, 0.0255, 0.1423, 0.1157, 0.2779, 0.0279, 0.2500, 0.0228,
         0.0097],
        [0.0405, 0.0122, 0.0187, 0.0103, 0.0096, 0.0086, 0.0204, 0.0153, 0.8557,
         0.0087],
        [0.0174, 0.0171, 0.0156, 0.0227, 0.0226, 0.0175, 0.0164, 0.0200, 0.0178,
         0.8328],
        [0.0916, 0.5891, 0.0327, 0.0924, 0.0300, 0.0264, 0.0379, 0.0213, 0.0308,
         0.0479],
        [0.2451, 0.1053, 0.0877, 0.0748, 0.0336, 0.0463, 0.0308, 0.0283, 0.3183,
         0.0298],
        [0.8733, 0.0136, 0.0302, 0.0294, 0.0084, 0.0102, 0.0083, 0.0087, 0.0090,
         0.0090],
        [0.0292, 0.0274, 0.0155, 0.0276, 0.8065, 0.0283, 0.0179, 0.0147, 0.0198,
         0.0129],
        [0.0145, 0.0865, 0.0163, 0.0255, 0.0286, 0.0206, 0.0257, 0.0188, 0.7322,
         0.0312],
        [0.0192, 0.0158, 0.0516, 0.0165, 0.7590, 0.0326, 0.0201, 0.0569, 0.0174,
         0.0109],
        [0.0193, 0.0621, 0.0203, 0.0171, 0.0243, 0.0207, 0.0174, 0.0164, 0.0334,
         0.7688],
        [0.0187, 0.0254, 0.0480, 0.0334, 0.1488, 0.1179, 0.0192, 0.5438, 0.0345,
         0.0102],
        [0.0255, 0.0756, 0.0157, 0.0172, 0.0169, 0.0427, 0.0153, 0.7517, 0.0281,
         0.0112],
        [0.0849, 0.0200, 0.0619, 0.3016, 0.1576, 0.2844, 0.0104, 0.0274, 0.0289,
         0.0229],
        [0.0223, 0.8260, 0.0127, 0.0243, 0.0163, 0.0164, 0.0170, 0.0120, 0.0163,
         0.0368],
        [0.0164, 0.0152, 0.0365, 0.0713, 0.0385, 0.5809, 0.1538, 0.0567, 0.0165,
         0.0142],
        [0.0154, 0.0201, 0.0162, 0.0172, 0.0145, 0.0133, 0.0206, 0.0224, 0.8397,
         0.0205],
        [0.0256, 0.7850, 0.0148, 0.0391, 0.0181, 0.0245, 0.0183, 0.0148, 0.0219,
         0.0379],
        [0.0174, 0.0198, 0.0344, 0.0518, 0.6446, 0.0366, 0.1362, 0.0252, 0.0218,
         0.0121],
        [0.0138, 0.0209, 0.1477, 0.0155, 0.7220, 0.0166, 0.0154, 0.0272, 0.0114,
         0.0095],
        [0.0223, 0.0428, 0.1432, 0.0230, 0.1648, 0.1055, 0.0152, 0.4353, 0.0213,
         0.0266],
        [0.0147, 0.0357, 0.0320, 0.8249, 0.0305, 0.0113, 0.0135, 0.0155, 0.0143,
         0.0075],
        [0.0320, 0.0263, 0.5268, 0.0347, 0.0325, 0.0685, 0.0505, 0.1787, 0.0186,
         0.0313]], device='cuda:0', grad_fn=<SoftmaxBackward>)
>> best accuracy: 77.64	best epoch: 15

>> final recovery rate: 80.09777777777778%
>> val epoch: 25
>> current accuracy: 81.3%
outputs: tensor([[0.8222, 0.0111, 0.0338, 0.0250, 0.0242, 0.0133, 0.0306, 0.0156, 0.0066,
         0.0175],
        [0.0203, 0.0444, 0.0370, 0.0342, 0.6290, 0.0141, 0.0428, 0.1071, 0.0340,
         0.0372],
        [0.1103, 0.0442, 0.4560, 0.0765, 0.0512, 0.0191, 0.0698, 0.0636, 0.0149,
         0.0944],
        [0.0113, 0.0562, 0.0141, 0.0532, 0.0313, 0.0142, 0.0153, 0.0212, 0.0145,
         0.7687],
        [0.0316, 0.1141, 0.0220, 0.0490, 0.0187, 0.0147, 0.0117, 0.0223, 0.0249,
         0.6912],
        [0.0169, 0.0243, 0.4117, 0.0780, 0.1332, 0.0084, 0.0256, 0.2218, 0.0498,
         0.0302],
        [0.6149, 0.0316, 0.0454, 0.0348, 0.0371, 0.0134, 0.0320, 0.0315, 0.0196,
         0.1397],
        [0.0181, 0.0383, 0.0223, 0.0080, 0.0132, 0.8240, 0.0164, 0.0228, 0.0238,
         0.0130],
        [0.0039, 0.0114, 0.0091, 0.0330, 0.0073, 0.0060, 0.0055, 0.0054, 0.0388,
         0.8796],
        [0.0298, 0.0318, 0.0520, 0.5341, 0.0303, 0.1446, 0.0421, 0.0758, 0.0304,
         0.0290],
        [0.0155, 0.0114, 0.0184, 0.0314, 0.0095, 0.0071, 0.0126, 0.0098, 0.8720,
         0.0122],
        [0.0090, 0.0094, 0.0119, 0.0288, 0.0176, 0.0141, 0.0144, 0.0175, 0.0059,
         0.8716],
        [0.0201, 0.0253, 0.0247, 0.0698, 0.3637, 0.3772, 0.0204, 0.0177, 0.0484,
         0.0326],
        [0.0144, 0.0221, 0.0227, 0.7827, 0.0595, 0.0262, 0.0163, 0.0210, 0.0235,
         0.0118],
        [0.0229, 0.0391, 0.0297, 0.0204, 0.0190, 0.7815, 0.0218, 0.0193, 0.0208,
         0.0254],
        [0.0447, 0.0216, 0.0206, 0.0374, 0.7855, 0.0132, 0.0285, 0.0155, 0.0142,
         0.0188],
        [0.0197, 0.0195, 0.0365, 0.6260, 0.0108, 0.1425, 0.0786, 0.0221, 0.0294,
         0.0148],
        [0.0334, 0.8014, 0.0250, 0.0302, 0.0206, 0.0123, 0.0207, 0.0201, 0.0135,
         0.0227],
        [0.0210, 0.0335, 0.0130, 0.0089, 0.0109, 0.0097, 0.0182, 0.8595, 0.0170,
         0.0083],
        [0.0325, 0.0189, 0.3478, 0.2064, 0.1207, 0.0235, 0.0144, 0.1976, 0.0200,
         0.0181],
        [0.0347, 0.0268, 0.7547, 0.0240, 0.0207, 0.0199, 0.0280, 0.0324, 0.0353,
         0.0236],
