noise type: uniform
noise level: 0.4
when_to_apply_epoch: 20
total clean data num: 32526
probability transition matrix:
[[0.6        0.04444444 0.04444444 0.04444444 0.04444444 0.04444444
  0.04444444 0.04444444 0.04444444 0.04444444]
 [0.04444444 0.6        0.04444444 0.04444444 0.04444444 0.04444444
  0.04444444 0.04444444 0.04444444 0.04444444]
 [0.04444444 0.04444444 0.6        0.04444444 0.04444444 0.04444444
  0.04444444 0.04444444 0.04444444 0.04444444]
 [0.04444444 0.04444444 0.04444444 0.6        0.04444444 0.04444444
  0.04444444 0.04444444 0.04444444 0.04444444]
 [0.04444444 0.04444444 0.04444444 0.04444444 0.6        0.04444444
  0.04444444 0.04444444 0.04444444 0.04444444]
 [0.04444444 0.04444444 0.04444444 0.04444444 0.04444444 0.6
  0.04444444 0.04444444 0.04444444 0.04444444]
 [0.04444444 0.04444444 0.04444444 0.04444444 0.04444444 0.04444444
  0.6        0.04444444 0.04444444 0.04444444]
 [0.04444444 0.04444444 0.04444444 0.04444444 0.04444444 0.04444444
  0.04444444 0.6        0.04444444 0.04444444]
 [0.04444444 0.04444444 0.04444444 0.04444444 0.04444444 0.04444444
  0.04444444 0.04444444 0.6        0.04444444]
 [0.04444444 0.04444444 0.04444444 0.04444444 0.04444444 0.04444444
  0.04444444 0.04444444 0.04444444 0.6       ]]
>> val epoch: 0
>> current accuracy: 98.81666666666666%
outputs: tensor([[0.0456, 0.0707, 0.0510, 0.0341, 0.0382, 0.0537, 0.5785, 0.0569, 0.0357,
         0.0356],
        [0.0436, 0.0745, 0.0608, 0.0447, 0.0240, 0.0455, 0.0367, 0.0382, 0.0481,
         0.5839],
        [0.0472, 0.0515, 0.0641, 0.0203, 0.6125, 0.0805, 0.0273, 0.0401, 0.0381,
         0.0183],
        [0.0391, 0.0776, 0.0620, 0.0659, 0.0190, 0.1008, 0.0354, 0.0343, 0.0538,
         0.5122],
        [0.0438, 0.0712, 0.0558, 0.0485, 0.0294, 0.0516, 0.0323, 0.0811, 0.0470,
         0.5393],
        [0.0268, 0.0347, 0.0340, 0.0237, 0.0203, 0.0581, 0.0132, 0.7524, 0.0172,
         0.0196],
        [0.0631, 0.0433, 0.0404, 0.5145, 0.0291, 0.0628, 0.0241, 0.1295, 0.0393,
         0.0540],
        [0.0603, 0.1022, 0.4317, 0.0942, 0.0171, 0.0998, 0.0358, 0.0967, 0.0277,
         0.0346],
        [0.0224, 0.0432, 0.6996, 0.0341, 0.0145, 0.0508, 0.0276, 0.0588, 0.0272,
         0.0218],
        [0.0236, 0.0729, 0.0482, 0.0734, 0.0122, 0.6248, 0.0259, 0.0590, 0.0276,
         0.0325],
        [0.0558, 0.0950, 0.0602, 0.0221, 0.5429, 0.0811, 0.0249, 0.0550, 0.0384,
         0.0245],
        [0.0578, 0.0850, 0.0562, 0.0564, 0.0649, 0.0842, 0.4428, 0.0623, 0.0482,
         0.0421],
        [0.4993, 0.0807, 0.0435, 0.0415, 0.0600, 0.0771, 0.0594, 0.0605, 0.0453,
         0.0326],
        [0.0239, 0.0377, 0.0225, 0.0240, 0.0194, 0.0499, 0.0125, 0.7696, 0.0138,
         0.0266],
        [0.0613, 0.0698, 0.0428, 0.0429, 0.0401, 0.0751, 0.5269, 0.0642, 0.0366,
         0.0402],
        [0.0302, 0.0525, 0.6066, 0.0545, 0.0164, 0.0645, 0.0340, 0.0777, 0.0367,
         0.0269],
        [0.0902, 0.1026, 0.0439, 0.0728, 0.0696, 0.3018, 0.1489, 0.0599, 0.0625,
         0.0477],
        [0.0307, 0.6864, 0.0600, 0.0263, 0.0165, 0.0560, 0.0376, 0.0284, 0.0246,
         0.0335],
        [0.0495, 0.1010, 0.5076, 0.0703, 0.0171, 0.0798, 0.0348, 0.0796, 0.0255,
         0.0348],
        [0.0305, 0.7062, 0.0478, 0.0263, 0.0172, 0.0536, 0.0331, 0.0296, 0.0224,
         0.0333],
        [0.0265, 0.0609, 0.0448, 0.0927, 0.0121, 0.6081, 0.0244, 0.0513, 0.0332,
         0.0459],
        [0.5879, 0.0636, 0.0391, 0.0348, 0.0434, 0.0613, 0.0448, 0.0561, 0.0356,
         0.0334],
        [0.0531, 0.0641, 0.0493, 0.0333, 0.0449, 0.0444, 0.5794, 0.0557, 0.0393,
         0.0366],
        [0.0356, 0.0674, 0.6322, 0.0505, 0.0177, 0.0562, 0.0308, 0.0592, 0.0229,
         0.0276],
        [0.0542, 0.0499, 0.0561, 0.0206, 0.6359, 0.0649, 0.0206, 0.0342, 0.0411,
         0.0226],
        [0.0595, 0.0720, 0.0621, 0.1055, 0.0307, 0.1223, 0.0278, 0.3285, 0.0459,
         0.1457],
        [0.0303, 0.0726, 0.5997, 0.0525, 0.0145, 0.0664, 0.0309, 0.0664, 0.0348,
         0.0320],
        [0.3505, 0.1074, 0.0692, 0.0532, 0.0590, 0.0732, 0.0778, 0.0623, 0.0825,
         0.0649],
        [0.4556, 0.0615, 0.0504, 0.0525, 0.0607, 0.0776, 0.0546, 0.0738, 0.0629,
         0.0504],
        [0.0253, 0.0831, 0.6174, 0.0550, 0.0135, 0.0607, 0.0267, 0.0658, 0.0228,
         0.0298],
        [0.0454, 0.0497, 0.0505, 0.5117, 0.0223, 0.0630, 0.0267, 0.1166, 0.0499,
         0.0642],
        [0.0666, 0.0835, 0.0996, 0.0470, 0.2493, 0.0814, 0.0352, 0.0531, 0.0744,
         0.2099],
        [0.0413, 0.0539, 0.0873, 0.0517, 0.0312, 0.0420, 0.0385, 0.0746, 0.5363,
         0.0433],
        [0.0348, 0.0707, 0.4692, 0.0991, 0.0257, 0.0900, 0.0292, 0.1079, 0.0331,
         0.0403],
        [0.0431, 0.0840, 0.0688, 0.0458, 0.0242, 0.0469, 0.0379, 0.0292, 0.0536,
         0.5665],
        [0.5626, 0.0594, 0.0414, 0.0408, 0.0524, 0.0661, 0.0402, 0.0596, 0.0456,
         0.0319],
        [0.0251, 0.0322, 0.0239, 0.0232, 0.0209, 0.0495, 0.0119, 0.7750, 0.0143,
         0.0240],
        [0.0656, 0.0695, 0.0686, 0.0262, 0.5657, 0.0839, 0.0239, 0.0314, 0.0329,
         0.0324],
        [0.0289, 0.0608, 0.0654, 0.0316, 0.0263, 0.0646, 0.0435, 0.0567, 0.5930,
         0.0293],
        [0.0484, 0.0716, 0.0531, 0.0345, 0.0387, 0.0538, 0.5689, 0.0585, 0.0359,
         0.0367],
        [0.0507, 0.0930, 0.0619, 0.0233, 0.5592, 0.0807, 0.0235, 0.0406, 0.0353,
         0.0316],
        [0.0494, 0.0445, 0.0369, 0.5509, 0.0318, 0.0640, 0.0249, 0.0880, 0.0571,
         0.0525],
        [0.0497, 0.0806, 0.0454, 0.0382, 0.0423, 0.0745, 0.5297, 0.0591, 0.0443,
         0.0363],
        [0.0535, 0.0747, 0.0496, 0.0459, 0.0543, 0.0703, 0.5078, 0.0617, 0.0420,
         0.0401],
        [0.0626, 0.0439, 0.0373, 0.5035, 0.0271, 0.0729, 0.0245, 0.1324, 0.0403,
         0.0555],
        [0.0617, 0.0802, 0.0700, 0.0276, 0.5466, 0.0826, 0.0207, 0.0492, 0.0343,
         0.0272],
        [0.0277, 0.0379, 0.0303, 0.0249, 0.0219, 0.0539, 0.0135, 0.7491, 0.0161,
         0.0247],
        [0.0647, 0.0458, 0.0418, 0.5215, 0.0273, 0.0661, 0.0259, 0.1040, 0.0436,
         0.0593]], device='cuda:0', grad_fn=<SoftmaxBackward>)
>> best accuracy: 98.81666666666666	best epoch: 0

>> final recovery rate: 60.23333333333334%
