noise type: uniform
noise level: 0.4
when_to_apply_epoch: 10
total clean data num: 32430
probability transition matrix:
[[0.6        0.04444444 0.04444444 0.04444444 0.04444444 0.04444444
  0.04444444 0.04444444 0.04444444 0.04444444]
 [0.04444444 0.6        0.04444444 0.04444444 0.04444444 0.04444444
  0.04444444 0.04444444 0.04444444 0.04444444]
 [0.04444444 0.04444444 0.6        0.04444444 0.04444444 0.04444444
  0.04444444 0.04444444 0.04444444 0.04444444]
 [0.04444444 0.04444444 0.04444444 0.6        0.04444444 0.04444444
  0.04444444 0.04444444 0.04444444 0.04444444]
 [0.04444444 0.04444444 0.04444444 0.04444444 0.6        0.04444444
  0.04444444 0.04444444 0.04444444 0.04444444]
 [0.04444444 0.04444444 0.04444444 0.04444444 0.04444444 0.6
  0.04444444 0.04444444 0.04444444 0.04444444]
 [0.04444444 0.04444444 0.04444444 0.04444444 0.04444444 0.04444444
  0.6        0.04444444 0.04444444 0.04444444]
 [0.04444444 0.04444444 0.04444444 0.04444444 0.04444444 0.04444444
  0.04444444 0.6        0.04444444 0.04444444]
 [0.04444444 0.04444444 0.04444444 0.04444444 0.04444444 0.04444444
  0.04444444 0.04444444 0.6        0.04444444]
 [0.04444444 0.04444444 0.04444444 0.04444444 0.04444444 0.04444444
  0.04444444 0.04444444 0.04444444 0.6       ]]
>> val epoch: 0
>> current accuracy: 97.41666666666666%
outputs: tensor([[0.0598, 0.0611, 0.0425, 0.2495, 0.0408, 0.1340, 0.0516, 0.0643, 0.1763,
         0.1201],
        [0.0390, 0.0664, 0.0544, 0.0306, 0.0745, 0.3994, 0.0832, 0.0660, 0.0612,
         0.1253],
        [0.0416, 0.0589, 0.0469, 0.0369, 0.0367, 0.5515, 0.0561, 0.0570, 0.0453,
         0.0692],
        [0.0706, 0.0527, 0.0493, 0.5797, 0.0316, 0.0623, 0.0349, 0.0304, 0.0573,
         0.0312],
        [0.7288, 0.0320, 0.0167, 0.0212, 0.0476, 0.0294, 0.0252, 0.0483, 0.0200,
         0.0308],
        [0.0542, 0.6054, 0.0605, 0.0483, 0.0299, 0.0374, 0.0376, 0.0476, 0.0473,
         0.0319],
        [0.0486, 0.0308, 0.0231, 0.0252, 0.0453, 0.0210, 0.6964, 0.0499, 0.0204,
         0.0394],
        [0.0319, 0.0355, 0.0360, 0.0298, 0.0430, 0.0323, 0.6729, 0.0445, 0.0250,
         0.0492],
        [0.0518, 0.0602, 0.0302, 0.0648, 0.0409, 0.4674, 0.0440, 0.0794, 0.1114,
         0.0498],
        [0.0424, 0.0402, 0.1340, 0.0366, 0.5300, 0.0423, 0.0440, 0.0500, 0.0326,
         0.0478],
        [0.0487, 0.0670, 0.0451, 0.0863, 0.0344, 0.0462, 0.0524, 0.5539, 0.0294,
         0.0365],
        [0.0671, 0.1056, 0.0870, 0.0352, 0.3686, 0.0478, 0.0510, 0.1525, 0.0362,
         0.0489],
        [0.0474, 0.0476, 0.5763, 0.0815, 0.0334, 0.0390, 0.0428, 0.0377, 0.0384,
         0.0559],
        [0.0522, 0.1472, 0.1165, 0.0651, 0.2243, 0.0555, 0.1154, 0.0694, 0.0850,
         0.0693],
        [0.0507, 0.0414, 0.0780, 0.0360, 0.5235, 0.0456, 0.0363, 0.0600, 0.0339,
         0.0946],
        [0.0425, 0.0442, 0.0759, 0.0291, 0.5626, 0.0325, 0.0708, 0.0668, 0.0318,
         0.0437],
        [0.0440, 0.0348, 0.0403, 0.0497, 0.0746, 0.0317, 0.0594, 0.0546, 0.0416,
         0.5692],
        [0.0424, 0.0352, 0.0361, 0.0428, 0.0542, 0.0462, 0.0525, 0.0376, 0.0647,
         0.5882],
        [0.0309, 0.0583, 0.0329, 0.0401, 0.0332, 0.0386, 0.0580, 0.6328, 0.0377,
         0.0376],
        [0.0356, 0.0317, 0.0180, 0.7767, 0.0193, 0.0220, 0.0266, 0.0222, 0.0299,
         0.0181],
        [0.1797, 0.0726, 0.2805, 0.1585, 0.0491, 0.0633, 0.0345, 0.0769, 0.0399,
         0.0451],
        [0.6677, 0.0572, 0.0292, 0.0235, 0.0416, 0.0241, 0.0322, 0.0646, 0.0228,
         0.0371],
        [0.0313, 0.0342, 0.0242, 0.0265, 0.0173, 0.0436, 0.0481, 0.0325, 0.7157,
         0.0266],
        [0.1023, 0.0661, 0.4443, 0.1044, 0.0469, 0.0347, 0.0407, 0.0462, 0.0675,
         0.0469],
        [0.0494, 0.6440, 0.0569, 0.0398, 0.0186, 0.0342, 0.0410, 0.0435, 0.0402,
         0.0325],
        [0.1433, 0.0615, 0.0393, 0.0507, 0.0491, 0.3800, 0.0670, 0.0711, 0.0811,
         0.0569],
        [0.0904, 0.0959, 0.4005, 0.1355, 0.0439, 0.0404, 0.0436, 0.0549, 0.0622,
         0.0327],
        [0.0416, 0.0546, 0.6059, 0.0589, 0.0332, 0.0397, 0.0411, 0.0418, 0.0331,
         0.0501],
        [0.0963, 0.0488, 0.0407, 0.0281, 0.0720, 0.0263, 0.5392, 0.0683, 0.0238,
         0.0565],
        [0.7186, 0.0375, 0.0157, 0.0197, 0.0424, 0.0230, 0.0328, 0.0560, 0.0240,
         0.0304],
        [0.0426, 0.0351, 0.0251, 0.7284, 0.0226, 0.0288, 0.0327, 0.0280, 0.0331,
         0.0236],
        [0.0328, 0.0437, 0.0228, 0.0617, 0.0151, 0.0301, 0.0520, 0.0347, 0.6665,
         0.0405],
        [0.0289, 0.0309, 0.0162, 0.0331, 0.0163, 0.0324, 0.0534, 0.0271, 0.7199,
         0.0418],
        [0.0345, 0.0526, 0.0532, 0.0273, 0.0334, 0.5988, 0.0465, 0.0572, 0.0491,
         0.0476],
        [0.0435, 0.0976, 0.0574, 0.0430, 0.0390, 0.0558, 0.0570, 0.4738, 0.0547,
         0.0782],
        [0.0468, 0.0650, 0.0361, 0.0492, 0.0360, 0.5390, 0.0418, 0.0580, 0.0899,
         0.0381],
        [0.0444, 0.0493, 0.1292, 0.0420, 0.4817, 0.0567, 0.0530, 0.0558, 0.0366,
         0.0513],
        [0.0408, 0.0393, 0.0803, 0.0276, 0.5841, 0.0367, 0.0628, 0.0570, 0.0307,
         0.0406],
        [0.3139, 0.1368, 0.0922, 0.0702, 0.0524, 0.0833, 0.0442, 0.0873, 0.0564,
         0.0635],
        [0.0559, 0.0469, 0.0210, 0.6970, 0.0231, 0.0341, 0.0319, 0.0308, 0.0313,
         0.0278],
        [0.0368, 0.0322, 0.0265, 0.0362, 0.0199, 0.0282, 0.0551, 0.0438, 0.0247,
         0.6967],
        [0.0370, 0.0375, 0.0311, 0.0320, 0.0474, 0.0314, 0.6504, 0.0473, 0.0368,
         0.0492],
        [0.0439, 0.0320, 0.0302, 0.0319, 0.0347, 0.0254, 0.0377, 0.0527, 0.0272,
         0.6844],
        [0.0304, 0.0601, 0.0332, 0.0311, 0.0311, 0.0464, 0.0566, 0.6376, 0.0317,
         0.0418],
        [0.0337, 0.0474, 0.0182, 0.0401, 0.0227, 0.0463, 0.0597, 0.0431, 0.6467,
         0.0422],
        [0.0448, 0.0353, 0.0282, 0.0260, 0.0276, 0.0298, 0.0453, 0.0545, 0.0274,
         0.6811],
        [0.0350, 0.0311, 0.0282, 0.0263, 0.0211, 0.0243, 0.0418, 0.0486, 0.0215,
         0.7219],
        [0.0447, 0.0589, 0.0531, 0.0327, 0.0506, 0.5327, 0.0591, 0.0622, 0.0446,
         0.0614]], device='cuda:0', grad_fn=<SoftmaxBackward>)
>> best accuracy: 97.41666666666666	best epoch: 0

>> final recovery rate: 60.05555555555555%
>> val epoch: 5
>> current accuracy: 89.4%
outputs: tensor([[0.0430, 0.0136, 0.0139, 0.0536, 0.0854, 0.0496, 0.0069, 0.1981, 0.0818,
         0.4542],
        [0.0185, 0.0719, 0.1370, 0.0207, 0.0487, 0.0502, 0.0952, 0.5191, 0.0223,
         0.0165],
        [0.0343, 0.0505, 0.0296, 0.0372, 0.0147, 0.0460, 0.0194, 0.0279, 0.0445,
         0.6958],
        [0.0728, 0.0339, 0.0497, 0.7170, 0.0284, 0.0158, 0.0305, 0.0146, 0.0214,
         0.0160],
        [0.0150, 0.0250, 0.8166, 0.0054, 0.0156, 0.0151, 0.0560, 0.0058, 0.0061,
         0.0393],
        [0.0751, 0.0685, 0.0820, 0.2060, 0.1470, 0.0243, 0.0355, 0.2484, 0.0432,
         0.0701],
        [0.0379, 0.1148, 0.0386, 0.0263, 0.1329, 0.0476, 0.1084, 0.0319, 0.4313,
         0.0302],
        [0.0490, 0.0144, 0.0125, 0.0496, 0.1380, 0.0556, 0.6263, 0.0199, 0.0112,
         0.0234],
        [0.0291, 0.0375, 0.3255, 0.0992, 0.0608, 0.0540, 0.1730, 0.0918, 0.0212,
         0.1079],
        [0.1167, 0.0452, 0.0151, 0.5938, 0.0855, 0.0154, 0.0191, 0.0224, 0.0272,
         0.0595],
        [0.0119, 0.0387, 0.0237, 0.0535, 0.5124, 0.0127, 0.0717, 0.2355, 0.0261,
         0.0137],
        [0.1707, 0.2185, 0.0207, 0.0214, 0.0640, 0.0477, 0.0454, 0.3607, 0.0308,
         0.0202],
        [0.0637, 0.0266, 0.0188, 0.0117, 0.0894, 0.0117, 0.0192, 0.0522, 0.6912,
         0.0155],
        [0.0070, 0.0200, 0.8035, 0.0064, 0.0108, 0.0461, 0.0253, 0.0375, 0.0395,
         0.0040],
        [0.0127, 0.0141, 0.0218, 0.8747, 0.0154, 0.0095, 0.0160, 0.0036, 0.0150,
         0.0174],
        [0.0374, 0.5407, 0.0522, 0.0463, 0.0402, 0.0627, 0.0576, 0.0239, 0.0794,
         0.0594],
        [0.0511, 0.0123, 0.0080, 0.8448, 0.0271, 0.0214, 0.0110, 0.0090, 0.0067,
         0.0086],
        [0.0709, 0.0146, 0.0255, 0.4408, 0.1149, 0.2459, 0.0121, 0.0264, 0.0240,
         0.0249],
        [0.0272, 0.0494, 0.1303, 0.6616, 0.0164, 0.0106, 0.0437, 0.0062, 0.0342,
         0.0203],
        [0.1954, 0.0436, 0.0207, 0.0081, 0.0626, 0.0178, 0.0243, 0.0521, 0.5523,
         0.0231],
        [0.0122, 0.0185, 0.0052, 0.0363, 0.7814, 0.0240, 0.0113, 0.0243, 0.0350,
         0.0518],
        [0.0160, 0.0408, 0.0152, 0.0151, 0.0466, 0.2122, 0.5504, 0.0310, 0.0185,
         0.0542],
        [0.1557, 0.0900, 0.0172, 0.3238, 0.1682, 0.0308, 0.0325, 0.1065, 0.0121,
         0.0630],
        [0.0207, 0.0441, 0.0308, 0.0445, 0.0194, 0.1273, 0.6204, 0.0295, 0.0189,
         0.0444],
        [0.0106, 0.0104, 0.0074, 0.0051, 0.0124, 0.0042, 0.0167, 0.0373, 0.8908,
         0.0052],
        [0.0211, 0.0264, 0.0037, 0.0667, 0.0374, 0.1016, 0.0167, 0.6497, 0.0624,
         0.0145],
        [0.0951, 0.0545, 0.0325, 0.4655, 0.1362, 0.0471, 0.0292, 0.0545, 0.0727,
         0.0127],
        [0.0366, 0.6105, 0.0686, 0.0577, 0.0338, 0.0546, 0.0452, 0.0266, 0.0350,
         0.0314],
        [0.0239, 0.0569, 0.7117, 0.0210, 0.0347, 0.0301, 0.0515, 0.0142, 0.0368,
         0.0192],
        [0.0553, 0.4927, 0.0697, 0.0302, 0.0353, 0.0497, 0.0970, 0.0628, 0.0410,
         0.0664],
        [0.1587, 0.0779, 0.0969, 0.0255, 0.0300, 0.0395, 0.3210, 0.0284, 0.2106,
         0.0116],
        [0.0311, 0.0253, 0.0265, 0.0499, 0.0415, 0.0112, 0.0496, 0.4205, 0.0631,
         0.2814],
        [0.0128, 0.0487, 0.0252, 0.0133, 0.0084, 0.0856, 0.0169, 0.0202, 0.0106,
         0.7582],
        [0.0220, 0.0240, 0.0173, 0.0224, 0.1487, 0.0598, 0.0138, 0.0261, 0.1496,
         0.5164],
        [0.0869, 0.5790, 0.0590, 0.0318, 0.0352, 0.0409, 0.0453, 0.0544, 0.0344,
         0.0331],
        [0.0149, 0.0116, 0.0055, 0.0083, 0.0232, 0.0148, 0.0133, 0.0124, 0.8910,
         0.0051],
        [0.6341, 0.0816, 0.0283, 0.0076, 0.0201, 0.0401, 0.1075, 0.0317, 0.0178,
         0.0312],
        [0.0503, 0.5775, 0.0659, 0.0377, 0.0375, 0.0599, 0.0677, 0.0337, 0.0371,
         0.0327],
        [0.0140, 0.0219, 0.0138, 0.0218, 0.0378, 0.0663, 0.7707, 0.0235, 0.0120,
         0.0182],
        [0.0299, 0.6304, 0.0668, 0.0370, 0.0325, 0.0560, 0.0467, 0.0198, 0.0336,
         0.0473],
        [0.0082, 0.0380, 0.1543, 0.0212, 0.0625, 0.0438, 0.0343, 0.0121, 0.6186,
         0.0070],
        [0.3536, 0.1770, 0.0317, 0.0274, 0.0247, 0.2049, 0.0371, 0.0417, 0.0261,
         0.0757],
        [0.3944, 0.0802, 0.0266, 0.0081, 0.0544, 0.1516, 0.1071, 0.0449, 0.0206,
         0.1122],
        [0.0208, 0.0591, 0.0300, 0.0378, 0.0365, 0.0508, 0.1026, 0.5750, 0.0458,
         0.0416],
        [0.0233, 0.0300, 0.2736, 0.0413, 0.0393, 0.2229, 0.0451, 0.2304, 0.0099,
         0.0841],
        [0.0361, 0.0612, 0.0296, 0.0118, 0.0043, 0.4366, 0.0487, 0.0195, 0.0141,
         0.3381],
        [0.0240, 0.0185, 0.7485, 0.0136, 0.0133, 0.0440, 0.0875, 0.0181, 0.0015,
         0.0308],
        [0.0616, 0.0448, 0.4803, 0.1598, 0.0329, 0.0397, 0.0432, 0.0650, 0.0659,
         0.0067]], device='cuda:0', grad_fn=<SoftmaxBackward>)
>> best accuracy: 97.41666666666666	best epoch: 0

>> final recovery rate: 60.05555555555555%
>> val epoch: 10
>> current accuracy: 72.83333333333334%
outputs: tensor([[7.2746e-04, 1.1206e-02, 5.6580e-04, 2.3638e-03, 1.4108e-03, 3.6250e-04,
         2.3642e-02, 1.4619e-03, 9.5700e-01, 1.2635e-03],
        [3.1912e-01, 5.2884e-02, 2.8055e-03, 6.9434e-02, 1.3044e-02, 5.1182e-03,
         4.5736e-03, 5.3084e-01, 7.5216e-04, 1.4314e-03],
        [3.2305e-04, 2.1207e-02, 3.0446e-04, 7.6028e-03, 2.9524e-03, 3.6732e-03,
         1.1351e-02, 9.3942e-01, 1.2876e-02, 2.8756e-04],
        [1.0136e-03, 5.4263e-04, 1.8002e-04, 9.8536e-01, 6.6563e-03, 1.2043e-04,
         4.2257e-04, 7.7461e-04, 4.5751e-03, 3.5546e-04],
        [3.1831e-04, 1.2580e-04, 9.9157e-01, 3.9400e-05, 1.3654e-05, 8.4965e-05,
         7.5961e-03, 1.3798e-05, 1.8719e-05, 2.1644e-04],
        [9.9855e-01, 5.2405e-05, 7.2447e-04, 1.6071e-05, 2.1603e-04, 7.6264e-05,
         1.2774e-04, 1.4762e-04, 7.2637e-05, 1.7212e-05],
        [6.4059e-04, 9.3273e-05, 9.9048e-01, 7.6151e-06, 4.2094e-03, 2.5687e-03,
         1.6874e-04, 5.5889e-04, 4.3169e-04, 8.4293e-04],
        [3.0285e-04, 7.2387e-03, 3.2828e-03, 1.0354e-03, 8.4676e-05, 2.9403e-04,
         9.8534e-01, 8.7711e-04, 1.9690e-04, 1.3429e-03],
        [3.1918e-03, 5.6683e-03, 3.2950e-03, 5.9340e-03, 1.2208e-02, 9.2650e-03,
         4.1780e-03, 1.4975e-03, 7.3982e-04, 9.5402e-01],
        [1.7606e-02, 7.3730e-01, 9.2751e-03, 3.4231e-03, 1.3293e-02, 1.1086e-01,
         9.9764e-03, 8.8427e-02, 6.7215e-03, 3.1156e-03],
        [5.5636e-01, 1.7928e-02, 3.1684e-04, 2.0023e-01, 3.2212e-03, 2.1646e-01,
         5.6726e-04, 7.3276e-04, 9.8956e-04, 3.1882e-03],
        [1.1224e-03, 9.9113e-05, 1.8373e-03, 5.4042e-05, 2.7452e-04, 9.9304e-01,
         1.2659e-04, 2.8624e-03, 2.0338e-04, 3.8091e-04],
        [2.0345e-03, 5.0052e-02, 6.7133e-02, 9.9096e-03, 5.1427e-03, 1.0477e-01,
         7.4454e-01, 9.8849e-03, 4.6357e-03, 1.9005e-03],
        [8.7864e-05, 6.1250e-05, 1.9701e-04, 2.2437e-03, 9.8765e-01, 5.8103e-04,
         1.3182e-04, 6.0034e-04, 5.5772e-03, 2.8740e-03],
        [1.9131e-02, 4.6868e-02, 4.8124e-02, 2.6240e-02, 2.0026e-02, 9.9459e-04,
         4.1665e-03, 7.9151e-01, 9.2362e-03, 3.3704e-02],
        [1.6604e-03, 1.5812e-02, 7.4857e-02, 2.6912e-03, 6.5197e-02, 6.7275e-04,
         6.1273e-04, 8.3342e-01, 1.1271e-03, 3.9531e-03],
        [1.2110e-02, 1.0479e-02, 2.2047e-02, 5.6980e-02, 1.0531e-02, 2.2438e-03,
         8.7468e-01, 2.8402e-03, 1.8352e-03, 6.2522e-03],
        [2.7343e-02, 1.8317e-03, 2.1048e-03, 2.5602e-03, 6.3079e-03, 2.5126e-03,
         5.5797e-01, 2.1451e-03, 3.8313e-01, 1.4094e-02],
        [4.0705e-02, 1.9531e-02, 1.1591e-02, 1.0912e-02, 3.0251e-01, 1.1728e-01,
         8.2947e-02, 2.3605e-03, 4.6468e-03, 4.0751e-01],
        [2.1721e-04, 3.8051e-02, 8.6597e-04, 3.3607e-03, 9.1191e-05, 1.8833e-03,
         2.8417e-03, 2.7937e-03, 9.4064e-01, 9.2596e-03],
        [1.8964e-02, 6.3564e-01, 6.4336e-02, 1.2683e-02, 2.8726e-02, 1.5977e-01,
         5.7504e-03, 2.0963e-04, 7.2200e-02, 1.7215e-03],
        [4.7895e-04, 6.7443e-01, 1.2840e-01, 2.4659e-02, 1.4975e-02, 5.5432e-03,
         5.6676e-02, 8.3319e-03, 8.4001e-02, 2.5118e-03],
        [1.4907e-02, 2.9399e-03, 5.7800e-03, 1.5785e-03, 9.6716e-01, 3.7147e-03,
         1.5266e-03, 3.4494e-04, 1.6213e-03, 4.2753e-04],
        [5.0498e-02, 7.8433e-03, 9.9849e-04, 1.5753e-03, 3.0981e-02, 9.2828e-03,
         7.8164e-01, 1.0607e-01, 9.2887e-03, 1.8207e-03],
        [3.0735e-02, 5.5330e-01, 7.0369e-02, 4.9016e-02, 1.9953e-02, 1.1448e-01,
         9.1028e-02, 1.9486e-02, 3.7943e-02, 1.3692e-02],
        [1.5843e-03, 4.4475e-02, 2.6254e-03, 2.0050e-02, 9.8141e-04, 9.3146e-04,
         1.5802e-02, 8.8463e-01, 2.1351e-03, 2.6787e-02],
        [2.2483e-04, 1.8570e-05, 2.5652e-04, 6.0622e-05, 9.9750e-01, 7.4978e-05,
         1.5376e-04, 9.9180e-05, 1.5116e-03, 9.7877e-05],
        [5.0498e-02, 4.2845e-01, 3.7732e-02, 6.3824e-02, 1.1218e-01, 5.9572e-02,
         5.1850e-02, 1.1852e-01, 5.3982e-02, 2.3396e-02],
        [7.7361e-01, 2.4882e-02, 4.4003e-03, 8.1286e-03, 6.9526e-03, 2.3283e-02,
         3.5753e-02, 4.4487e-02, 1.1603e-02, 6.6902e-02],
        [1.0970e-03, 1.3461e-03, 1.5061e-02, 2.3968e-03, 2.3696e-02, 7.5068e-04,
         3.3228e-03, 9.3528e-01, 1.3164e-02, 3.8877e-03],
        [3.9844e-03, 2.0491e-03, 1.0435e-03, 5.0413e-03, 1.4822e-03, 4.4432e-03,
         6.4019e-03, 1.3881e-03, 1.2196e-03, 9.7295e-01],
        [4.4006e-04, 9.9114e-04, 3.6422e-04, 6.1636e-04, 9.8308e-01, 1.3942e-03,
         3.8944e-03, 2.2974e-04, 3.3771e-03, 5.6104e-03],
        [6.7747e-02, 1.2199e-02, 3.1161e-03, 1.3138e-03, 2.1699e-03, 5.8062e-03,
         9.1525e-03, 8.9562e-01, 4.1350e-04, 2.4640e-03],
        [2.7533e-01, 3.0168e-04, 4.7449e-04, 5.4441e-01, 1.4679e-02, 1.2910e-03,
         9.0368e-02, 5.6373e-02, 1.6386e-02, 3.8115e-04],
        [4.9990e-05, 2.1414e-05, 9.9930e-01, 2.8356e-05, 6.3253e-05, 2.2934e-05,
         1.8542e-06, 2.0203e-05, 3.7932e-05, 4.5439e-04],
        [1.9109e-04, 4.2090e-04, 5.1988e-04, 2.7468e-03, 6.7564e-05, 1.7032e-04,
         5.6005e-04, 3.6881e-04, 9.9425e-01, 7.0001e-04],
        [2.3108e-02, 5.9499e-04, 7.1602e-02, 7.1286e-01, 1.1299e-03, 1.8109e-02,
         7.2161e-02, 3.3277e-03, 9.3126e-02, 3.9785e-03],
        [7.4171e-04, 9.5182e-05, 6.9115e-05, 2.5535e-04, 2.9856e-04, 9.9724e-01,
         8.5132e-05, 7.7948e-04, 2.2271e-04, 2.1039e-04],
        [2.5247e-04, 7.6545e-06, 1.7346e-04, 9.9850e-01, 5.8295e-06, 5.4799e-06,
         6.8014e-04, 4.2094e-05, 2.8693e-04, 5.0043e-05],
        [5.6805e-03, 9.2963e-03, 5.2884e-04, 1.8317e-04, 8.6637e-01, 1.1844e-02,
         1.4412e-04, 9.5410e-03, 2.2515e-02, 7.3895e-02],
        [9.5756e-01, 2.4587e-02, 1.1458e-03, 4.0696e-03, 7.9490e-03, 1.1885e-03,
         2.9383e-04, 2.6299e-04, 7.2211e-04, 2.2177e-03],
        [4.4259e-04, 9.6548e-02, 1.6899e-03, 8.6870e-01, 4.6542e-04, 1.2590e-02,
         8.4189e-04, 5.4831e-04, 1.7956e-02, 2.1484e-04],
        [2.4930e-04, 1.5620e-03, 3.0606e-04, 1.0438e-02, 4.0848e-04, 5.5028e-02,
         1.7269e-03, 4.9398e-01, 7.6373e-04, 4.3554e-01],
        [7.9971e-03, 2.1889e-02, 1.8195e-02, 5.6178e-03, 3.7237e-03, 2.0081e-02,
         3.4446e-03, 2.1863e-03, 1.7582e-03, 9.1511e-01],
        [1.1062e-02, 1.3942e-03, 1.7441e-01, 1.4678e-03, 2.7929e-02, 4.8409e-03,
         4.6731e-02, 1.8989e-03, 8.2861e-03, 7.2198e-01],
        [1.6243e-04, 7.0944e-04, 5.0595e-03, 6.3866e-04, 2.6649e-04, 9.9121e-01,
         4.4361e-04, 1.1708e-04, 7.2722e-04, 6.6722e-04],
        [2.6863e-02, 5.4319e-03, 1.8440e-04, 2.4879e-03, 1.5463e-03, 4.1218e-03,
         4.7139e-01, 4.2664e-01, 5.0861e-02, 1.0477e-02],
        [6.6751e-03, 4.5178e-01, 2.9272e-02, 6.0241e-03, 2.5296e-02, 3.8843e-01,
         2.0850e-02, 1.1120e-02, 5.2700e-02, 7.8494e-03]],
       device='cuda:0', grad_fn=<SoftmaxBackward>)
>> best accuracy: 97.41666666666666	best epoch: 0

>> final recovery rate: 60.05555555555555%
>> val epoch: 15
>> current accuracy: 69.61666666666667%
outputs: tensor([[7.1013e-05, 9.7756e-05, 9.0393e-05, 9.9945e-01, 1.2217e-04, 1.1089e-04,
         2.1454e-05, 1.6797e-06, 2.4784e-05, 6.2558e-06],
        [4.5808e-04, 2.0298e-04, 2.2521e-03, 2.3242e-04, 4.2078e-01, 5.6386e-03,
         3.7288e-04, 5.3192e-02, 1.6347e-03, 5.1524e-01],
        [6.1745e-04, 8.9636e-04, 4.2226e-04, 1.3667e-02, 3.8748e-03, 2.2352e-02,
         2.0013e-04, 9.5293e-01, 8.0098e-05, 4.9607e-03],
        [2.0773e-02, 1.1969e-02, 5.6965e-03, 1.0401e-01, 7.7393e-01, 9.3521e-05,
         2.8510e-03, 4.2921e-02, 3.6255e-02, 1.5005e-03],
        [4.6730e-02, 2.8172e-04, 4.2569e-04, 7.0174e-02, 2.7964e-05, 9.4085e-03,
         2.1695e-03, 3.7860e-03, 1.5234e-03, 8.6547e-01],
        [9.9871e-01, 4.3418e-05, 2.3166e-04, 5.7855e-05, 2.4394e-04, 5.6423e-04,
         5.5566e-06, 8.6556e-05, 5.4819e-05, 5.2926e-06],
        [2.1642e-04, 9.6170e-04, 2.9124e-02, 2.2136e-04, 3.9301e-04, 1.4257e-04,
         1.1315e-02, 6.1120e-03, 2.9262e-03, 9.4859e-01],
        [6.4534e-03, 3.8723e-03, 3.2121e-03, 5.7917e-02, 6.0609e-03, 1.7619e-03,
         2.1289e-01, 1.5381e-02, 1.5456e-03, 6.9090e-01],
        [2.4593e-04, 5.4576e-06, 3.7561e-06, 8.8898e-07, 3.0781e-04, 1.4940e-04,
         1.2782e-05, 9.9926e-01, 7.4913e-06, 7.0740e-06],
        [4.3533e-04, 1.3535e-03, 2.8031e-03, 1.0066e-03, 3.3310e-01, 6.3478e-01,
         3.5887e-04, 2.9203e-03, 2.2538e-04, 2.3016e-02],
        [8.0078e-04, 5.8874e-01, 2.0992e-03, 1.6803e-02, 1.1361e-03, 2.8605e-01,
         1.4895e-02, 5.6426e-03, 7.1354e-02, 1.2478e-02],
        [2.9362e-04, 2.6925e-04, 5.1413e-04, 1.8493e-04, 2.1877e-04, 5.4587e-05,
         9.9774e-01, 5.5675e-04, 1.1958e-04, 4.4093e-05],
        [2.6354e-04, 4.3483e-03, 6.2793e-04, 2.5128e-01, 1.5564e-03, 5.9558e-01,
         7.7450e-05, 4.2769e-03, 1.4447e-02, 1.2754e-01],
        [1.2108e-02, 6.9087e-01, 1.8992e-04, 2.5711e-03, 4.2855e-03, 1.0093e-02,
         5.1815e-03, 2.7057e-01, 3.0674e-03, 1.0640e-03],
        [3.2623e-04, 6.5217e-05, 1.5547e-05, 5.5873e-04, 7.5114e-05, 3.7223e-03,
         1.4195e-03, 2.6591e-02, 2.1095e-03, 9.6512e-01],
        [8.7914e-03, 4.6579e-01, 2.0457e-01, 2.4598e-02, 8.1525e-03, 1.9202e-02,
         2.2334e-01, 1.8942e-02, 1.6901e-02, 9.7122e-03],
        [2.4746e-02, 1.3746e-03, 7.1607e-04, 5.9621e-04, 1.4894e-04, 1.3099e-03,
         5.6830e-04, 5.2918e-03, 9.6451e-01, 7.3726e-04],
        [1.7223e-04, 9.9674e-01, 1.0115e-03, 3.6157e-05, 1.1255e-03, 1.0783e-04,
         2.6776e-04, 1.2526e-04, 1.1999e-04, 2.9218e-04],
        [1.3410e-03, 9.5479e-04, 9.6593e-05, 3.4214e-03, 1.0681e-03, 2.8477e-03,
         3.7105e-05, 1.3104e-02, 5.6362e-04, 9.7657e-01],
        [4.0602e-05, 2.6983e-01, 1.5504e-03, 1.5165e-03, 2.7924e-05, 9.3830e-04,
         6.8607e-01, 2.0883e-03, 3.4912e-02, 3.0296e-03],
        [8.1077e-06, 4.6872e-04, 9.9653e-01, 1.5011e-04, 3.3507e-04, 1.7827e-04,
         3.7791e-05, 8.6595e-06, 2.2173e-03, 6.6648e-05],
        [7.2268e-03, 6.4507e-01, 7.2230e-02, 1.4408e-02, 7.9071e-02, 6.6535e-02,
         4.1170e-02, 2.2709e-02, 4.3816e-02, 7.7645e-03],
        [5.4591e-05, 1.4822e-04, 1.2156e-03, 6.8773e-04, 6.2032e-05, 3.4794e-05,
         6.9919e-04, 9.9504e-01, 2.0378e-03, 2.3546e-05],
        [6.7624e-04, 6.6443e-04, 1.4745e-02, 3.3577e-03, 1.3758e-01, 1.1087e-03,
         1.6631e-03, 1.1377e-02, 6.9113e-04, 8.2814e-01],
        [1.3426e-03, 5.2880e-03, 1.8950e-02, 1.2108e-03, 3.2304e-01, 1.0766e-01,
         1.9816e-02, 1.4991e-02, 2.4150e-01, 2.6621e-01],
        [9.0903e-01, 1.1786e-04, 4.3039e-03, 3.8521e-03, 2.5009e-02, 4.1047e-04,
         4.7168e-02, 2.2464e-03, 2.9932e-03, 4.8711e-03],
        [7.3550e-03, 8.4800e-01, 2.7220e-03, 2.0011e-03, 5.5198e-03, 2.0701e-03,
         7.0358e-03, 1.4412e-02, 1.0051e-01, 1.0374e-02],
        [2.9089e-04, 1.1685e-04, 9.5556e-04, 3.1272e-03, 9.5647e-03, 9.5534e-01,
         2.0725e-03, 1.8226e-03, 2.5867e-02, 8.4564e-04],
        [1.3627e-02, 8.8107e-01, 1.0021e-04, 5.7221e-03, 2.6513e-03, 1.9576e-03,
         9.1176e-02, 1.1095e-03, 7.9156e-04, 1.7944e-03],
        [1.4204e-06, 1.8024e-05, 1.6482e-04, 8.1023e-04, 2.4750e-04, 1.3253e-05,
         9.9817e-01, 7.1103e-05, 4.0325e-04, 1.0454e-04],
        [8.6394e-01, 4.0731e-02, 3.1815e-04, 1.4076e-02, 9.7969e-04, 1.5093e-02,
         5.3131e-02, 6.8172e-04, 8.4707e-03, 2.5782e-03],
        [9.3015e-03, 4.7095e-01, 5.1864e-03, 1.0052e-02, 2.7996e-03, 6.6185e-03,
         3.7703e-01, 4.4378e-03, 1.4269e-02, 9.9353e-02],
        [6.3992e-01, 1.8759e-03, 2.1354e-02, 2.8954e-03, 1.7480e-01, 1.8096e-02,
         6.8313e-03, 4.5533e-04, 5.4276e-04, 1.3323e-01],
        [1.1741e-02, 2.3969e-03, 4.0018e-03, 3.7171e-05, 4.6383e-04, 5.5907e-04,
         9.7396e-01, 4.8799e-04, 6.3044e-03, 4.2691e-05],
        [4.5880e-06, 1.2955e-06, 9.9991e-01, 1.0331e-05, 8.9929e-06, 1.1829e-05,
         1.2778e-05, 1.6609e-05, 2.0801e-05, 1.2478e-06],
        [8.1294e-04, 2.7880e-03, 3.4471e-04, 1.3954e-02, 2.7481e-04, 9.5925e-01,
         6.2174e-03, 3.2810e-03, 1.2462e-02, 6.1986e-04],
        [9.1855e-01, 2.4819e-03, 2.7350e-04, 5.0456e-03, 7.0234e-02, 1.9312e-03,
         6.7779e-04, 1.6312e-04, 6.3258e-04, 8.5568e-06],
        [2.0672e-03, 1.4712e-04, 7.4993e-04, 8.9670e-01, 9.1332e-05, 6.0364e-04,
         2.1902e-03, 1.7051e-04, 5.7553e-04, 9.6705e-02],
        [8.7961e-01, 1.1284e-02, 8.3751e-04, 9.2966e-04, 4.0098e-02, 1.1200e-03,
         6.3295e-02, 1.3144e-04, 3.4066e-04, 2.3583e-03],
        [1.0887e-01, 6.0226e-03, 2.0868e-01, 1.1440e-03, 5.9800e-01, 4.6443e-03,
         1.1983e-04, 6.4259e-02, 7.7626e-03, 4.9592e-04],
        [5.1814e-06, 2.2834e-03, 9.6814e-01, 1.5411e-04, 8.9280e-05, 2.2082e-05,
         2.9150e-04, 2.8800e-02, 2.1196e-04, 6.8556e-07],
        [5.7564e-04, 1.4322e-02, 5.6105e-03, 9.9331e-04, 2.3287e-02, 8.1616e-04,
         3.8627e-01, 1.4120e-02, 5.5415e-03, 5.4846e-01],
        [1.1676e-02, 1.0394e-03, 5.9637e-04, 9.6323e-01, 8.4540e-05, 1.2867e-03,
         2.8404e-03, 6.3144e-05, 6.7506e-06, 1.9179e-02],
        [1.8805e-05, 1.6073e-04, 9.9308e-01, 3.1729e-06, 6.4115e-03, 1.5629e-04,
         2.3367e-05, 5.7779e-06, 5.2217e-05, 8.3303e-05],
        [9.2577e-01, 1.9528e-04, 2.6175e-04, 4.0910e-04, 4.4214e-03, 7.9437e-04,
         2.5926e-03, 6.3314e-02, 1.9728e-03, 2.6504e-04],
        [2.6560e-03, 1.4602e-04, 1.1136e-03, 9.5185e-01, 4.0948e-05, 1.1312e-04,
         3.0686e-03, 1.4842e-03, 3.9377e-02, 1.4569e-04],
        [9.9724e-01, 7.0089e-06, 4.3169e-05, 2.2295e-04, 9.3458e-04, 5.6216e-05,
         1.0621e-03, 1.1594e-04, 8.6301e-05, 2.2752e-04],
        [2.9322e-03, 2.0015e-01, 2.3571e-03, 3.0481e-03, 6.5230e-02, 8.5951e-02,
         9.1344e-04, 1.2741e-03, 6.1372e-01, 2.4420e-02]],
       device='cuda:0', grad_fn=<SoftmaxBackward>)
>> best accuracy: 97.41666666666666	best epoch: 0

>> final recovery rate: 60.05555555555555%
>> val epoch: 20
>> current accuracy: 63.416666666666664%
outputs: tensor([[1.0649e-01, 6.8566e-04, 2.3381e-03, 1.3788e-04, 1.5310e-01, 3.1438e-01,
         3.9031e-01, 2.3279e-02, 8.6034e-03, 6.7141e-04],
        [2.6060e-03, 3.6178e-06, 5.5792e-05, 9.0282e-06, 1.2432e-04, 9.5049e-06,
         2.4440e-04, 9.9689e-01, 1.1990e-05, 4.3729e-05],
        [1.7061e-05, 7.6433e-05, 2.0518e-06, 1.8949e-03, 1.0387e-04, 1.2687e-04,
         1.1132e-03, 9.9567e-01, 2.6433e-04, 7.3327e-04],
        [6.9998e-03, 9.7706e-01, 7.6160e-03, 6.8470e-04, 4.5959e-03, 1.6553e-03,
         4.8334e-04, 4.2819e-04, 2.0459e-04, 2.6719e-04],
        [6.0242e-03, 6.5566e-05, 7.5662e-06, 9.9252e-01, 1.7068e-04, 1.1012e-03,
         1.1680e-05, 1.5047e-05, 1.8384e-05, 6.7335e-05],
        [3.3789e-05, 1.9277e-02, 5.2165e-02, 3.9853e-05, 7.8707e-03, 3.5356e-04,
         1.3671e-02, 2.1828e-03, 8.9801e-01, 6.3939e-03],
        [1.5911e-01, 5.7626e-02, 7.5331e-02, 3.7735e-04, 6.6636e-03, 1.5366e-02,
         2.6261e-03, 5.0569e-01, 6.1687e-02, 1.1552e-01],
        [9.5791e-01, 1.6003e-02, 2.1216e-04, 1.6343e-04, 2.0331e-03, 4.6414e-03,
         6.8438e-03, 2.2595e-04, 4.7010e-05, 1.1917e-02],
        [9.6124e-06, 1.0573e-04, 1.5430e-05, 3.4837e-04, 9.7194e-05, 9.9889e-01,
         8.0344e-05, 1.1884e-04, 4.0611e-05, 2.9448e-04],
        [4.1143e-04, 8.1309e-04, 7.8362e-04, 3.5734e-05, 1.4642e-04, 3.6670e-05,
         9.2825e-03, 3.2111e-03, 9.8524e-01, 3.4818e-05],
        [9.8249e-01, 9.1654e-04, 3.7468e-03, 2.0070e-03, 5.1799e-05, 1.8151e-03,
         7.8642e-05, 5.5866e-03, 3.1140e-03, 1.9376e-04],
        [1.4942e-06, 9.8649e-05, 1.9185e-04, 1.2602e-05, 8.5612e-04, 3.2764e-04,
         8.2920e-04, 9.8563e-01, 4.4069e-04, 1.1616e-02],
        [7.6427e-06, 5.6575e-06, 9.9948e-01, 6.5141e-05, 1.6812e-05, 5.9238e-05,
         2.2055e-04, 1.2074e-04, 2.4513e-05, 8.4030e-07],
        [9.9152e-01, 2.8249e-06, 3.7092e-04, 7.5456e-03, 6.1204e-05, 1.3354e-04,
         4.5006e-06, 4.6670e-05, 2.8971e-04, 2.4786e-05],
        [8.9250e-04, 3.4905e-01, 8.6769e-02, 5.2636e-01, 4.6704e-03, 6.8298e-04,
         1.8833e-04, 4.4475e-04, 9.0209e-03, 2.1914e-02],
        [2.6651e-06, 2.1404e-06, 2.4428e-05, 1.1585e-03, 7.9061e-05, 1.9144e-05,
         1.4978e-04, 9.9751e-01, 5.8784e-05, 9.9257e-04],
        [5.6390e-04, 7.9643e-04, 1.9397e-05, 1.0746e-04, 4.3977e-04, 2.3763e-04,
         3.2890e-02, 8.5295e-01, 6.7265e-04, 1.1133e-01],
        [8.9746e-05, 9.9414e-01, 1.4719e-04, 7.4245e-06, 3.5888e-05, 4.6660e-03,
         7.9115e-05, 6.9866e-06, 7.2885e-04, 9.9833e-05],
        [8.0242e-05, 1.1949e-05, 2.4531e-04, 1.0777e-04, 9.4340e-01, 3.7568e-05,
         7.8055e-04, 3.2109e-05, 4.3392e-04, 5.4873e-02],
        [1.7605e-05, 2.1721e-06, 4.3165e-04, 2.3739e-04, 9.9926e-01, 6.0608e-07,
         1.2105e-05, 1.8022e-05, 2.0501e-05, 3.8468e-06],
        [6.1380e-06, 6.6757e-05, 1.3004e-05, 9.9981e-01, 2.2119e-06, 6.4557e-05,
         1.5934e-06, 1.2699e-06, 3.4867e-05, 4.2055e-06],
        [1.0215e-01, 3.4214e-03, 2.1484e-03, 8.6968e-01, 5.3063e-03, 1.2086e-02,
         5.5981e-05, 3.2399e-05, 2.3660e-05, 5.0918e-03],
        [4.3817e-05, 1.1792e-06, 9.9980e-01, 8.9960e-07, 3.9638e-06, 2.2015e-06,
         1.2867e-04, 4.5483e-07, 1.9511e-05, 6.7225e-07],
        [1.8486e-04, 1.1458e-03, 9.9750e-01, 6.2007e-04, 2.9609e-04, 2.2061e-05,
         1.4066e-05, 1.5104e-04, 9.9945e-06, 6.0270e-05],
        [3.3122e-06, 5.0521e-07, 9.6368e-06, 4.5392e-06, 4.5726e-03, 9.9532e-01,
         3.5703e-05, 2.3407e-05, 3.1082e-05, 5.7634e-07],
        [1.1635e-03, 1.8320e-03, 1.7649e-04, 1.2107e-03, 7.4928e-04, 8.6080e-04,
         8.9168e-01, 7.5347e-02, 2.6820e-02, 1.5609e-04],
        [2.9868e-02, 7.1621e-01, 9.8803e-02, 1.8860e-02, 1.0572e-01, 1.0429e-02,
         3.4418e-03, 1.3854e-04, 1.0102e-02, 6.4279e-03],
        [6.8373e-04, 3.9779e-03, 1.0562e-02, 1.0435e-02, 6.6849e-02, 8.3747e-06,
         9.9095e-04, 9.0377e-01, 1.2441e-03, 1.4746e-03],
        [9.8243e-04, 2.7427e-05, 7.7415e-05, 9.9876e-01, 2.9273e-05, 9.7230e-06,
         4.6982e-06, 1.0531e-05, 1.1618e-05, 8.2200e-05],
        [1.2439e-04, 3.0612e-02, 3.6200e-04, 9.4483e-01, 8.9377e-03, 5.0859e-04,
         1.5656e-03, 8.1757e-05, 2.8493e-04, 1.2694e-02],
        [1.4985e-03, 9.5662e-03, 7.7182e-05, 4.0892e-04, 1.4835e-04, 9.8803e-01,
         1.6384e-04, 1.9670e-05, 6.9135e-05, 1.4734e-05],
        [6.6193e-05, 2.7694e-05, 2.8364e-05, 5.0390e-05, 7.7871e-05, 3.9327e-05,
         1.6503e-03, 1.0755e-04, 8.0227e-06, 9.9794e-01],
        [9.8812e-01, 1.5490e-03, 5.9616e-04, 1.0617e-04, 4.4590e-04, 2.4764e-03,
         2.4163e-03, 2.3695e-03, 1.9073e-03, 1.2058e-05],
        [2.9001e-03, 1.6719e-03, 5.5301e-05, 1.7303e-06, 9.4067e-04, 3.0026e-04,
         9.3037e-04, 2.0010e-05, 6.7357e-05, 9.9311e-01],
        [8.6607e-03, 3.8940e-01, 6.3287e-03, 4.1527e-02, 1.6449e-02, 5.0720e-01,
         1.5156e-02, 1.2627e-02, 6.1297e-04, 2.0454e-03],
        [2.1372e-02, 3.8861e-05, 1.9004e-05, 1.7648e-04, 2.9219e-04, 3.3541e-05,
         1.2579e-02, 1.9198e-05, 1.9134e-05, 9.6545e-01],
        [1.8490e-06, 3.6586e-06, 1.0530e-06, 6.6821e-06, 4.6855e-06, 6.9718e-06,
         2.2133e-06, 9.3448e-05, 9.9988e-01, 2.3814e-06],
        [4.5226e-04, 1.1509e-03, 3.1627e-04, 5.0915e-02, 9.8557e-02, 4.3536e-02,
         2.3476e-01, 5.4660e-01, 9.5156e-03, 1.4198e-02],
        [1.2521e-04, 4.5827e-04, 4.3009e-04, 1.5146e-02, 3.4997e-04, 1.8839e-04,
         9.6834e-01, 1.4227e-02, 2.3387e-04, 4.9838e-04],
        [5.7239e-05, 5.0052e-06, 9.9936e-01, 1.2305e-04, 1.3061e-04, 4.4715e-05,
         4.9176e-05, 9.0882e-06, 1.0069e-05, 2.0788e-04],
        [1.3114e-05, 9.2982e-03, 2.3710e-04, 1.9560e-02, 2.9499e-06, 4.9085e-03,
         5.6135e-03, 4.6191e-05, 9.5787e-01, 2.4546e-03],
        [4.1194e-03, 3.1414e-05, 9.8181e-01, 9.0462e-04, 5.2606e-05, 2.7390e-03,
         8.9284e-03, 1.0492e-03, 1.2064e-04, 2.4266e-04],
        [3.7665e-03, 5.1340e-03, 1.0955e-01, 1.9436e-04, 6.8181e-02, 2.2576e-03,
         2.8616e-01, 5.1318e-01, 2.9189e-03, 8.6614e-03],
        [3.2911e-03, 4.8967e-03, 7.0998e-04, 1.5323e-04, 5.5462e-05, 4.2881e-04,
         1.8158e-03, 3.1918e-05, 9.8856e-01, 5.8174e-05],
        [2.5735e-03, 1.6327e-03, 1.2292e-03, 5.1393e-03, 3.9999e-04, 4.7777e-02,
         8.2563e-04, 2.2008e-03, 8.1283e-01, 1.2539e-01],
        [4.2458e-04, 2.4032e-03, 1.6334e-05, 4.3128e-03, 1.2509e-04, 2.7110e-03,
         4.2679e-04, 9.0725e-01, 4.1383e-05, 8.2290e-02],
        [1.0316e-04, 1.5861e-03, 1.5152e-04, 1.5551e-05, 6.2477e-04, 8.9285e-03,
         2.3615e-04, 8.6407e-06, 2.7392e-04, 9.8807e-01],
        [6.0341e-06, 9.9209e-01, 1.9058e-03, 4.9394e-05, 2.2743e-05, 7.3177e-04,
         1.5565e-03, 2.9179e-04, 3.3243e-03, 2.5945e-05]],
       device='cuda:0', grad_fn=<SoftmaxBackward>)
>> best accuracy: 97.41666666666666	best epoch: 0

>> final recovery rate: 60.87777777777777%
