noise type: uniform
noise level: 0.8
when_to_apply_epoch: 10
total clean data num: 10833
probability transition matrix:
[[0.2        0.08888889 0.08888889 0.08888889 0.08888889 0.08888889
  0.08888889 0.08888889 0.08888889 0.08888889]
 [0.08888889 0.2        0.08888889 0.08888889 0.08888889 0.08888889
  0.08888889 0.08888889 0.08888889 0.08888889]
 [0.08888889 0.08888889 0.2        0.08888889 0.08888889 0.08888889
  0.08888889 0.08888889 0.08888889 0.08888889]
 [0.08888889 0.08888889 0.08888889 0.2        0.08888889 0.08888889
  0.08888889 0.08888889 0.08888889 0.08888889]
 [0.08888889 0.08888889 0.08888889 0.08888889 0.2        0.08888889
  0.08888889 0.08888889 0.08888889 0.08888889]
 [0.08888889 0.08888889 0.08888889 0.08888889 0.08888889 0.2
  0.08888889 0.08888889 0.08888889 0.08888889]
 [0.08888889 0.08888889 0.08888889 0.08888889 0.08888889 0.08888889
  0.2        0.08888889 0.08888889 0.08888889]
 [0.08888889 0.08888889 0.08888889 0.08888889 0.08888889 0.08888889
  0.08888889 0.2        0.08888889 0.08888889]
 [0.08888889 0.08888889 0.08888889 0.08888889 0.08888889 0.08888889
  0.08888889 0.08888889 0.2        0.08888889]
 [0.08888889 0.08888889 0.08888889 0.08888889 0.08888889 0.08888889
  0.08888889 0.08888889 0.08888889 0.2       ]]
>> val epoch: 0
>> current accuracy: 61.38333333333333%
outputs: tensor([[0.1010, 0.1304, 0.1415, 0.1153, 0.0898, 0.0780, 0.0845, 0.0991, 0.0763,
         0.0843],
        [0.0732, 0.1117, 0.1473, 0.1022, 0.0726, 0.0650, 0.1594, 0.1083, 0.0893,
         0.0709],
        [0.0802, 0.1245, 0.1454, 0.1062, 0.1044, 0.0748, 0.0768, 0.1048, 0.0653,
         0.1176],
        [0.0835, 0.2487, 0.1195, 0.0968, 0.0718, 0.0451, 0.0684, 0.1197, 0.0897,
         0.0568],
        [0.1062, 0.0907, 0.1379, 0.1035, 0.0923, 0.0679, 0.0755, 0.1057, 0.0670,
         0.1533],
        [0.1013, 0.1171, 0.1218, 0.1084, 0.0793, 0.0658, 0.0860, 0.1670, 0.0636,
         0.0899],
        [0.0842, 0.1203, 0.1399, 0.1140, 0.0800, 0.0757, 0.1082, 0.1110, 0.0820,
         0.0847],
        [0.0796, 0.1743, 0.1316, 0.0945, 0.0746, 0.0530, 0.0662, 0.1141, 0.1475,
         0.0646],
        [0.0806, 0.2648, 0.1247, 0.0928, 0.0664, 0.0429, 0.0705, 0.1149, 0.0876,
         0.0547],
        [0.0842, 0.1224, 0.1260, 0.1399, 0.0802, 0.0919, 0.0766, 0.1011, 0.0924,
         0.0854],
        [0.0849, 0.1232, 0.1636, 0.0955, 0.0876, 0.0714, 0.1103, 0.0967, 0.0749,
         0.0918],
        [0.0907, 0.1479, 0.1175, 0.1220, 0.0947, 0.0641, 0.0716, 0.1160, 0.0799,
         0.0957],
        [0.0887, 0.1688, 0.1322, 0.1030, 0.0687, 0.0484, 0.0759, 0.1469, 0.0941,
         0.0731],
        [0.0794, 0.1087, 0.1551, 0.1268, 0.0857, 0.0779, 0.0987, 0.0970, 0.0848,
         0.0859],
        [0.0817, 0.2944, 0.1250, 0.0907, 0.0568, 0.0338, 0.0838, 0.0969, 0.0798,
         0.0572],
        [0.0835, 0.1198, 0.1400, 0.1069, 0.0871, 0.0581, 0.0674, 0.1199, 0.1530,
         0.0643],
        [0.1172, 0.1096, 0.1152, 0.1245, 0.0949, 0.0828, 0.0686, 0.1106, 0.0597,
         0.1169],
        [0.1010, 0.1310, 0.1238, 0.1486, 0.1176, 0.0701, 0.0690, 0.0948, 0.0620,
         0.0821],
        [0.0859, 0.1320, 0.1164, 0.1166, 0.0856, 0.0645, 0.0664, 0.1064, 0.1632,
         0.0631],
        [0.0779, 0.1920, 0.1357, 0.0929, 0.0693, 0.0566, 0.0750, 0.1130, 0.1246,
         0.0630],
        [0.0776, 0.0966, 0.2007, 0.1031, 0.0959, 0.0738, 0.0717, 0.1287, 0.0761,
         0.0758],
        [0.0820, 0.1304, 0.1335, 0.1251, 0.0883, 0.0701, 0.0593, 0.1121, 0.1396,
         0.0597],
        [0.0803, 0.2846, 0.1308, 0.0995, 0.0639, 0.0379, 0.0653, 0.0971, 0.0806,
         0.0601],
        [0.0874, 0.1186, 0.1436, 0.1258, 0.0997, 0.0604, 0.0678, 0.1398, 0.0792,
         0.0776],
        [0.0779, 0.2977, 0.1267, 0.0887, 0.0596, 0.0368, 0.0753, 0.1026, 0.0789,
         0.0559],
        [0.0786, 0.2881, 0.1284, 0.0890, 0.0596, 0.0365, 0.0805, 0.0989, 0.0834,
         0.0569],
        [0.0956, 0.1205, 0.1423, 0.1107, 0.1027, 0.0678, 0.0769, 0.1154, 0.0677,
         0.1003],
        [0.0832, 0.3005, 0.1238, 0.0882, 0.0557, 0.0349, 0.0832, 0.0966, 0.0760,
         0.0580],
        [0.0979, 0.0909, 0.1327, 0.0985, 0.0878, 0.0770, 0.0668, 0.1085, 0.0599,
         0.1799],
        [0.0768, 0.1327, 0.1466, 0.1150, 0.0905, 0.0614, 0.0777, 0.1311, 0.0793,
         0.0890],
        [0.0872, 0.1337, 0.1299, 0.1177, 0.1198, 0.0605, 0.0713, 0.1161, 0.0638,
         0.1001],
        [0.1141, 0.1203, 0.1439, 0.1002, 0.0874, 0.0567, 0.0900, 0.1149, 0.1008,
         0.0718],
        [0.0793, 0.1096, 0.2257, 0.1227, 0.1080, 0.0635, 0.0561, 0.0894, 0.0739,
         0.0718],
        [0.0937, 0.1262, 0.1605, 0.1202, 0.0842, 0.0572, 0.0667, 0.1177, 0.0964,
         0.0772],
        [0.0840, 0.1234, 0.1854, 0.1194, 0.0964, 0.0611, 0.0640, 0.1091, 0.0913,
         0.0658],
        [0.1002, 0.0993, 0.1226, 0.1325, 0.0851, 0.0812, 0.0655, 0.1019, 0.0661,
         0.1456],
        [0.0795, 0.0983, 0.2395, 0.1122, 0.1021, 0.0644, 0.0662, 0.0883, 0.0773,
         0.0721],
        [0.0876, 0.1293, 0.1013, 0.2131, 0.0807, 0.0815, 0.0564, 0.0933, 0.0893,
         0.0675],
        [0.1079, 0.1143, 0.0986, 0.2028, 0.0823, 0.0853, 0.0531, 0.0966, 0.0759,
         0.0832],
        [0.0867, 0.1558, 0.1251, 0.0951, 0.0731, 0.0581, 0.0706, 0.1181, 0.1494,
         0.0680],
        [0.0761, 0.1045, 0.1729, 0.1004, 0.0847, 0.0752, 0.1159, 0.1014, 0.0945,
         0.0745],
        [0.0829, 0.2547, 0.1218, 0.0942, 0.0697, 0.0434, 0.0691, 0.1224, 0.0851,
         0.0567],
        [0.0782, 0.1049, 0.2255, 0.1067, 0.0905, 0.0622, 0.0664, 0.1041, 0.0907,
         0.0707],
        [0.0798, 0.1130, 0.1841, 0.1330, 0.1047, 0.0649, 0.0665, 0.1058, 0.0765,
         0.0717],
        [0.0784, 0.2268, 0.1290, 0.0977, 0.0746, 0.0496, 0.0737, 0.1106, 0.1003,
         0.0593],
        [0.1000, 0.1292, 0.1341, 0.1210, 0.0849, 0.0606, 0.1073, 0.1076, 0.0758,
         0.0795],
        [0.0719, 0.1264, 0.1522, 0.1038, 0.0728, 0.0664, 0.1398, 0.1089, 0.0964,
         0.0614],
        [0.0926, 0.1171, 0.1259, 0.1337, 0.1398, 0.0646, 0.0700, 0.0968, 0.0648,
         0.0946]], device='cuda:0', grad_fn=<SoftmaxBackward>)
>> best accuracy: 61.38333333333333	best epoch: 0

>> final recovery rate: 20.06111111111111%
>> val epoch: 5
>> current accuracy: 82.86666666666666%
outputs: tensor([[0.0983, 0.1193, 0.1227, 0.0712, 0.0779, 0.0883, 0.0945, 0.1221, 0.1213,
         0.0845],
        [0.0850, 0.0545, 0.2590, 0.0784, 0.0819, 0.0941, 0.0776, 0.0827, 0.1094,
         0.0774],
        [0.0808, 0.0663, 0.1418, 0.0857, 0.0903, 0.0892, 0.0783, 0.1744, 0.1210,
         0.0721],
        [0.0863, 0.0661, 0.1476, 0.0733, 0.0790, 0.1087, 0.1522, 0.0792, 0.1173,
         0.0904],
        [0.0822, 0.0561, 0.1262, 0.0675, 0.0599, 0.0931, 0.0820, 0.1059, 0.2534,
         0.0736],
        [0.0801, 0.0708, 0.1566, 0.1161, 0.0763, 0.0965, 0.0834, 0.1140, 0.1270,
         0.0790],
        [0.0811, 0.0682, 0.1329, 0.0871, 0.0891, 0.0895, 0.0783, 0.1860, 0.1196,
         0.0682],
        [0.0777, 0.0626, 0.1226, 0.0718, 0.0634, 0.1224, 0.0842, 0.0869, 0.2302,
         0.0782],
        [0.0765, 0.0521, 0.2419, 0.0890, 0.0852, 0.0982, 0.0758, 0.0820, 0.1315,
         0.0678],
        [0.0836, 0.0656, 0.1236, 0.0803, 0.0640, 0.1156, 0.1501, 0.0982, 0.1308,
         0.0882],
        [0.1008, 0.0583, 0.1415, 0.0890, 0.0661, 0.1125, 0.0875, 0.1064, 0.1614,
         0.0766],
        [0.1126, 0.0692, 0.1173, 0.0730, 0.0764, 0.0881, 0.0792, 0.0826, 0.1132,
         0.1884],
        [0.0806, 0.0758, 0.1339, 0.0805, 0.1438, 0.1085, 0.0840, 0.0840, 0.1168,
         0.0922],
        [0.2204, 0.0699, 0.1148, 0.0795, 0.0661, 0.0783, 0.0733, 0.0882, 0.1226,
         0.0870],
        [0.1981, 0.0585, 0.1250, 0.0826, 0.0614, 0.0957, 0.0696, 0.0997, 0.1285,
         0.0808],
        [0.0749, 0.0684, 0.1335, 0.0747, 0.0615, 0.1143, 0.1544, 0.1000, 0.1377,
         0.0807],
        [0.0899, 0.0490, 0.2411, 0.0866, 0.0777, 0.0876, 0.0800, 0.0970, 0.1170,
         0.0740],
        [0.0828, 0.0589, 0.1369, 0.0732, 0.0580, 0.1037, 0.0844, 0.0924, 0.2278,
         0.0819],
        [0.0755, 0.0772, 0.1297, 0.0805, 0.0929, 0.1060, 0.0786, 0.1022, 0.1458,
         0.1116],
        [0.0782, 0.0642, 0.1243, 0.0888, 0.0661, 0.1108, 0.1459, 0.0979, 0.1406,
         0.0833],
        [0.0797, 0.0733, 0.1317, 0.0818, 0.0861, 0.1205, 0.0814, 0.1677, 0.1133,
         0.0646],
        [0.0795, 0.0612, 0.1266, 0.0683, 0.0588, 0.0965, 0.0848, 0.1107, 0.2425,
         0.0711],
        [0.0817, 0.0635, 0.1631, 0.0654, 0.0724, 0.1198, 0.1591, 0.0824, 0.1228,
         0.0696],
        [0.0755, 0.0693, 0.2265, 0.0772, 0.0903, 0.1168, 0.0982, 0.0747, 0.1000,
         0.0715],
        [0.0863, 0.0608, 0.1328, 0.0694, 0.1684, 0.1027, 0.0809, 0.1013, 0.1204,
         0.0770],
        [0.0775, 0.0622, 0.1094, 0.0904, 0.0832, 0.2477, 0.0607, 0.0718, 0.1150,
         0.0822],
        [0.0903, 0.0725, 0.1190, 0.0773, 0.0692, 0.0969, 0.0726, 0.0992, 0.2327,
         0.0702],
        [0.2072, 0.0610, 0.1188, 0.0920, 0.0648, 0.0870, 0.0696, 0.1000, 0.1167,
         0.0830],
        [0.0921, 0.0694, 0.1252, 0.1697, 0.0718, 0.1150, 0.0673, 0.0950, 0.1205,
         0.0740],
        [0.0783, 0.0648, 0.1442, 0.0760, 0.0618, 0.1020, 0.0865, 0.0871, 0.2235,
         0.0757],
        [0.0780, 0.0720, 0.1325, 0.0746, 0.0811, 0.1160, 0.0812, 0.1783, 0.1183,
         0.0679],
        [0.1246, 0.0690, 0.1080, 0.0701, 0.0729, 0.0798, 0.0784, 0.0780, 0.1161,
         0.2031],
        [0.0924, 0.0501, 0.2545, 0.0806, 0.0787, 0.0961, 0.0755, 0.0805, 0.1188,
         0.0728],
        [0.0822, 0.0793, 0.1383, 0.0752, 0.0828, 0.1109, 0.1060, 0.1089, 0.1461,
         0.0703],
        [0.1707, 0.0552, 0.1138, 0.0897, 0.0657, 0.0978, 0.0726, 0.1112, 0.1316,
         0.0918],
        [0.0822, 0.0737, 0.1400, 0.1026, 0.1259, 0.0734, 0.0763, 0.1080, 0.1372,
         0.0807],
        [0.0945, 0.0520, 0.2007, 0.0992, 0.0702, 0.0943, 0.0694, 0.0927, 0.1651,
         0.0618],
        [0.1013, 0.1316, 0.1201, 0.0776, 0.0871, 0.1030, 0.0922, 0.0883, 0.1154,
         0.0834],
        [0.0773, 0.0682, 0.1239, 0.0726, 0.0764, 0.2344, 0.0685, 0.0831, 0.1145,
         0.0812],
        [0.0720, 0.0798, 0.1384, 0.0819, 0.0924, 0.1027, 0.0810, 0.1628, 0.1205,
         0.0685],
        [0.0878, 0.0620, 0.1451, 0.0843, 0.0679, 0.0938, 0.0831, 0.1885, 0.1244,
         0.0631],
        [0.0879, 0.0670, 0.1336, 0.0708, 0.1519, 0.1022, 0.0847, 0.0954, 0.1177,
         0.0888],
        [0.0743, 0.0732, 0.1333, 0.0842, 0.0985, 0.2181, 0.0594, 0.0805, 0.1057,
         0.0728],
        [0.0910, 0.0643, 0.1401, 0.0772, 0.0695, 0.0941, 0.0808, 0.1732, 0.1345,
         0.0752],
        [0.0753, 0.0574, 0.1381, 0.0768, 0.0776, 0.2484, 0.0648, 0.0678, 0.1093,
         0.0845],
        [0.2036, 0.0570, 0.1136, 0.0788, 0.0640, 0.0929, 0.0786, 0.0934, 0.1216,
         0.0967],
        [0.0909, 0.0616, 0.1269, 0.1202, 0.0680, 0.0885, 0.0844, 0.1075, 0.1744,
         0.0775],
        [0.0903, 0.0941, 0.1456, 0.0932, 0.0938, 0.0882, 0.0852, 0.0958, 0.1231,
         0.0907]], device='cuda:0', grad_fn=<SoftmaxBackward>)
>> best accuracy: 82.86666666666666	best epoch: 5

>> final recovery rate: 20.06111111111111%
>> val epoch: 10
>> current accuracy: 67.91666666666667%
outputs: tensor([[0.1911, 0.0597, 0.1087, 0.0517, 0.0770, 0.1213, 0.2074, 0.0426, 0.0410,
         0.0996],
        [0.1037, 0.0698, 0.1021, 0.0902, 0.1715, 0.1186, 0.0753, 0.0838, 0.1026,
         0.0823],
        [0.1578, 0.1065, 0.1415, 0.0658, 0.0564, 0.1350, 0.0989, 0.0840, 0.0624,
         0.0916],
        [0.1330, 0.1214, 0.2058, 0.1273, 0.0746, 0.0706, 0.0540, 0.0703, 0.0649,
         0.0782],
        [0.0850, 0.0851, 0.0970, 0.0923, 0.0918, 0.1092, 0.0723, 0.0763, 0.0878,
         0.2032],
        [0.0837, 0.0583, 0.0456, 0.2134, 0.1121, 0.0950, 0.0729, 0.0823, 0.0641,
         0.1727],
        [0.0742, 0.0597, 0.0598, 0.0911, 0.1678, 0.1345, 0.1192, 0.0787, 0.0777,
         0.1373],
        [0.1001, 0.0899, 0.0882, 0.0798, 0.0624, 0.1388, 0.1854, 0.0743, 0.0530,
         0.1280],
        [0.0651, 0.0617, 0.0944, 0.0792, 0.1162, 0.1164, 0.0714, 0.1741, 0.0987,
         0.1227],
        [0.1074, 0.0595, 0.0467, 0.2962, 0.0850, 0.0888, 0.0497, 0.0698, 0.0588,
         0.1381],
        [0.0909, 0.0915, 0.1842, 0.0692, 0.0821, 0.1396, 0.0512, 0.0723, 0.0674,
         0.1516],
        [0.0892, 0.0806, 0.0962, 0.0761, 0.0908, 0.1287, 0.0862, 0.1725, 0.0767,
         0.1030],
        [0.0642, 0.0947, 0.0538, 0.0957, 0.1004, 0.0861, 0.0840, 0.0512, 0.2128,
         0.1572],
        [0.0826, 0.0969, 0.0792, 0.1093, 0.0966, 0.0682, 0.0976, 0.0719, 0.1865,
         0.1111],
        [0.0963, 0.0941, 0.1166, 0.1328, 0.0816, 0.0781, 0.0775, 0.0695, 0.0660,
         0.1875],
        [0.0382, 0.1007, 0.1206, 0.0668, 0.0686, 0.3267, 0.0567, 0.0607, 0.0785,
         0.0824],
        [0.1098, 0.2077, 0.0892, 0.0710, 0.0803, 0.1091, 0.0875, 0.0854, 0.0661,
         0.0937],
        [0.1218, 0.0695, 0.0584, 0.1723, 0.1208, 0.1317, 0.0895, 0.0613, 0.0473,
         0.1274],
        [0.1084, 0.0662, 0.1582, 0.0632, 0.1875, 0.0658, 0.0848, 0.0803, 0.0668,
         0.1190],
        [0.1355, 0.0793, 0.0719, 0.0882, 0.1020, 0.1161, 0.0750, 0.1657, 0.0594,
         0.1069],
        [0.0878, 0.0558, 0.0863, 0.0549, 0.0974, 0.1116, 0.0591, 0.0763, 0.0532,
         0.3176],
        [0.1113, 0.0632, 0.1130, 0.0903, 0.1347, 0.1175, 0.1029, 0.0824, 0.0503,
         0.1344],
        [0.0991, 0.0834, 0.2543, 0.0683, 0.0850, 0.1353, 0.0467, 0.0502, 0.0632,
         0.1144],
        [0.0939, 0.0735, 0.0928, 0.1009, 0.0785, 0.2336, 0.0604, 0.0803, 0.0695,
         0.1166],
        [0.1794, 0.0809, 0.1393, 0.0545, 0.0662, 0.1042, 0.0766, 0.0875, 0.0644,
         0.1470],
        [0.1180, 0.1859, 0.0943, 0.0865, 0.0763, 0.1034, 0.0923, 0.0825, 0.0604,
         0.1005],
        [0.0761, 0.0721, 0.0864, 0.0943, 0.1163, 0.1317, 0.0895, 0.0851, 0.1567,
         0.0918],
        [0.1131, 0.1228, 0.1238, 0.0847, 0.0824, 0.1091, 0.1107, 0.0867, 0.0674,
         0.0992],
        [0.2299, 0.0461, 0.0478, 0.0724, 0.0527, 0.0932, 0.0901, 0.0520, 0.0490,
         0.2668],
        [0.0942, 0.0884, 0.1682, 0.1150, 0.0754, 0.1662, 0.0525, 0.0764, 0.0506,
         0.1131],
        [0.0950, 0.0581, 0.1050, 0.0753, 0.0961, 0.2133, 0.1138, 0.0762, 0.0496,
         0.1176],
        [0.0439, 0.0499, 0.0924, 0.0500, 0.0789, 0.2957, 0.0865, 0.0732, 0.0520,
         0.1775],
        [0.1200, 0.0432, 0.0631, 0.0767, 0.2164, 0.0696, 0.0915, 0.0692, 0.0653,
         0.1850],
        [0.0662, 0.0858, 0.0352, 0.1755, 0.0755, 0.2270, 0.0706, 0.0650, 0.0879,
         0.1112],
        [0.1027, 0.0931, 0.0654, 0.0796, 0.1423, 0.1059, 0.0886, 0.1198, 0.0821,
         0.1205],
        [0.0884, 0.0621, 0.0505, 0.0944, 0.1205, 0.1146, 0.2104, 0.0682, 0.0568,
         0.1340],
        [0.0840, 0.0777, 0.1658, 0.1069, 0.0900, 0.1845, 0.0527, 0.0583, 0.0802,
         0.0999],
        [0.1064, 0.0623, 0.0412, 0.1756, 0.0773, 0.1089, 0.1120, 0.0990, 0.0757,
         0.1416],
        [0.0801, 0.1003, 0.1135, 0.0770, 0.0808, 0.1359, 0.0672, 0.1774, 0.0630,
         0.1048],
        [0.0488, 0.0488, 0.1160, 0.0791, 0.0977, 0.2601, 0.0721, 0.0446, 0.0541,
         0.1788],
        [0.0519, 0.0536, 0.0344, 0.0587, 0.0772, 0.4468, 0.0743, 0.0626, 0.0554,
         0.0851],
        [0.1016, 0.1058, 0.0430, 0.1708, 0.1024, 0.1042, 0.0792, 0.0918, 0.0408,
         0.1604],
        [0.0980, 0.0891, 0.1210, 0.0963, 0.0782, 0.0966, 0.0738, 0.0839, 0.0659,
         0.1971],
        [0.0815, 0.0983, 0.1164, 0.0918, 0.0767, 0.2060, 0.0823, 0.0867, 0.0390,
         0.1213],
        [0.0744, 0.0762, 0.0921, 0.0830, 0.1790, 0.1109, 0.0953, 0.1112, 0.0635,
         0.1143],
        [0.0949, 0.1394, 0.0704, 0.0976, 0.0972, 0.1128, 0.1115, 0.0738, 0.0861,
         0.1164],
        [0.1101, 0.0518, 0.0662, 0.0578, 0.0865, 0.0821, 0.0784, 0.0559, 0.0547,
         0.3564],
        [0.0680, 0.1033, 0.0668, 0.1011, 0.1146, 0.1061, 0.0810, 0.0804, 0.1655,
         0.1132]], device='cuda:0', grad_fn=<SoftmaxBackward>)
>> best accuracy: 82.86666666666666	best epoch: 5

>> final recovery rate: 20.06111111111111%
>> val epoch: 15
>> current accuracy: 27.666666666666668%
outputs: tensor([[1.2474e-01, 2.2077e-01, 3.6493e-02, 3.5495e-02, 1.7851e-01, 1.4978e-02,
         1.2804e-01, 9.5201e-02, 4.6828e-02, 1.1895e-01],
        [5.2288e-01, 6.8097e-02, 1.5688e-02, 1.6373e-02, 6.9353e-03, 5.7792e-02,
         2.8322e-02, 2.7405e-02, 2.1904e-02, 2.3460e-01],
        [1.3785e-02, 1.8501e-01, 1.3075e-02, 5.4429e-02, 1.3040e-01, 2.5681e-02,
         7.2657e-02, 2.1047e-02, 2.3215e-01, 2.5177e-01],
        [1.0500e-01, 2.6339e-01, 4.5956e-02, 3.7563e-02, 3.7821e-02, 1.0388e-01,
         2.3658e-02, 2.5820e-02, 3.3070e-01, 2.6202e-02],
        [9.1766e-02, 5.4712e-02, 5.4100e-01, 9.3432e-03, 3.0996e-02, 1.0533e-01,
         6.5568e-03, 1.3874e-01, 5.1390e-03, 1.6426e-02],
        [2.6717e-02, 5.0951e-01, 5.3521e-02, 1.2098e-02, 4.1797e-02, 3.2011e-02,
         3.5351e-02, 7.0942e-02, 6.8012e-02, 1.5004e-01],
        [5.2675e-02, 2.0327e-02, 5.4288e-02, 3.3144e-02, 3.8578e-02, 5.5858e-02,
         4.8098e-01, 3.4263e-02, 8.0602e-02, 1.4928e-01],
        [1.6409e-02, 7.3857e-02, 1.7496e-01, 2.3381e-01, 1.0901e-01, 1.3412e-01,
         1.5348e-01, 2.9327e-02, 3.2106e-02, 4.2920e-02],
        [8.0721e-03, 2.3497e-01, 8.4069e-02, 2.1413e-01, 3.3987e-02, 1.5619e-01,
         4.0802e-02, 2.9599e-02, 1.1843e-01, 7.9754e-02],
        [1.5535e-03, 1.8305e-04, 5.3526e-02, 2.6987e-03, 3.1730e-03, 5.1378e-03,
         9.2510e-01, 2.2916e-03, 2.8192e-03, 3.5149e-03],
        [1.7900e-01, 5.3175e-02, 8.1581e-02, 2.9882e-02, 8.6358e-02, 1.1751e-01,
         3.0013e-02, 8.8138e-02, 1.6040e-01, 1.7394e-01],
        [1.9324e-02, 8.3810e-02, 1.2355e-02, 2.3300e-02, 2.8432e-01, 3.4403e-02,
         8.9371e-02, 2.5166e-01, 8.7282e-02, 1.1417e-01],
        [2.3002e-01, 1.5490e-02, 1.7760e-01, 2.7367e-02, 1.3956e-02, 2.4120e-01,
         3.1998e-02, 1.0245e-01, 1.3307e-02, 1.4661e-01],
        [2.8515e-02, 3.5642e-02, 7.1218e-02, 1.5900e-01, 1.3577e-01, 2.8818e-01,
         6.2119e-02, 2.6834e-02, 9.8556e-02, 9.4171e-02],
        [4.9219e-01, 3.4433e-02, 1.1198e-02, 2.2273e-02, 3.4968e-02, 1.2080e-01,
         1.1273e-01, 1.4372e-02, 5.5779e-02, 1.0127e-01],
        [3.4850e-02, 3.9591e-02, 2.8873e-02, 5.6994e-02, 3.7493e-02, 1.5867e-01,
         3.2529e-01, 2.2022e-01, 3.2211e-02, 6.5808e-02],
        [9.2243e-03, 7.0492e-03, 3.8053e-03, 1.1803e-02, 9.3119e-01, 2.5293e-03,
         1.0495e-02, 4.9236e-03, 1.2267e-02, 6.7133e-03],
        [7.7391e-02, 3.9615e-01, 4.1911e-02, 1.5900e-02, 7.9265e-02, 7.8115e-02,
         6.5118e-02, 9.7344e-02, 2.9102e-02, 1.1970e-01],
        [1.0521e-01, 5.7926e-02, 2.5728e-02, 2.8727e-02, 3.4350e-01, 1.6293e-01,
         3.8258e-02, 4.7638e-02, 1.6601e-01, 2.4072e-02],
        [5.2126e-02, 2.4149e-01, 3.7840e-02, 6.3084e-02, 4.7212e-02, 1.7709e-02,
         2.4042e-01, 7.3654e-02, 1.9237e-02, 2.0723e-01],
        [3.0972e-02, 4.6834e-01, 4.2143e-02, 1.2934e-01, 6.7470e-03, 6.0508e-02,
         1.0083e-01, 1.1046e-01, 4.1055e-02, 9.6160e-03],
        [2.0277e-01, 5.8302e-02, 2.9202e-01, 4.9491e-02, 8.6315e-02, 4.6038e-02,
         7.3544e-02, 8.2412e-02, 2.1596e-02, 8.7506e-02],
        [5.0707e-02, 3.4131e-01, 1.0248e-02, 3.8575e-02, 5.3331e-02, 8.4878e-03,
         3.4334e-02, 3.1913e-01, 3.7687e-02, 1.0620e-01],
        [6.1444e-01, 5.3718e-03, 4.4364e-02, 5.0287e-03, 9.5017e-02, 4.8347e-02,
         1.4809e-02, 2.1603e-02, 3.2407e-02, 1.1861e-01],
        [6.1969e-02, 8.3648e-02, 1.7964e-01, 7.8262e-02, 1.4718e-01, 5.0435e-02,
         2.1003e-01, 2.7878e-02, 8.3869e-02, 7.7092e-02],
        [1.4967e-03, 5.3804e-02, 5.6442e-02, 5.1922e-01, 3.4505e-02, 2.8794e-02,
         2.9561e-02, 2.1287e-01, 5.9608e-02, 3.6994e-03],
        [2.1217e-01, 6.3720e-02, 4.7852e-01, 6.4462e-02, 2.1513e-02, 8.3142e-02,
         2.0323e-02, 2.9834e-02, 1.7758e-02, 8.5529e-03],
        [8.4441e-02, 1.0837e-01, 3.0460e-02, 6.8575e-02, 1.8238e-01, 1.8847e-02,
         3.4706e-01, 4.4220e-02, 7.8201e-02, 3.7454e-02],
        [5.5651e-02, 1.1839e-01, 4.9085e-02, 2.1338e-01, 1.2943e-01, 1.8259e-02,
         1.1943e-01, 5.5872e-02, 1.7302e-01, 6.7484e-02],
        [8.3774e-03, 6.8341e-02, 2.3155e-02, 6.9018e-02, 4.1937e-01, 1.9170e-02,
         9.6334e-02, 1.1733e-01, 1.6567e-01, 1.3244e-02],
        [4.8370e-02, 4.7540e-02, 1.3460e-02, 1.0908e-01, 2.4379e-02, 2.1672e-02,
         4.3082e-02, 3.8498e-01, 2.7845e-01, 2.8982e-02],
        [2.5053e-02, 1.6863e-03, 7.3660e-01, 2.2521e-02, 6.4494e-02, 6.5097e-02,
         2.1781e-02, 1.0184e-02, 5.8795e-03, 4.6701e-02],
        [1.9267e-02, 2.7632e-01, 7.1560e-02, 4.8614e-02, 1.1765e-01, 6.5400e-02,
         6.7135e-02, 1.0064e-01, 1.5903e-01, 7.4384e-02],
        [5.6055e-02, 1.0988e-01, 9.2436e-02, 6.6921e-02, 3.2621e-02, 9.5196e-02,
         1.2303e-01, 4.8259e-02, 1.6573e-01, 2.0988e-01],
        [1.6224e-02, 8.3862e-02, 2.2112e-01, 8.1220e-02, 1.0413e-01, 1.4180e-02,
         2.3310e-01, 1.1876e-01, 7.1054e-02, 5.6350e-02],
        [1.6006e-01, 6.9727e-02, 6.7431e-02, 3.1395e-02, 5.7378e-02, 5.4601e-02,
         8.4422e-02, 5.5980e-02, 6.4635e-02, 3.5438e-01],
        [1.4579e-02, 8.0085e-03, 3.4638e-02, 1.6711e-03, 1.2881e-01, 2.0902e-01,
         1.1028e-01, 2.0165e-01, 4.3814e-02, 2.4753e-01],
        [2.0476e-02, 4.6118e-02, 8.0267e-02, 2.2223e-01, 8.9180e-02, 1.5032e-01,
         4.5721e-02, 5.5625e-02, 2.7334e-01, 1.6725e-02],
        [4.7233e-02, 1.1636e-02, 1.5702e-01, 1.2624e-01, 3.1338e-01, 8.6131e-02,
         2.1806e-02, 3.6378e-02, 7.8564e-02, 1.2161e-01],
        [2.0860e-01, 2.6292e-02, 3.6964e-02, 6.6697e-02, 8.8623e-02, 4.3352e-02,
         2.5479e-02, 1.6197e-01, 2.6029e-01, 8.1733e-02],
        [1.1160e-01, 4.9324e-02, 2.5894e-02, 1.6529e-01, 1.5479e-01, 1.7121e-01,
         1.0733e-01, 2.4061e-02, 5.1029e-02, 1.3948e-01],
        [4.2273e-02, 5.2955e-02, 4.5300e-02, 1.5579e-01, 2.9875e-02, 5.3816e-02,
         1.6909e-01, 8.2205e-02, 2.2302e-01, 1.4568e-01],
        [5.7243e-04, 7.4391e-02, 4.2961e-02, 4.4457e-02, 4.9964e-02, 3.1118e-01,
         1.6934e-02, 6.7683e-02, 3.1255e-01, 7.9310e-02],
        [6.6884e-02, 2.8728e-02, 3.2158e-01, 2.3184e-03, 3.2061e-02, 1.0775e-01,
         2.9804e-02, 9.4424e-03, 2.0441e-02, 3.8099e-01],
        [4.4293e-03, 2.7618e-02, 5.8149e-01, 5.8928e-03, 8.2003e-02, 9.9089e-03,
         1.8442e-01, 8.4591e-03, 4.2167e-02, 5.3613e-02],
        [4.0613e-02, 7.5274e-02, 3.7951e-02, 6.1219e-02, 9.4110e-02, 1.1323e-01,
         1.2564e-01, 3.1260e-01, 7.5803e-02, 6.3573e-02],
        [2.7817e-01, 3.4020e-02, 2.1257e-02, 1.5849e-01, 6.7689e-02, 1.1630e-01,
         8.6044e-02, 1.1929e-01, 7.9858e-02, 3.8888e-02],
        [4.7275e-02, 1.8704e-01, 2.5238e-01, 3.0261e-02, 1.7154e-01, 1.3808e-01,
         5.7603e-02, 8.8794e-03, 5.0483e-02, 5.6450e-02]], device='cuda:0',
       grad_fn=<SoftmaxBackward>)
>> best accuracy: 82.86666666666666	best epoch: 5

>> final recovery rate: 63.06111111111111%
>> val epoch: 20
>> current accuracy: 75.76666666666667%
outputs: tensor([[9.9060e-05, 2.7073e-05, 9.6658e-01, 5.1711e-06, 2.1715e-04, 1.8428e-03,
         2.7139e-05, 4.0606e-05, 3.1120e-02, 3.7830e-05],
        [1.2376e-03, 4.9832e-04, 6.0381e-03, 1.4732e-04, 8.6725e-01, 4.8599e-02,
         2.7022e-03, 5.3456e-03, 4.2710e-02, 2.5476e-02],
        [4.8286e-05, 6.4249e-03, 3.1982e-03, 5.2242e-05, 1.2498e-04, 1.3769e-05,
         1.4602e-05, 9.8984e-01, 1.5123e-04, 1.3133e-04],
        [2.5155e-04, 2.3968e-02, 2.6898e-02, 1.0114e-03, 1.4102e-02, 3.0994e-03,
         1.0698e-03, 8.8471e-01, 4.4460e-02, 4.2660e-04],
        [2.0924e-05, 1.1343e-04, 1.3432e-05, 1.8643e-05, 1.8062e-06, 2.3265e-04,
         4.6154e-07, 6.5480e-06, 9.9896e-01, 6.3456e-04],
        [1.7041e-07, 4.8069e-06, 2.2102e-05, 2.0331e-05, 1.7514e-04, 1.6437e-03,
         9.0193e-05, 2.3360e-04, 9.9779e-01, 1.9511e-05],
        [1.2808e-06, 2.0579e-05, 1.5919e-04, 1.9110e-06, 8.0971e-06, 9.1034e-05,
         1.0321e-06, 5.5348e-05, 5.4732e-05, 9.9961e-01],
        [9.9912e-01, 1.8427e-05, 7.1528e-05, 3.1369e-07, 2.1950e-05, 4.3513e-04,
         5.4536e-06, 2.6687e-04, 3.8760e-07, 5.6034e-05],
        [5.9013e-05, 9.9526e-01, 3.9530e-05, 1.3721e-05, 2.3133e-04, 7.1200e-04,
         2.3014e-04, 1.0956e-04, 3.3149e-03, 3.2140e-05],
        [3.7264e-01, 6.5648e-03, 8.5901e-03, 3.2578e-02, 2.2508e-02, 2.1698e-02,
         5.2830e-01, 6.1041e-03, 6.1618e-05, 9.6220e-04],
        [1.5828e-06, 1.4737e-07, 4.5143e-04, 7.3853e-05, 9.9842e-01, 8.4069e-06,
         3.5049e-04, 6.8676e-04, 1.5343e-06, 1.1071e-06],
        [1.5095e-05, 5.2960e-03, 1.5720e-03, 3.8051e-01, 3.2287e-04, 1.0009e-04,
         1.8697e-05, 6.1216e-01, 4.8536e-06, 2.8323e-06],
        [9.8750e-01, 2.3393e-03, 2.5154e-05, 1.9215e-05, 5.9112e-06, 3.6858e-03,
         5.7333e-04, 2.9438e-03, 2.9656e-04, 2.6116e-03],
        [4.1055e-04, 1.0519e-05, 2.2882e-02, 7.1705e-04, 7.8954e-06, 1.1106e-03,
         9.7482e-01, 7.9448e-07, 1.2161e-05, 2.5779e-05],
        [5.9118e-04, 1.4710e-04, 3.3941e-05, 8.3031e-06, 6.7415e-05, 7.2791e-05,
         9.9849e-01, 2.3610e-06, 3.2865e-05, 5.5439e-04],
        [6.3763e-06, 2.1708e-05, 1.0101e-03, 1.7906e-01, 1.4938e-02, 8.0273e-01,
         1.8057e-03, 2.5987e-06, 1.3064e-04, 2.9559e-04],
        [1.0945e-05, 1.0938e-04, 3.8306e-05, 6.8147e-04, 9.9822e-01, 1.6612e-06,
         8.9618e-07, 1.4790e-06, 8.9905e-04, 3.9149e-05],
        [1.6919e-07, 7.7010e-03, 1.3298e-04, 9.8569e-01, 3.3471e-04, 5.9941e-03,
         3.8548e-07, 1.8455e-06, 1.4681e-04, 1.7126e-08],
        [5.4587e-04, 8.3721e-04, 4.2573e-01, 6.4666e-04, 6.8691e-02, 2.4429e-01,
         3.3635e-03, 6.7980e-04, 1.4378e-01, 1.1143e-01],
        [2.4767e-03, 1.8409e-04, 2.0384e-04, 4.1795e-04, 1.7076e-01, 4.4299e-04,
         1.1694e-03, 2.1641e-04, 3.5405e-05, 8.2410e-01],
        [1.8759e-03, 9.9737e-01, 9.5627e-06, 3.1882e-05, 8.8803e-05, 1.5419e-04,
         3.9479e-04, 2.8703e-06, 5.9829e-06, 6.5593e-05],
        [9.9719e-01, 7.2969e-04, 1.1429e-03, 2.3639e-05, 5.8158e-04, 1.4918e-05,
         4.2638e-06, 5.8060e-06, 2.9859e-04, 9.6063e-06],
        [1.7163e-02, 1.2794e-03, 9.7712e-01, 1.2148e-03, 2.4697e-05, 2.2823e-03,
         8.3859e-05, 9.0614e-06, 5.1442e-05, 7.7408e-04],
        [9.9172e-01, 1.2410e-05, 2.4185e-05, 1.7221e-05, 4.0150e-05, 7.0073e-03,
         7.3733e-04, 4.0783e-04, 2.0730e-05, 9.4077e-06],
        [1.5143e-07, 9.2582e-07, 3.1844e-05, 4.1028e-07, 9.9990e-01, 1.2446e-05,
         1.1593e-06, 1.0058e-06, 4.1779e-05, 1.0107e-05],
        [1.4856e-02, 8.5250e-01, 8.8989e-02, 1.4696e-02, 1.2318e-03, 9.6793e-05,
         1.0078e-04, 6.8641e-03, 1.6852e-02, 3.8172e-03],
        [3.0173e-05, 2.6160e-05, 9.9945e-01, 3.9338e-05, 3.5511e-06, 4.3750e-06,
         2.1669e-05, 5.3353e-06, 4.0521e-04, 1.4763e-05],
        [4.1590e-05, 7.6403e-09, 9.9463e-01, 4.1944e-03, 2.6324e-06, 7.2724e-08,
         1.0543e-03, 1.5229e-05, 6.1011e-05, 1.7211e-06],
        [1.2460e-04, 1.2723e-05, 2.8161e-03, 2.5075e-03, 8.5138e-03, 6.7242e-04,
         7.1180e-04, 9.6789e-01, 1.6529e-02, 2.2100e-04],
        [6.8064e-03, 7.5467e-04, 2.2921e-06, 1.2410e-03, 5.6033e-03, 5.4794e-04,
         8.6497e-01, 2.7942e-04, 6.5672e-05, 1.1973e-01],
        [3.6621e-05, 1.3760e-03, 8.9009e-05, 1.3695e-02, 8.7706e-03, 5.1373e-03,
         4.9577e-05, 1.1584e-01, 8.5489e-01, 1.1511e-04],
        [3.3146e-04, 1.0268e-06, 1.1268e-04, 2.3097e-03, 1.4065e-04, 2.8354e-04,
         6.1168e-02, 9.2260e-01, 1.2539e-05, 1.3036e-02],
        [9.8764e-05, 1.8956e-04, 5.0231e-03, 1.1667e-04, 7.5537e-04, 2.3229e-03,
         6.8763e-05, 4.8359e-04, 1.0066e-04, 9.9084e-01],
        [3.4404e-03, 1.9749e-04, 2.4936e-03, 8.5444e-03, 2.5660e-05, 1.4352e-05,
         4.1573e-06, 1.7662e-05, 9.8468e-01, 5.8455e-04],
        [5.9204e-04, 1.6761e-03, 4.6368e-04, 1.0810e-03, 6.7809e-04, 6.1410e-03,
         6.0101e-05, 1.0854e-02, 5.7675e-03, 9.7269e-01],
        [1.1412e-03, 1.8711e-02, 2.0331e-02, 9.4762e-01, 2.2307e-04, 1.2290e-03,
         8.3377e-05, 6.4468e-05, 7.6641e-06, 1.0589e-02],
        [5.2009e-06, 5.1693e-06, 2.3883e-06, 3.3939e-05, 2.2832e-06, 9.8100e-06,
         8.6115e-05, 4.0503e-03, 3.7227e-04, 9.9543e-01],
        [4.3167e-06, 5.8779e-05, 1.7515e-07, 9.8744e-01, 7.5235e-03, 2.3069e-04,
         2.4103e-06, 1.7389e-05, 4.1871e-04, 4.3016e-03],
        [9.9110e-01, 3.8010e-05, 9.1722e-04, 2.9261e-05, 1.3523e-05, 2.8815e-04,
         7.2202e-03, 3.0875e-05, 3.1067e-05, 3.2688e-04],
        [3.5852e-04, 9.6025e-01, 1.1079e-04, 2.2637e-03, 8.3051e-04, 1.4795e-03,
         2.8128e-04, 5.2426e-03, 2.9151e-02, 3.4814e-05],
        [1.6679e-05, 1.2322e-06, 4.1930e-07, 2.0152e-05, 9.9984e-01, 5.1291e-06,
         2.7669e-05, 2.4002e-05, 5.8080e-07, 6.1595e-05],
        [6.4124e-05, 1.1330e-02, 2.4977e-03, 3.8765e-05, 2.2258e-04, 1.2247e-04,
         1.2836e-05, 9.7682e-01, 8.5822e-03, 3.0848e-04],
        [4.2438e-05, 9.8845e-01, 1.1786e-04, 3.8823e-05, 2.8385e-04, 5.9407e-05,
         5.0327e-04, 1.0225e-02, 3.8105e-05, 2.4324e-04],
        [9.9497e-01, 1.9781e-03, 2.4820e-06, 3.1621e-05, 8.4246e-07, 1.0889e-03,
         1.7348e-04, 1.7552e-03, 4.2431e-07, 4.2544e-07],
        [5.7753e-01, 3.8363e-01, 5.3598e-03, 3.2626e-02, 1.3581e-05, 1.3466e-04,
         5.0735e-04, 8.0440e-05, 1.8448e-05, 1.0771e-04],
        [3.5170e-03, 8.6916e-01, 6.6639e-02, 1.0653e-05, 8.2774e-05, 1.7422e-03,
         5.4297e-02, 2.5978e-03, 1.1361e-03, 8.2195e-04],
        [1.7925e-05, 7.9418e-03, 9.7604e-05, 1.9285e-05, 1.1410e-03, 3.5938e-01,
         2.6539e-05, 7.7555e-03, 5.4200e-06, 6.2362e-01],
        [3.3553e-05, 1.9750e-06, 1.2114e-05, 8.5100e-06, 6.7705e-06, 1.0626e-03,
         1.1951e-05, 2.6185e-03, 3.5041e-05, 9.9621e-01]], device='cuda:0',
       grad_fn=<SoftmaxBackward>)
>> best accuracy: 82.86666666666666	best epoch: 5

>> final recovery rate: 69.73888888888888%
