noise type: uniform
noise level: 0.4
when_to_apply_epoch: 20
total clean data num: 27106
probability transition matrix:
[[0.6        0.04444444 0.04444444 0.04444444 0.04444444 0.04444444
  0.04444444 0.04444444 0.04444444 0.04444444]
 [0.04444444 0.6        0.04444444 0.04444444 0.04444444 0.04444444
  0.04444444 0.04444444 0.04444444 0.04444444]
 [0.04444444 0.04444444 0.6        0.04444444 0.04444444 0.04444444
  0.04444444 0.04444444 0.04444444 0.04444444]
 [0.04444444 0.04444444 0.04444444 0.6        0.04444444 0.04444444
  0.04444444 0.04444444 0.04444444 0.04444444]
 [0.04444444 0.04444444 0.04444444 0.04444444 0.6        0.04444444
  0.04444444 0.04444444 0.04444444 0.04444444]
 [0.04444444 0.04444444 0.04444444 0.04444444 0.04444444 0.6
  0.04444444 0.04444444 0.04444444 0.04444444]
 [0.04444444 0.04444444 0.04444444 0.04444444 0.04444444 0.04444444
  0.6        0.04444444 0.04444444 0.04444444]
 [0.04444444 0.04444444 0.04444444 0.04444444 0.04444444 0.04444444
  0.04444444 0.6        0.04444444 0.04444444]
 [0.04444444 0.04444444 0.04444444 0.04444444 0.04444444 0.04444444
  0.04444444 0.04444444 0.6        0.04444444]
 [0.04444444 0.04444444 0.04444444 0.04444444 0.04444444 0.04444444
  0.04444444 0.04444444 0.04444444 0.6       ]]
>> val epoch: 0
>> current accuracy: 35.0%
outputs: tensor([[0.1073, 0.2280, 0.0357, 0.0352, 0.0661, 0.0276, 0.0355, 0.0439, 0.0627,
         0.3580],
        [0.0365, 0.0193, 0.0905, 0.2183, 0.0607, 0.3366, 0.0414, 0.1075, 0.0600,
         0.0291],
        [0.1162, 0.0612, 0.1112, 0.0963, 0.1408, 0.1337, 0.0875, 0.1538, 0.0438,
         0.0557],
        [0.0335, 0.0135, 0.0620, 0.1990, 0.0457, 0.4381, 0.0447, 0.1079, 0.0362,
         0.0194],
        [0.0554, 0.0252, 0.2067, 0.0679, 0.2073, 0.1046, 0.0755, 0.1984, 0.0388,
         0.0202],
        [0.2318, 0.1083, 0.0768, 0.0355, 0.1335, 0.0527, 0.0392, 0.1715, 0.0787,
         0.0719],
        [0.0763, 0.1017, 0.1578, 0.0971, 0.1591, 0.0833, 0.1090, 0.1014, 0.0571,
         0.0571],
        [0.1458, 0.0346, 0.0565, 0.0268, 0.1949, 0.0651, 0.0278, 0.3439, 0.0686,
         0.0360],
        [0.0806, 0.0661, 0.0679, 0.0603, 0.0794, 0.0671, 0.0759, 0.1599, 0.0539,
         0.2889],
        [0.0971, 0.0962, 0.0800, 0.0686, 0.0703, 0.0605, 0.0541, 0.0797, 0.1025,
         0.2911],
        [0.0829, 0.0437, 0.1551, 0.1174, 0.1175, 0.0905, 0.1417, 0.0844, 0.1014,
         0.0653],
        [0.1764, 0.0531, 0.1415, 0.0627, 0.0979, 0.0433, 0.0392, 0.0596, 0.2918,
         0.0345],
        [0.1102, 0.2089, 0.0512, 0.0590, 0.0840, 0.0586, 0.0342, 0.0618, 0.1447,
         0.1874],
        [0.1231, 0.1000, 0.0500, 0.0290, 0.0839, 0.0234, 0.0231, 0.0544, 0.4393,
         0.0738],
        [0.0415, 0.5930, 0.0307, 0.0480, 0.0561, 0.0327, 0.0320, 0.0242, 0.0279,
         0.1138],
        [0.0460, 0.0506, 0.1202, 0.0940, 0.1331, 0.0641, 0.3470, 0.0768, 0.0307,
         0.0374],
        [0.0977, 0.1332, 0.1089, 0.1037, 0.1162, 0.0798, 0.0655, 0.1058, 0.0618,
         0.1273],
        [0.1042, 0.0459, 0.2027, 0.1306, 0.1095, 0.1313, 0.0760, 0.0991, 0.0639,
         0.0368],
        [0.1021, 0.2050, 0.0542, 0.0391, 0.0756, 0.0310, 0.0317, 0.0386, 0.0916,
         0.3311],
        [0.0389, 0.0249, 0.3393, 0.0569, 0.2541, 0.0411, 0.1191, 0.0863, 0.0179,
         0.0215],
        [0.1161, 0.2222, 0.0406, 0.0349, 0.0862, 0.0264, 0.0252, 0.0467, 0.3384,
         0.0632],
        [0.0427, 0.0311, 0.0786, 0.0995, 0.0974, 0.2158, 0.0601, 0.3048, 0.0337,
         0.0363],
        [0.0426, 0.0288, 0.2068, 0.1334, 0.1621, 0.1037, 0.1379, 0.1284, 0.0349,
         0.0214],
        [0.0463, 0.0304, 0.2018, 0.0728, 0.2391, 0.0626, 0.1958, 0.0996, 0.0260,
         0.0257],
        [0.0953, 0.0797, 0.0878, 0.0832, 0.0715, 0.0871, 0.0428, 0.1206, 0.0692,
         0.2629],
        [0.1130, 0.3422, 0.0565, 0.0702, 0.0797, 0.0515, 0.0492, 0.0401, 0.1102,
         0.0876],
        [0.0447, 0.0403, 0.0962, 0.2473, 0.0729, 0.1761, 0.1027, 0.0993, 0.0654,
         0.0551],
        [0.0472, 0.0195, 0.0909, 0.1765, 0.0694, 0.3242, 0.0572, 0.1485, 0.0447,
         0.0219],
        [0.0569, 0.0381, 0.1076, 0.0985, 0.1162, 0.1698, 0.0936, 0.2226, 0.0461,
         0.0504],
        [0.0556, 0.0606, 0.1386, 0.1760, 0.1387, 0.0727, 0.1674, 0.0602, 0.0627,
         0.0676],
        [0.0317, 0.0411, 0.0891, 0.1387, 0.0951, 0.0818, 0.3882, 0.0678, 0.0348,
         0.0317],
        [0.0627, 0.0354, 0.1136, 0.1721, 0.0934, 0.0889, 0.2230, 0.0865, 0.0564,
         0.0679],
        [0.2072, 0.0588, 0.1242, 0.0671, 0.1608, 0.0502, 0.0687, 0.0789, 0.1389,
         0.0452],
        [0.0346, 0.0330, 0.0782, 0.2281, 0.0771, 0.2778, 0.0660, 0.1187, 0.0589,
         0.0276],
        [0.2878, 0.0623, 0.0527, 0.0231, 0.0983, 0.0242, 0.0249, 0.0482, 0.3420,
         0.0365],
        [0.0466, 0.0497, 0.1177, 0.1365, 0.0959, 0.1069, 0.2517, 0.0803, 0.0558,
         0.0589],
        [0.1666, 0.0452, 0.1414, 0.0523, 0.2086, 0.0533, 0.0797, 0.1449, 0.0724,
         0.0357],
        [0.0603, 0.0370, 0.2356, 0.0813, 0.1696, 0.0718, 0.0813, 0.1346, 0.0855,
         0.0429],
        [0.0407, 0.1505, 0.0807, 0.1774, 0.0593, 0.1533, 0.0820, 0.0523, 0.0341,
         0.1698],
        [0.0295, 0.0401, 0.0993, 0.1176, 0.0965, 0.0595, 0.4411, 0.0570, 0.0280,
         0.0315],
        [0.0351, 0.0327, 0.2980, 0.0696, 0.2709, 0.0658, 0.0789, 0.1091, 0.0192,
         0.0208],
        [0.0325, 0.0249, 0.1284, 0.0718, 0.1294, 0.1331, 0.0691, 0.3512, 0.0381,
         0.0215],
        [0.1212, 0.0869, 0.1631, 0.1340, 0.1126, 0.1255, 0.0603, 0.0663, 0.0690,
         0.0609],
        [0.1519, 0.0726, 0.0783, 0.0511, 0.0966, 0.0342, 0.0416, 0.0980, 0.2059,
         0.1698],
        [0.2012, 0.1213, 0.0735, 0.0445, 0.1163, 0.0400, 0.0401, 0.0817, 0.1837,
         0.0977],
        [0.0778, 0.0278, 0.2004, 0.1562, 0.1386, 0.1527, 0.0815, 0.0975, 0.0454,
         0.0222],
        [0.1899, 0.0518, 0.0917, 0.0328, 0.0931, 0.0271, 0.0323, 0.0618, 0.2787,
         0.1409],
        [0.1063, 0.1683, 0.0377, 0.0296, 0.0671, 0.0196, 0.0288, 0.0414, 0.1314,
         0.3698],
        [0.0810, 0.3146, 0.0819, 0.0973, 0.1225, 0.0685, 0.0621, 0.0484, 0.0762,
         0.0477],
        [0.1586, 0.0705, 0.0984, 0.0518, 0.1548, 0.0519, 0.0535, 0.1414, 0.0768,
         0.1425],
        [0.0335, 0.0247, 0.1341, 0.2241, 0.1003, 0.2117, 0.0897, 0.1141, 0.0418,
         0.0260],
        [0.0560, 0.1737, 0.0699, 0.1062, 0.0785, 0.0841, 0.0686, 0.0657, 0.1369,
         0.1602],
        [0.0346, 0.0156, 0.0744, 0.2791, 0.0495, 0.3722, 0.0439, 0.0704, 0.0395,
         0.0208],
        [0.0975, 0.1140, 0.1120, 0.0745, 0.1459, 0.0432, 0.0786, 0.0555, 0.2289,
         0.0499],
        [0.3120, 0.0499, 0.0550, 0.0203, 0.1203, 0.0232, 0.0224, 0.0434, 0.3213,
         0.0323],
        [0.0982, 0.0601, 0.0632, 0.0573, 0.1360, 0.0824, 0.0512, 0.2829, 0.0553,
         0.1135],
        [0.0333, 0.0373, 0.1499, 0.0858, 0.1475, 0.0545, 0.3531, 0.0843, 0.0266,
         0.0277],
        [0.0382, 0.0216, 0.0809, 0.1010, 0.0774, 0.2651, 0.0823, 0.2512, 0.0559,
         0.0263],
        [0.3426, 0.0854, 0.0873, 0.0438, 0.1134, 0.0465, 0.0413, 0.0668, 0.1229,
         0.0499],
        [0.0719, 0.1338, 0.0787, 0.0770, 0.0696, 0.0550, 0.0812, 0.0530, 0.0888,
         0.2910],
        [0.0341, 0.0248, 0.1004, 0.1464, 0.0955, 0.2988, 0.0657, 0.1799, 0.0330,
         0.0213],
        [0.0454, 0.0322, 0.1943, 0.1332, 0.1459, 0.0978, 0.1872, 0.1020, 0.0315,
         0.0306],
        [0.0745, 0.2328, 0.0678, 0.0678, 0.1098, 0.0399, 0.0444, 0.0508, 0.1246,
         0.1877],
        [0.0646, 0.0512, 0.1790, 0.0924, 0.1580, 0.0671, 0.2211, 0.0751, 0.0566,
         0.0349],
        [0.0400, 0.5025, 0.0317, 0.0552, 0.0598, 0.0368, 0.0372, 0.0315, 0.0896,
         0.1157],
        [0.0638, 0.5808, 0.0282, 0.0430, 0.0688, 0.0316, 0.0249, 0.0302, 0.0514,
         0.0772],
        [0.3574, 0.0495, 0.0789, 0.0277, 0.1355, 0.0435, 0.0335, 0.0923, 0.1358,
         0.0458],
        [0.1327, 0.0904, 0.0607, 0.0474, 0.0806, 0.0442, 0.0402, 0.0883, 0.2403,
         0.1751],
        [0.1386, 0.0242, 0.0644, 0.0236, 0.1764, 0.0806, 0.0221, 0.4120, 0.0357,
         0.0223],
        [0.2078, 0.1196, 0.1126, 0.0673, 0.0822, 0.0545, 0.0440, 0.0557, 0.1213,
         0.1350],
        [0.0317, 0.0241, 0.0667, 0.0242, 0.1731, 0.0596, 0.0268, 0.5585, 0.0183,
         0.0170],
        [0.0443, 0.0264, 0.1635, 0.1349, 0.1329, 0.1627, 0.1360, 0.1346, 0.0459,
         0.0187]], device='cuda:0', grad_fn=<SoftmaxBackward>)
>> best accuracy: 35.0	best epoch: 0

>> final recovery rate: 60.23555555555555%
>> val epoch: 5
>> current accuracy: 68.52000000000001%
outputs: tensor([[0.0290, 0.0367, 0.0603, 0.5058, 0.0702, 0.1325, 0.0388, 0.0331, 0.0510,
         0.0426],
        [0.3174, 0.0258, 0.2132, 0.0453, 0.0560, 0.0618, 0.0409, 0.0317, 0.1577,
         0.0502],
        [0.0411, 0.0326, 0.0916, 0.3370, 0.0378, 0.2850, 0.0469, 0.0459, 0.0427,
         0.0396],
        [0.0662, 0.0396, 0.0850, 0.0594, 0.0752, 0.0495, 0.0400, 0.0472, 0.4208,
         0.1172],
        [0.0642, 0.0652, 0.0987, 0.0455, 0.1014, 0.0458, 0.4357, 0.0473, 0.0450,
         0.0511],
        [0.0710, 0.0668, 0.1229, 0.0711, 0.0536, 0.0501, 0.4155, 0.0411, 0.0496,
         0.0583],
        [0.0162, 0.0190, 0.0246, 0.6779, 0.0243, 0.1389, 0.0231, 0.0240, 0.0214,
         0.0305],
        [0.0424, 0.0289, 0.0562, 0.3135, 0.0647, 0.2691, 0.0574, 0.0977, 0.0356,
         0.0345],
        [0.0272, 0.0285, 0.1260, 0.0988, 0.3534, 0.1615, 0.0379, 0.0698, 0.0494,
         0.0475],
        [0.0352, 0.0293, 0.0926, 0.1197, 0.1121, 0.2272, 0.0518, 0.2310, 0.0606,
         0.0405],
        [0.0351, 0.0309, 0.0416, 0.0510, 0.0353, 0.0507, 0.0340, 0.0433, 0.0201,
         0.6577],
        [0.0680, 0.0373, 0.1053, 0.4830, 0.0470, 0.0485, 0.0613, 0.0496, 0.0210,
         0.0789],
        [0.0372, 0.0514, 0.0438, 0.0913, 0.0646, 0.0696, 0.0310, 0.1529, 0.3776,
         0.0806],
        [0.0661, 0.0385, 0.3980, 0.1482, 0.0545, 0.0828, 0.0387, 0.0504, 0.0572,
         0.0656],
        [0.0524, 0.0321, 0.1032, 0.1155, 0.3778, 0.0856, 0.0381, 0.0780, 0.0624,
         0.0549],
        [0.1567, 0.0646, 0.1619, 0.0688, 0.0434, 0.0785, 0.0665, 0.0476, 0.2744,
         0.0376],
        [0.0579, 0.0376, 0.1890, 0.0818, 0.2170, 0.0662, 0.0762, 0.1509, 0.0530,
         0.0704],
        [0.0812, 0.0437, 0.2233, 0.0752, 0.1914, 0.0598, 0.1836, 0.0461, 0.0411,
         0.0546],
        [0.0359, 0.0257, 0.0816, 0.1515, 0.0662, 0.1442, 0.0387, 0.3369, 0.0507,
         0.0685],
        [0.0430, 0.0364, 0.0602, 0.0409, 0.0438, 0.0509, 0.0339, 0.0646, 0.5279,
         0.0983],
        [0.0594, 0.0562, 0.1142, 0.1302, 0.2057, 0.0643, 0.0510, 0.0756, 0.1034,
         0.1400],
        [0.0294, 0.0367, 0.0453, 0.0466, 0.0340, 0.0600, 0.0305, 0.0439, 0.0211,
         0.6524],
        [0.0281, 0.0306, 0.0727, 0.1091, 0.3830, 0.1205, 0.0477, 0.0820, 0.0554,
         0.0710],
        [0.0716, 0.0733, 0.1063, 0.2546, 0.0612, 0.0965, 0.1402, 0.0403, 0.0603,
         0.0958],
        [0.0298, 0.0251, 0.0749, 0.1415, 0.1269, 0.2171, 0.0532, 0.2465, 0.0441,
         0.0410],
        [0.0447, 0.0607, 0.0571, 0.0581, 0.0342, 0.0609, 0.0338, 0.0443, 0.0286,
         0.5775],
        [0.0602, 0.5365, 0.0619, 0.0622, 0.0713, 0.0512, 0.0475, 0.0375, 0.0423,
         0.0294],
        [0.0640, 0.0465, 0.1222, 0.2882, 0.0724, 0.0843, 0.1782, 0.0545, 0.0337,
         0.0560],
        [0.3330, 0.0289, 0.2500, 0.0515, 0.0484, 0.0607, 0.0714, 0.0372, 0.0785,
         0.0405],
        [0.0151, 0.0195, 0.0366, 0.6344, 0.0249, 0.1259, 0.0262, 0.0473, 0.0255,
         0.0447],
        [0.0622, 0.4449, 0.0625, 0.0850, 0.0805, 0.0664, 0.0473, 0.0447, 0.0318,
         0.0747],
        [0.0547, 0.0707, 0.0612, 0.0497, 0.0682, 0.0422, 0.5042, 0.0364, 0.0396,
         0.0730],
        [0.0627, 0.5073, 0.0649, 0.0707, 0.0722, 0.0598, 0.0427, 0.0501, 0.0336,
         0.0359],
        [0.0638, 0.0603, 0.1046, 0.0929, 0.0914, 0.0878, 0.3016, 0.0795, 0.0609,
         0.0572],
        [0.0533, 0.0309, 0.1098, 0.3019, 0.0469, 0.2352, 0.0441, 0.0727, 0.0552,
         0.0500],
        [0.0527, 0.0488, 0.0709, 0.0655, 0.0995, 0.0618, 0.4699, 0.0488, 0.0366,
         0.0456],
        [0.0669, 0.0346, 0.0922, 0.0402, 0.0551, 0.0598, 0.0485, 0.0508, 0.5188,
         0.0331],
        [0.0734, 0.0291, 0.3876, 0.0877, 0.0802, 0.1264, 0.0544, 0.0718, 0.0508,
         0.0386],
        [0.0317, 0.0238, 0.0466, 0.6037, 0.0514, 0.0927, 0.0532, 0.0261, 0.0281,
         0.0428],
        [0.0266, 0.0320, 0.0363, 0.3211, 0.0532, 0.3089, 0.0497, 0.0695, 0.0608,
         0.0418],
        [0.0253, 0.0157, 0.0317, 0.0412, 0.0579, 0.0613, 0.0555, 0.6547, 0.0346,
         0.0221],
        [0.0353, 0.0326, 0.1529, 0.2385, 0.0431, 0.2997, 0.0335, 0.0798, 0.0437,
         0.0408],
        [0.6930, 0.0159, 0.0688, 0.0502, 0.0293, 0.0381, 0.0313, 0.0266, 0.0195,
         0.0273],
        [0.2178, 0.0791, 0.1569, 0.1069, 0.0451, 0.0786, 0.0465, 0.0562, 0.1409,
         0.0721],
        [0.0460, 0.0478, 0.0766, 0.2156, 0.0875, 0.0922, 0.1810, 0.0482, 0.1607,
         0.0445],
        [0.0566, 0.5232, 0.0652, 0.0607, 0.0698, 0.0552, 0.0486, 0.0387, 0.0278,
         0.0542],
        [0.1273, 0.0256, 0.4522, 0.1041, 0.0608, 0.0756, 0.0274, 0.0368, 0.0527,
         0.0375],
        [0.4027, 0.0206, 0.2199, 0.0983, 0.0336, 0.0585, 0.0394, 0.0554, 0.0288,
         0.0428],
        [0.0608, 0.0340, 0.0476, 0.0572, 0.0492, 0.0479, 0.0380, 0.0358, 0.0324,
         0.5971],
        [0.0313, 0.0294, 0.3290, 0.1958, 0.0963, 0.1572, 0.0296, 0.0491, 0.0431,
         0.0393],
        [0.0863, 0.1409, 0.1240, 0.1404, 0.0532, 0.0682, 0.1694, 0.0446, 0.0950,
         0.0779],
        [0.0422, 0.0190, 0.0869, 0.1173, 0.0280, 0.2281, 0.0396, 0.3817, 0.0324,
         0.0247],
        [0.0872, 0.2364, 0.0846, 0.0902, 0.0604, 0.0785, 0.0434, 0.0503, 0.0436,
         0.2254],
        [0.0640, 0.0500, 0.0508, 0.1695, 0.0567, 0.0975, 0.2684, 0.0705, 0.0736,
         0.0989],
        [0.0283, 0.0381, 0.0652, 0.1874, 0.0677, 0.4019, 0.0438, 0.0741, 0.0507,
         0.0429],
        [0.1797, 0.2858, 0.1060, 0.0973, 0.0506, 0.0597, 0.0864, 0.0415, 0.0421,
         0.0509],
        [0.1887, 0.0279, 0.1964, 0.1052, 0.1210, 0.1015, 0.0485, 0.0954, 0.0704,
         0.0449],
        [0.0439, 0.0695, 0.1312, 0.1402, 0.1207, 0.0839, 0.1300, 0.0518, 0.0901,
         0.1385],
        [0.0303, 0.0321, 0.0706, 0.0286, 0.0520, 0.0413, 0.0375, 0.0408, 0.6376,
         0.0293],
        [0.0420, 0.5159, 0.0606, 0.0483, 0.0566, 0.0459, 0.0368, 0.0369, 0.0582,
         0.0988],
        [0.0339, 0.0312, 0.0512, 0.0644, 0.5613, 0.0539, 0.0415, 0.0487, 0.0555,
         0.0583],
        [0.0657, 0.0310, 0.4879, 0.0810, 0.0622, 0.0670, 0.0650, 0.0545, 0.0367,
         0.0490],
        [0.1339, 0.0295, 0.1020, 0.0450, 0.0454, 0.0568, 0.0456, 0.0378, 0.4423,
         0.0616],
        [0.4565, 0.0392, 0.0770, 0.0559, 0.0465, 0.0584, 0.0398, 0.0386, 0.0730,
         0.1153],
        [0.1505, 0.0290, 0.4901, 0.0675, 0.0384, 0.0566, 0.0559, 0.0375, 0.0324,
         0.0420],
        [0.0516, 0.0474, 0.5184, 0.1124, 0.0243, 0.0808, 0.0314, 0.0314, 0.0390,
         0.0633],
        [0.0490, 0.5300, 0.0549, 0.0736, 0.0805, 0.0493, 0.0446, 0.0360, 0.0321,
         0.0500],
        [0.0328, 0.0179, 0.0420, 0.0469, 0.0257, 0.0784, 0.0474, 0.6472, 0.0299,
         0.0318],
        [0.0399, 0.0375, 0.0602, 0.0874, 0.2953, 0.1269, 0.0809, 0.1728, 0.0403,
         0.0588],
        [0.0309, 0.0352, 0.0409, 0.4393, 0.0664, 0.0836, 0.1849, 0.0358, 0.0426,
         0.0403],
        [0.0294, 0.0278, 0.0525, 0.1648, 0.0671, 0.3591, 0.0517, 0.1805, 0.0383,
         0.0287],
        [0.0439, 0.0513, 0.0537, 0.2824, 0.0661, 0.1484, 0.0398, 0.0850, 0.0664,
         0.1630]], device='cuda:0', grad_fn=<SoftmaxBackward>)
>> best accuracy: 68.52000000000001	best epoch: 5

>> final recovery rate: 60.23555555555555%
>> val epoch: 10
>> current accuracy: 74.88%
outputs: tensor([[0.6189, 0.0465, 0.0365, 0.0676, 0.0282, 0.0318, 0.0327, 0.0502, 0.0491,
         0.0385],
        [0.3913, 0.0593, 0.0601, 0.0740, 0.0317, 0.0361, 0.0347, 0.0436, 0.2212,
         0.0480],
        [0.0315, 0.0553, 0.0644, 0.2086, 0.0333, 0.4218, 0.0342, 0.0378, 0.0672,
         0.0459],
        [0.0411, 0.4281, 0.0579, 0.0562, 0.0537, 0.0496, 0.0460, 0.0471, 0.0496,
         0.1708],
        [0.2258, 0.0810, 0.1489, 0.0745, 0.1493, 0.0539, 0.0512, 0.0962, 0.0673,
         0.0519],
        [0.0514, 0.0540, 0.0872, 0.0631, 0.4825, 0.0548, 0.0434, 0.0749, 0.0544,
         0.0343],
        [0.0550, 0.0627, 0.0653, 0.0655, 0.0413, 0.0391, 0.0350, 0.5597, 0.0437,
         0.0327],
        [0.0259, 0.0489, 0.5352, 0.0949, 0.0300, 0.0849, 0.0450, 0.0659, 0.0465,
         0.0228],
        [0.0338, 0.0550, 0.0461, 0.0453, 0.0455, 0.0435, 0.0316, 0.6185, 0.0511,
         0.0296],
        [0.0496, 0.6576, 0.0407, 0.0393, 0.0421, 0.0324, 0.0290, 0.0303, 0.0415,
         0.0375],
        [0.0274, 0.0432, 0.1349, 0.2919, 0.1278, 0.1776, 0.0364, 0.0665, 0.0639,
         0.0303],
        [0.0751, 0.1231, 0.0499, 0.1419, 0.0990, 0.0784, 0.0383, 0.1773, 0.0585,
         0.1584],
        [0.0303, 0.0546, 0.0640, 0.1247, 0.0419, 0.4818, 0.0283, 0.0701, 0.0699,
         0.0344],
        [0.0373, 0.0583, 0.0462, 0.0491, 0.0571, 0.0348, 0.0332, 0.6056, 0.0512,
         0.0271],
        [0.0270, 0.0759, 0.0752, 0.0650, 0.0272, 0.0622, 0.0366, 0.5162, 0.0746,
         0.0401],
        [0.0125, 0.0265, 0.0234, 0.8283, 0.0158, 0.0273, 0.0142, 0.0180, 0.0207,
         0.0133],
        [0.0481, 0.6409, 0.0486, 0.0475, 0.0404, 0.0312, 0.0256, 0.0365, 0.0464,
         0.0346],
        [0.4009, 0.0809, 0.1679, 0.0820, 0.0439, 0.0293, 0.0410, 0.0466, 0.0647,
         0.0428],
        [0.0439, 0.0639, 0.0771, 0.1432, 0.3918, 0.0638, 0.0433, 0.0602, 0.0719,
         0.0410],
        [0.0270, 0.0373, 0.0699, 0.5014, 0.0378, 0.1578, 0.0260, 0.0586, 0.0521,
         0.0322],
        [0.0240, 0.0413, 0.0556, 0.4756, 0.0765, 0.1816, 0.0257, 0.0294, 0.0640,
         0.0265],
        [0.0298, 0.0554, 0.1991, 0.1944, 0.0467, 0.2474, 0.0433, 0.0975, 0.0534,
         0.0329],
        [0.0582, 0.0445, 0.0476, 0.0727, 0.0325, 0.0440, 0.0401, 0.0861, 0.1081,
         0.4663],
        [0.0473, 0.6241, 0.0514, 0.0493, 0.0381, 0.0370, 0.0294, 0.0308, 0.0639,
         0.0288],
        [0.0519, 0.0549, 0.0589, 0.0500, 0.0464, 0.0423, 0.0395, 0.0499, 0.0490,
         0.5571],
        [0.0566, 0.0565, 0.1351, 0.0620, 0.0646, 0.0413, 0.4335, 0.0585, 0.0571,
         0.0347],
        [0.1983, 0.0558, 0.1100, 0.0962, 0.0502, 0.0345, 0.0374, 0.0429, 0.3270,
         0.0477],
        [0.0533, 0.0964, 0.0499, 0.0539, 0.0328, 0.0332, 0.0584, 0.0382, 0.1262,
         0.4578],
        [0.0235, 0.0502, 0.0494, 0.4721, 0.0317, 0.2197, 0.0312, 0.0479, 0.0496,
         0.0247],
        [0.3645, 0.1196, 0.0394, 0.0597, 0.0942, 0.0523, 0.0483, 0.0561, 0.0798,
         0.0860],
        [0.0388, 0.6990, 0.0416, 0.0413, 0.0374, 0.0306, 0.0231, 0.0272, 0.0355,
         0.0255],
        [0.0881, 0.0495, 0.3623, 0.2061, 0.0568, 0.0392, 0.0390, 0.0710, 0.0556,
         0.0324],
        [0.0367, 0.0446, 0.1042, 0.3957, 0.0892, 0.0827, 0.1107, 0.0433, 0.0638,
         0.0290],
        [0.0412, 0.0421, 0.0384, 0.0540, 0.0304, 0.0201, 0.0295, 0.0319, 0.6600,
         0.0525],
        [0.0346, 0.0648, 0.0612, 0.2801, 0.0677, 0.2315, 0.0532, 0.1051, 0.0684,
         0.0335],
        [0.0428, 0.0622, 0.0702, 0.0557, 0.0298, 0.0487, 0.5174, 0.0621, 0.0691,
         0.0419],
        [0.4765, 0.0712, 0.0754, 0.0766, 0.0502, 0.0364, 0.0521, 0.0477, 0.0688,
         0.0452],
        [0.0292, 0.0663, 0.0476, 0.0484, 0.0409, 0.0589, 0.0406, 0.5952, 0.0430,
         0.0298],
        [0.0362, 0.0661, 0.0628, 0.0515, 0.0677, 0.0400, 0.0384, 0.5431, 0.0627,
         0.0315],
        [0.0366, 0.0622, 0.3634, 0.0911, 0.1484, 0.0563, 0.0671, 0.0969, 0.0484,
         0.0297],
        [0.0855, 0.5073, 0.0770, 0.0589, 0.0392, 0.0422, 0.0442, 0.0334, 0.0543,
         0.0581],
        [0.0426, 0.0548, 0.1307, 0.0437, 0.4830, 0.0556, 0.0512, 0.0470, 0.0529,
         0.0385],
        [0.0890, 0.0321, 0.6743, 0.0500, 0.0196, 0.0167, 0.0325, 0.0419, 0.0256,
         0.0183],
        [0.0509, 0.0517, 0.1111, 0.0322, 0.0401, 0.0309, 0.5321, 0.0580, 0.0620,
         0.0310],
        [0.0566, 0.0689, 0.1581, 0.1862, 0.0315, 0.0622, 0.2813, 0.0598, 0.0519,
         0.0436],
        [0.0510, 0.4507, 0.0665, 0.0613, 0.0470, 0.0544, 0.0404, 0.0609, 0.0438,
         0.1241],
        [0.0434, 0.0611, 0.0596, 0.0552, 0.0498, 0.0556, 0.0340, 0.0411, 0.0451,
         0.5551],
        [0.0339, 0.0430, 0.0930, 0.5051, 0.0480, 0.0775, 0.0216, 0.0836, 0.0620,
         0.0323],
        [0.0575, 0.0622, 0.1068, 0.0469, 0.0563, 0.0340, 0.4712, 0.0573, 0.0596,
         0.0482],
        [0.0244, 0.0593, 0.0486, 0.4693, 0.0273, 0.1264, 0.0230, 0.0846, 0.0904,
         0.0466],
        [0.0363, 0.0601, 0.0643, 0.0657, 0.0356, 0.0295, 0.0274, 0.0281, 0.6040,
         0.0490],
        [0.0336, 0.0501, 0.0378, 0.0676, 0.0288, 0.0796, 0.0284, 0.5840, 0.0595,
         0.0307],
        [0.0236, 0.0476, 0.0372, 0.0369, 0.0217, 0.6684, 0.0236, 0.0231, 0.0655,
         0.0524],
        [0.0437, 0.0791, 0.0527, 0.0555, 0.0515, 0.0420, 0.0369, 0.0377, 0.0473,
         0.5536],
        [0.0656, 0.0509, 0.0621, 0.0613, 0.0732, 0.0337, 0.0399, 0.0496, 0.5186,
         0.0452],
        [0.0542, 0.0414, 0.0478, 0.0538, 0.0255, 0.0221, 0.0320, 0.0294, 0.6603,
         0.0335],
        [0.0600, 0.1125, 0.0745, 0.0540, 0.0623, 0.0436, 0.0464, 0.0476, 0.0578,
         0.4413],
        [0.0453, 0.0753, 0.0578, 0.0505, 0.0494, 0.0353, 0.0320, 0.0463, 0.0411,
         0.5670],
        [0.0649, 0.0547, 0.1250, 0.0290, 0.0655, 0.0273, 0.4683, 0.0571, 0.0697,
         0.0386],
        [0.0678, 0.0583, 0.0423, 0.0603, 0.0384, 0.0378, 0.0382, 0.0576, 0.0613,
         0.5380],
        [0.0441, 0.0366, 0.6370, 0.0804, 0.0288, 0.0234, 0.0348, 0.0692, 0.0258,
         0.0200],
        [0.0512, 0.0476, 0.0593, 0.0483, 0.0448, 0.0370, 0.0325, 0.0448, 0.0406,
         0.5940],
        [0.0872, 0.0534, 0.0669, 0.0546, 0.0312, 0.0298, 0.0387, 0.0274, 0.5624,
         0.0483],
        [0.0597, 0.1900, 0.3540, 0.0959, 0.0339, 0.0391, 0.0719, 0.0579, 0.0579,
         0.0398],
        [0.0445, 0.0709, 0.0775, 0.3455, 0.0420, 0.1601, 0.0361, 0.1247, 0.0621,
         0.0366],
        [0.0495, 0.0687, 0.0766, 0.0568, 0.0861, 0.0517, 0.4585, 0.0435, 0.0670,
         0.0417],
        [0.0480, 0.1734, 0.3118, 0.1280, 0.0382, 0.0854, 0.0673, 0.0484, 0.0693,
         0.0301],
        [0.1056, 0.0717, 0.0644, 0.0439, 0.4710, 0.0400, 0.0442, 0.0597, 0.0562,
         0.0433],
        [0.0620, 0.0939, 0.0603, 0.0454, 0.1509, 0.0468, 0.3630, 0.0564, 0.0674,
         0.0537],
        [0.1055, 0.0384, 0.5802, 0.0591, 0.0239, 0.0202, 0.0467, 0.0580, 0.0446,
         0.0237],
        [0.0545, 0.0517, 0.2003, 0.2228, 0.0748, 0.0834, 0.1589, 0.0607, 0.0632,
         0.0297],
        [0.0417, 0.0556, 0.1682, 0.1040, 0.1581, 0.0532, 0.2688, 0.0612, 0.0506,
         0.0386]], device='cuda:0', grad_fn=<SoftmaxBackward>)
>> best accuracy: 74.88	best epoch: 10

>> final recovery rate: 60.23555555555555%
>> val epoch: 15
>> current accuracy: 75.28%
outputs: tensor([[0.0987, 0.0611, 0.2316, 0.1438, 0.1147, 0.0875, 0.0505, 0.1179, 0.0429,
         0.0514],
        [0.5618, 0.0295, 0.0417, 0.0564, 0.0492, 0.0482, 0.0528, 0.0751, 0.0522,
         0.0331],
        [0.0571, 0.0447, 0.1322, 0.1750, 0.0770, 0.3160, 0.0421, 0.0508, 0.0649,
         0.0402],
        [0.0463, 0.0291, 0.0563, 0.0549, 0.0726, 0.0729, 0.0458, 0.0441, 0.0634,
         0.5146],
        [0.1195, 0.0509, 0.4796, 0.0383, 0.0964, 0.0434, 0.0504, 0.0397, 0.0430,
         0.0389],
        [0.0322, 0.0629, 0.0986, 0.0295, 0.3966, 0.0333, 0.2027, 0.0497, 0.0418,
         0.0527],
        [0.0429, 0.0536, 0.0561, 0.4960, 0.0639, 0.1050, 0.0298, 0.0339, 0.0749,
         0.0440],
        [0.0313, 0.0429, 0.0793, 0.0349, 0.0600, 0.0360, 0.0332, 0.0506, 0.6045,
         0.0273],
        [0.0801, 0.1036, 0.0467, 0.0598, 0.0646, 0.0447, 0.0641, 0.0262, 0.0635,
         0.4467],
        [0.0242, 0.6226, 0.0613, 0.0521, 0.0527, 0.0409, 0.0321, 0.0434, 0.0488,
         0.0220],
        [0.0887, 0.0363, 0.5357, 0.0375, 0.0605, 0.0378, 0.0953, 0.0434, 0.0376,
         0.0271],
        [0.0398, 0.0611, 0.0506, 0.0553, 0.0556, 0.0473, 0.0431, 0.0511, 0.0521,
         0.5440],
        [0.0311, 0.0199, 0.0439, 0.0225, 0.0247, 0.0225, 0.7602, 0.0266, 0.0240,
         0.0246],
        [0.0337, 0.0462, 0.0449, 0.0679, 0.0520, 0.5575, 0.0427, 0.0384, 0.0711,
         0.0457],
        [0.0296, 0.6029, 0.0504, 0.0507, 0.0521, 0.0391, 0.0318, 0.0485, 0.0603,
         0.0346],
        [0.0255, 0.0500, 0.5611, 0.0727, 0.0699, 0.0774, 0.0310, 0.0484, 0.0325,
         0.0313],
        [0.0789, 0.0616, 0.0542, 0.4252, 0.0526, 0.0852, 0.0345, 0.0762, 0.0784,
         0.0533],
        [0.0370, 0.0590, 0.1234, 0.0801, 0.1548, 0.0381, 0.3058, 0.0876, 0.0596,
         0.0546],
        [0.0396, 0.0490, 0.1651, 0.0887, 0.0761, 0.3786, 0.0538, 0.0458, 0.0629,
         0.0404],
        [0.0369, 0.0353, 0.0482, 0.0368, 0.0594, 0.0599, 0.0494, 0.0369, 0.0669,
         0.5705],
        [0.0461, 0.0705, 0.0611, 0.0516, 0.0557, 0.0879, 0.0528, 0.4788, 0.0539,
         0.0417],
        [0.0794, 0.3618, 0.0485, 0.0731, 0.0612, 0.0533, 0.0469, 0.0433, 0.1842,
         0.0483],
        [0.0214, 0.0622, 0.0458, 0.0612, 0.0782, 0.0562, 0.0441, 0.0377, 0.1007,
         0.4925],
        [0.4983, 0.0362, 0.0456, 0.0605, 0.0548, 0.0563, 0.0559, 0.1125, 0.0571,
         0.0229],
        [0.0345, 0.0401, 0.0450, 0.5936, 0.0495, 0.0780, 0.0173, 0.0468, 0.0592,
         0.0359],
        [0.2141, 0.0417, 0.3690, 0.0420, 0.0582, 0.0350, 0.0669, 0.0583, 0.0594,
         0.0555],
        [0.0458, 0.0406, 0.0375, 0.4313, 0.0923, 0.0494, 0.0419, 0.0357, 0.1881,
         0.0373],
        [0.0385, 0.0527, 0.0510, 0.0947, 0.0631, 0.5013, 0.0406, 0.0371, 0.0741,
         0.0468],
        [0.5033, 0.0385, 0.0514, 0.0550, 0.0546, 0.0481, 0.0616, 0.0555, 0.0922,
         0.0397],
        [0.0592, 0.0454, 0.0818, 0.3864, 0.0654, 0.1596, 0.0339, 0.0513, 0.0728,
         0.0441],
        [0.0404, 0.0396, 0.0446, 0.1516, 0.4198, 0.1161, 0.0336, 0.0521, 0.0699,
         0.0324],
        [0.0321, 0.0580, 0.1010, 0.0702, 0.0717, 0.4324, 0.0440, 0.0838, 0.0666,
         0.0401],
        [0.0235, 0.0444, 0.0408, 0.0398, 0.0347, 0.0271, 0.0366, 0.6673, 0.0547,
         0.0311],
        [0.0486, 0.5549, 0.0597, 0.0500, 0.0510, 0.0441, 0.0421, 0.0465, 0.0716,
         0.0315],
        [0.0312, 0.0374, 0.0370, 0.0246, 0.7149, 0.0215, 0.0309, 0.0330, 0.0345,
         0.0349],
        [0.1845, 0.0494, 0.2898, 0.0722, 0.0925, 0.0684, 0.1107, 0.0521, 0.0433,
         0.0371],
        [0.0352, 0.4007, 0.0678, 0.0742, 0.0533, 0.0564, 0.0356, 0.0468, 0.0634,
         0.1667],
        [0.0374, 0.0515, 0.0688, 0.0383, 0.0540, 0.0436, 0.0376, 0.0483, 0.5910,
         0.0296],
        [0.0977, 0.0449, 0.4940, 0.0591, 0.0565, 0.0422, 0.0370, 0.0879, 0.0423,
         0.0383],
        [0.0373, 0.5788, 0.0566, 0.0628, 0.0545, 0.0406, 0.0367, 0.0533, 0.0525,
         0.0267],
        [0.0313, 0.0342, 0.0296, 0.6499, 0.0392, 0.0754, 0.0235, 0.0353, 0.0511,
         0.0305],
        [0.3386, 0.0868, 0.0468, 0.0893, 0.0861, 0.0400, 0.0739, 0.0618, 0.1016,
         0.0752],
        [0.0318, 0.0328, 0.7186, 0.0278, 0.0639, 0.0271, 0.0331, 0.0229, 0.0191,
         0.0229],
        [0.0910, 0.3016, 0.0828, 0.0519, 0.0467, 0.0597, 0.1594, 0.0501, 0.0705,
         0.0865],
        [0.0668, 0.0586, 0.0338, 0.0423, 0.0619, 0.0462, 0.0454, 0.5370, 0.0618,
         0.0462],
        [0.0468, 0.0588, 0.0720, 0.0528, 0.4269, 0.1332, 0.0623, 0.0430, 0.0539,
         0.0502],
        [0.0329, 0.0478, 0.3008, 0.0822, 0.1455, 0.1649, 0.0414, 0.0920, 0.0531,
         0.0394],
        [0.1617, 0.0290, 0.1305, 0.0405, 0.0435, 0.0322, 0.4439, 0.0427, 0.0331,
         0.0430],
        [0.0291, 0.0458, 0.2164, 0.0396, 0.4955, 0.0352, 0.0364, 0.0278, 0.0331,
         0.0411],
        [0.0236, 0.0890, 0.0435, 0.0406, 0.0605, 0.0495, 0.0422, 0.1173, 0.0570,
         0.4768],
        [0.0470, 0.0635, 0.2323, 0.1711, 0.0637, 0.2134, 0.0515, 0.0720, 0.0448,
         0.0406],
        [0.0210, 0.0370, 0.0307, 0.0311, 0.0662, 0.0429, 0.0249, 0.6690, 0.0387,
         0.0384],
        [0.0929, 0.0459, 0.0568, 0.0447, 0.0513, 0.0448, 0.0441, 0.0492, 0.5364,
         0.0341],
        [0.0237, 0.0621, 0.0461, 0.0407, 0.0940, 0.0378, 0.0317, 0.5750, 0.0621,
         0.0269],
        [0.1903, 0.0415, 0.0797, 0.0949, 0.2546, 0.0546, 0.0597, 0.0964, 0.0880,
         0.0402],
        [0.0484, 0.0513, 0.0621, 0.1393, 0.2460, 0.2579, 0.0504, 0.0476, 0.0579,
         0.0389],
        [0.0218, 0.0375, 0.0384, 0.0341, 0.0269, 0.0299, 0.0329, 0.7013, 0.0428,
         0.0343],
        [0.4518, 0.0484, 0.0535, 0.0600, 0.0596, 0.0447, 0.0743, 0.0755, 0.0768,
         0.0554],
        [0.0403, 0.0482, 0.0353, 0.4587, 0.0863, 0.1410, 0.0280, 0.0678, 0.0584,
         0.0361],
        [0.0482, 0.0420, 0.0459, 0.0932, 0.0504, 0.0352, 0.2604, 0.0439, 0.3521,
         0.0287],
        [0.4906, 0.0605, 0.0344, 0.0793, 0.0555, 0.0601, 0.0490, 0.0821, 0.0457,
         0.0429],
        [0.0310, 0.0536, 0.0784, 0.1004, 0.0887, 0.4385, 0.0676, 0.0430, 0.0671,
         0.0318],
        [0.0335, 0.6268, 0.0531, 0.0487, 0.0508, 0.0364, 0.0314, 0.0391, 0.0599,
         0.0203],
        [0.0587, 0.0463, 0.0323, 0.0602, 0.0541, 0.0288, 0.0505, 0.4259, 0.0554,
         0.1878],
        [0.5917, 0.0342, 0.0628, 0.0523, 0.0375, 0.0407, 0.0577, 0.0433, 0.0475,
         0.0323],
        [0.0204, 0.0566, 0.5804, 0.0510, 0.0855, 0.0713, 0.0294, 0.0379, 0.0333,
         0.0342],
        [0.1123, 0.0354, 0.0523, 0.0510, 0.0719, 0.0353, 0.0455, 0.0819, 0.4657,
         0.0487],
        [0.0467, 0.4997, 0.0552, 0.0497, 0.0656, 0.0451, 0.0434, 0.0518, 0.0898,
         0.0531],
        [0.0371, 0.0703, 0.0600, 0.1133, 0.0567, 0.3302, 0.1826, 0.0525, 0.0601,
         0.0371],
        [0.0273, 0.0120, 0.0287, 0.0121, 0.0226, 0.0141, 0.8264, 0.0212, 0.0175,
         0.0180],
        [0.0483, 0.0512, 0.1191, 0.1913, 0.2322, 0.1886, 0.0459, 0.0340, 0.0524,
         0.0371],
        [0.0341, 0.0551, 0.0451, 0.0628, 0.0391, 0.5545, 0.0377, 0.0547, 0.0745,
         0.0424]], device='cuda:0', grad_fn=<SoftmaxBackward>)
>> best accuracy: 75.28	best epoch: 15

>> final recovery rate: 60.23555555555555%
>> val epoch: 20
>> current accuracy: 79.12%
outputs: tensor([[0.0722, 0.0633, 0.0499, 0.0712, 0.0287, 0.2350, 0.0458, 0.3505, 0.0383,
         0.0453],
        [0.0805, 0.0671, 0.0389, 0.0595, 0.0401, 0.0339, 0.0546, 0.5426, 0.0516,
         0.0312],
        [0.1157, 0.1120, 0.0387, 0.2298, 0.0343, 0.0549, 0.0439, 0.0607, 0.0412,
         0.2688],
        [0.0573, 0.0495, 0.0278, 0.0317, 0.6726, 0.0286, 0.0328, 0.0359, 0.0310,
         0.0328],
        [0.0295, 0.0423, 0.0553, 0.1163, 0.1225, 0.0572, 0.4121, 0.0573, 0.0575,
         0.0502],
        [0.0605, 0.0318, 0.0733, 0.1595, 0.0551, 0.0680, 0.0284, 0.4483, 0.0380,
         0.0372],
        [0.0616, 0.3877, 0.0665, 0.0533, 0.0642, 0.0523, 0.0489, 0.0639, 0.0790,
         0.1227],
        [0.0529, 0.0374, 0.0799, 0.0950, 0.4230, 0.0483, 0.0756, 0.0417, 0.0879,
         0.0583],
        [0.0498, 0.0450, 0.0507, 0.0869, 0.5281, 0.0733, 0.0318, 0.0384, 0.0483,
         0.0478],
        [0.0767, 0.0312, 0.4905, 0.0356, 0.0576, 0.0383, 0.1025, 0.0791, 0.0635,
         0.0252],
        [0.6836, 0.0641, 0.0317, 0.0281, 0.0305, 0.0251, 0.0384, 0.0333, 0.0306,
         0.0346],
        [0.0501, 0.0310, 0.0503, 0.0399, 0.0431, 0.0448, 0.0644, 0.0432, 0.5911,
         0.0421],
        [0.0543, 0.0444, 0.0529, 0.4303, 0.0513, 0.1553, 0.0866, 0.0518, 0.0394,
         0.0338],
        [0.1728, 0.0657, 0.0735, 0.0683, 0.1221, 0.0583, 0.2394, 0.0555, 0.0652,
         0.0793],
        [0.0746, 0.0517, 0.0426, 0.0531, 0.0535, 0.0379, 0.0378, 0.5665, 0.0447,
         0.0376],
        [0.0372, 0.0396, 0.0338, 0.0221, 0.0259, 0.0301, 0.7047, 0.0373, 0.0357,
         0.0337],
        [0.0236, 0.0440, 0.0341, 0.1807, 0.1175, 0.0400, 0.4223, 0.0424, 0.0458,
         0.0494],
        [0.0808, 0.0709, 0.0502, 0.0503, 0.0532, 0.0320, 0.0504, 0.0630, 0.0478,
         0.5015],
        [0.0593, 0.0505, 0.0590, 0.0681, 0.2837, 0.2350, 0.0409, 0.0983, 0.0533,
         0.0520],
        [0.0514, 0.1013, 0.0382, 0.0335, 0.0643, 0.0209, 0.0457, 0.0510, 0.0671,
         0.5265],
        [0.2954, 0.0756, 0.2819, 0.0470, 0.0229, 0.0630, 0.0635, 0.0561, 0.0419,
         0.0527],
        [0.0430, 0.0502, 0.0136, 0.0942, 0.0497, 0.0311, 0.0594, 0.0475, 0.3961,
         0.2151],
        [0.1063, 0.0895, 0.2231, 0.2174, 0.1014, 0.0409, 0.0607, 0.0803, 0.0454,
         0.0350],
        [0.0686, 0.0339, 0.0390, 0.5070, 0.0355, 0.0820, 0.0605, 0.0468, 0.0685,
         0.0581],
        [0.0445, 0.0454, 0.0924, 0.0459, 0.0440, 0.3887, 0.1193, 0.0692, 0.0929,
         0.0576],
        [0.0772, 0.0656, 0.0506, 0.0470, 0.0690, 0.0355, 0.0517, 0.0573, 0.0506,
         0.4956],
        [0.0792, 0.0658, 0.1024, 0.1560, 0.2043, 0.0710, 0.1337, 0.0576, 0.0736,
         0.0564],
        [0.0555, 0.0337, 0.1079, 0.0827, 0.0768, 0.0502, 0.1830, 0.0376, 0.3187,
         0.0538],
        [0.0725, 0.1430, 0.0338, 0.1324, 0.0361, 0.0515, 0.0662, 0.0599, 0.2709,
         0.1337],
        [0.0516, 0.0961, 0.0978, 0.0556, 0.0671, 0.2920, 0.0449, 0.1781, 0.0737,
         0.0431],
        [0.0491, 0.0536, 0.0424, 0.0612, 0.5203, 0.0279, 0.0989, 0.0541, 0.0446,
         0.0479],
        [0.1687, 0.0531, 0.5118, 0.0306, 0.0601, 0.0253, 0.0372, 0.0403, 0.0482,
         0.0245],
        [0.0937, 0.5704, 0.0340, 0.0378, 0.0547, 0.0346, 0.0422, 0.0467, 0.0538,
         0.0321],
        [0.0585, 0.0474, 0.0402, 0.0481, 0.0551, 0.0352, 0.0423, 0.0631, 0.0466,
         0.5634],
        [0.0519, 0.0967, 0.0315, 0.0574, 0.0313, 0.0953, 0.0386, 0.5025, 0.0292,
         0.0655],
        [0.0681, 0.0443, 0.0300, 0.0929, 0.1043, 0.1008, 0.0552, 0.4211, 0.0432,
         0.0401],
        [0.0457, 0.0543, 0.0339, 0.0493, 0.0481, 0.5413, 0.0507, 0.0471, 0.0689,
         0.0608],
        [0.0373, 0.0830, 0.0374, 0.0350, 0.0501, 0.0273, 0.0425, 0.0490, 0.0749,
         0.5634],
        [0.0564, 0.1648, 0.0433, 0.0435, 0.0490, 0.0338, 0.0574, 0.0580, 0.0555,
         0.4382],
        [0.0558, 0.6717, 0.0259, 0.0292, 0.0475, 0.0232, 0.0335, 0.0364, 0.0604,
         0.0163],
        [0.0615, 0.0880, 0.0324, 0.2311, 0.0409, 0.2845, 0.0665, 0.0776, 0.0562,
         0.0612],
        [0.0775, 0.0625, 0.0313, 0.0569, 0.0758, 0.0441, 0.0440, 0.5362, 0.0391,
         0.0325],
        [0.0368, 0.0348, 0.0757, 0.4314, 0.0802, 0.1272, 0.0490, 0.0729, 0.0483,
         0.0437],
        [0.0495, 0.0547, 0.0416, 0.0975, 0.0403, 0.4879, 0.0409, 0.0565, 0.0671,
         0.0641],
        [0.1098, 0.0745, 0.0549, 0.4851, 0.0422, 0.0460, 0.0545, 0.0391, 0.0567,
         0.0371],
        [0.0497, 0.0963, 0.2775, 0.1112, 0.1692, 0.0413, 0.0356, 0.0398, 0.0779,
         0.1015],
        [0.4059, 0.1951, 0.0402, 0.0407, 0.0471, 0.0556, 0.0415, 0.0428, 0.0996,
         0.0316],
        [0.0810, 0.0673, 0.0418, 0.0544, 0.0573, 0.0378, 0.0481, 0.5303, 0.0495,
         0.0325],
        [0.0723, 0.0445, 0.0189, 0.0225, 0.7020, 0.0252, 0.0292, 0.0298, 0.0268,
         0.0286],
        [0.0504, 0.0294, 0.0214, 0.0205, 0.0292, 0.0247, 0.6573, 0.0480, 0.0809,
         0.0382],
        [0.1040, 0.0587, 0.0371, 0.2055, 0.0606, 0.1643, 0.0407, 0.1864, 0.0416,
         0.1011],
        [0.1768, 0.0699, 0.1114, 0.0633, 0.0994, 0.0561, 0.0498, 0.2896, 0.0577,
         0.0259],
        [0.0431, 0.0642, 0.0419, 0.0387, 0.0427, 0.0309, 0.0454, 0.0606, 0.0651,
         0.5674],
        [0.0542, 0.0379, 0.0345, 0.4651, 0.0690, 0.1236, 0.0634, 0.0311, 0.0634,
         0.0578],
        [0.0578, 0.0295, 0.0642, 0.3109, 0.1081, 0.0343, 0.0402, 0.0715, 0.2197,
         0.0637],
        [0.0682, 0.0551, 0.0441, 0.0408, 0.0461, 0.0351, 0.0446, 0.0702, 0.0615,
         0.5343],
        [0.0436, 0.0672, 0.0257, 0.0861, 0.4915, 0.0374, 0.0490, 0.1001, 0.0529,
         0.0464],
        [0.0610, 0.0626, 0.0426, 0.0326, 0.0420, 0.0371, 0.5506, 0.0630, 0.0613,
         0.0473],
        [0.0418, 0.0538, 0.5774, 0.0310, 0.0546, 0.0832, 0.0346, 0.0465, 0.0482,
         0.0289],
        [0.0755, 0.5781, 0.0407, 0.0409, 0.0621, 0.0346, 0.0443, 0.0515, 0.0479,
         0.0243],
        [0.0820, 0.0830, 0.0532, 0.0535, 0.0564, 0.0398, 0.0479, 0.0693, 0.0541,
         0.4608],
        [0.0562, 0.0541, 0.0328, 0.0850, 0.1696, 0.3101, 0.0586, 0.1147, 0.0523,
         0.0667],
        [0.0482, 0.0807, 0.4078, 0.0446, 0.0459, 0.1715, 0.0503, 0.0531, 0.0566,
         0.0412],
        [0.0498, 0.0468, 0.6562, 0.0325, 0.0379, 0.0435, 0.0316, 0.0351, 0.0430,
         0.0237],
        [0.0441, 0.0350, 0.0469, 0.0351, 0.0483, 0.0395, 0.0664, 0.0458, 0.6047,
         0.0341],
        [0.0358, 0.0359, 0.0283, 0.0212, 0.0329, 0.0262, 0.6987, 0.0388, 0.0492,
         0.0329],
        [0.0951, 0.0451, 0.0769, 0.1833, 0.0673, 0.0619, 0.2238, 0.1064, 0.0571,
         0.0831],
        [0.5447, 0.0452, 0.0511, 0.0468, 0.0466, 0.0477, 0.0298, 0.0610, 0.1069,
         0.0204],
        [0.1461, 0.1575, 0.0440, 0.0761, 0.0468, 0.0357, 0.0484, 0.1001, 0.0423,
         0.3030],
        [0.0887, 0.1386, 0.0472, 0.0437, 0.0542, 0.0352, 0.0565, 0.0677, 0.0581,
         0.4101],
        [0.0599, 0.0479, 0.0539, 0.0629, 0.0448, 0.1524, 0.0624, 0.4273, 0.0440,
         0.0444],
        [0.0350, 0.0377, 0.0125, 0.0224, 0.7869, 0.0220, 0.0190, 0.0242, 0.0224,
         0.0180]], device='cuda:0', grad_fn=<SoftmaxBackward>)
>> best accuracy: 79.12	best epoch: 20

>> final recovery rate: 60.23555555555555%
>> val epoch: 25
>> current accuracy: 81.66%
outputs: tensor([[0.0556, 0.0306, 0.0374, 0.0188, 0.0297, 0.0384, 0.6626, 0.0380, 0.0298,
         0.0590],
        [0.7636, 0.0316, 0.0229, 0.0319, 0.0283, 0.0294, 0.0353, 0.0226, 0.0103,
         0.0242],
        [0.0665, 0.0626, 0.0495, 0.0453, 0.0364, 0.0325, 0.0367, 0.0330, 0.0206,
         0.6169],
        [0.0429, 0.0466, 0.0564, 0.0568, 0.6047, 0.0398, 0.0358, 0.0328, 0.0291,
         0.0551],
        [0.4462, 0.0599, 0.2299, 0.0418, 0.0384, 0.0408, 0.0595, 0.0314, 0.0204,
         0.0316],
        [0.0332, 0.0455, 0.2889, 0.1263, 0.0288, 0.1201, 0.1328, 0.0951, 0.0588,
         0.0706],
        [0.0407, 0.0266, 0.0483, 0.0388, 0.0420, 0.0371, 0.0550, 0.0412, 0.6285,
         0.0419],
        [0.5081, 0.0615, 0.1694, 0.0351, 0.0459, 0.0408, 0.0558, 0.0332, 0.0180,
         0.0321],
        [0.0913, 0.0383, 0.0460, 0.0387, 0.0550, 0.0611, 0.4954, 0.0514, 0.0549,
         0.0678],
        [0.0724, 0.0449, 0.0661, 0.0571, 0.0363, 0.0601, 0.0541, 0.5210, 0.0479,
         0.0402],
        [0.0504, 0.1201, 0.0961, 0.0681, 0.0575, 0.0697, 0.0583, 0.0602, 0.3340,
         0.0856],
        [0.0872, 0.0207, 0.0504, 0.0377, 0.0396, 0.0665, 0.0377, 0.0404, 0.0218,
         0.5982],
        [0.0429, 0.0384, 0.0363, 0.0418, 0.6408, 0.0483, 0.0444, 0.0307, 0.0357,
         0.0409],
        [0.0389, 0.6358, 0.0586, 0.0359, 0.0426, 0.0390, 0.0424, 0.0352, 0.0375,
         0.0341],
        [0.0485, 0.0402, 0.0628, 0.0616, 0.0308, 0.5873, 0.0459, 0.0309, 0.0403,
         0.0515],
        [0.0613, 0.0581, 0.0758, 0.1232, 0.0495, 0.4132, 0.0477, 0.0323, 0.0456,
         0.0931],
        [0.0334, 0.0406, 0.0436, 0.0511, 0.0248, 0.0513, 0.0508, 0.6407, 0.0243,
         0.0393],
        [0.0925, 0.0238, 0.0530, 0.0414, 0.0438, 0.0594, 0.0379, 0.0365, 0.0265,
         0.5853],
        [0.0345, 0.0354, 0.2397, 0.1629, 0.2555, 0.1036, 0.0455, 0.0393, 0.0347,
         0.0489],
        [0.0224, 0.6938, 0.0481, 0.0385, 0.0281, 0.0296, 0.0296, 0.0252, 0.0354,
         0.0492],
        [0.0458, 0.0417, 0.0632, 0.0343, 0.6161, 0.0569, 0.0401, 0.0190, 0.0278,
         0.0551],
