noise type: uniform
noise level: 0.8
when_to_apply_epoch: 100
total clean data num: 10911
probability transition matrix:
[[0.2        0.08888889 0.08888889 0.08888889 0.08888889 0.08888889
  0.08888889 0.08888889 0.08888889 0.08888889]
 [0.08888889 0.2        0.08888889 0.08888889 0.08888889 0.08888889
  0.08888889 0.08888889 0.08888889 0.08888889]
 [0.08888889 0.08888889 0.2        0.08888889 0.08888889 0.08888889
  0.08888889 0.08888889 0.08888889 0.08888889]
 [0.08888889 0.08888889 0.08888889 0.2        0.08888889 0.08888889
  0.08888889 0.08888889 0.08888889 0.08888889]
 [0.08888889 0.08888889 0.08888889 0.08888889 0.2        0.08888889
  0.08888889 0.08888889 0.08888889 0.08888889]
 [0.08888889 0.08888889 0.08888889 0.08888889 0.08888889 0.2
  0.08888889 0.08888889 0.08888889 0.08888889]
 [0.08888889 0.08888889 0.08888889 0.08888889 0.08888889 0.08888889
  0.2        0.08888889 0.08888889 0.08888889]
 [0.08888889 0.08888889 0.08888889 0.08888889 0.08888889 0.08888889
  0.08888889 0.2        0.08888889 0.08888889]
 [0.08888889 0.08888889 0.08888889 0.08888889 0.08888889 0.08888889
  0.08888889 0.08888889 0.2        0.08888889]
 [0.08888889 0.08888889 0.08888889 0.08888889 0.08888889 0.08888889
  0.08888889 0.08888889 0.08888889 0.2       ]]
>> val epoch: 0
>> current accuracy: 38.233333333333334%
outputs: tensor([[0.1438, 0.0998, 0.0927, 0.1012, 0.1330, 0.0989, 0.0473, 0.1585, 0.0529,
         0.0720],
        [0.1620, 0.1103, 0.0734, 0.0630, 0.2257, 0.1078, 0.0425, 0.0902, 0.0529,
         0.0722],
        [0.1508, 0.0978, 0.0805, 0.0957, 0.1456, 0.1037, 0.0412, 0.1651, 0.0468,
         0.0728],
        [0.1594, 0.1029, 0.0809, 0.0720, 0.2092, 0.1124, 0.0524, 0.0882, 0.0558,
         0.0667],
        [0.1469, 0.0868, 0.0915, 0.1049, 0.1110, 0.1416, 0.0465, 0.1204, 0.0598,
         0.0907],
        [0.1365, 0.1616, 0.0989, 0.0649, 0.1429, 0.1020, 0.0783, 0.0845, 0.0575,
         0.0729],
        [0.1636, 0.0982, 0.0922, 0.0723, 0.1418, 0.1021, 0.0414, 0.1061, 0.0616,
         0.1207],
        [0.1398, 0.1259, 0.0894, 0.0897, 0.1432, 0.1108, 0.0829, 0.0960, 0.0522,
         0.0702],
        [0.1563, 0.0876, 0.0875, 0.1402, 0.1537, 0.1088, 0.0441, 0.0822, 0.0606,
         0.0789],
        [0.1604, 0.0922, 0.0947, 0.0695, 0.1299, 0.1069, 0.0383, 0.1413, 0.0581,
         0.1087],
        [0.1494, 0.1015, 0.0834, 0.0889, 0.1381, 0.1475, 0.0582, 0.0917, 0.0571,
         0.0842],
        [0.1557, 0.1144, 0.0743, 0.0628, 0.2486, 0.1169, 0.0398, 0.0763, 0.0483,
         0.0630],
        [0.2928, 0.0982, 0.0764, 0.0658, 0.1050, 0.1203, 0.0434, 0.0685, 0.0555,
         0.0739],
        [0.1443, 0.1090, 0.1111, 0.0943, 0.1377, 0.1025, 0.0584, 0.0899, 0.0758,
         0.0770],
        [0.1666, 0.0770, 0.0846, 0.0978, 0.1195, 0.1019, 0.1320, 0.1097, 0.0443,
         0.0665],
        [0.1515, 0.1859, 0.0852, 0.0579, 0.1501, 0.0937, 0.0575, 0.0851, 0.0535,
         0.0796],
        [0.1515, 0.0923, 0.1040, 0.0829, 0.1277, 0.0918, 0.0464, 0.1654, 0.0496,
         0.0883],
        [0.1497, 0.0860, 0.1211, 0.0910, 0.1262, 0.1139, 0.0678, 0.0874, 0.0809,
         0.0760],
        [0.1354, 0.1089, 0.1045, 0.0852, 0.1730, 0.1092, 0.0480, 0.0981, 0.0563,
         0.0815],
        [0.1753, 0.0910, 0.1003, 0.0859, 0.1308, 0.1290, 0.0576, 0.0779, 0.0782,
         0.0739],
        [0.1607, 0.1163, 0.1503, 0.0772, 0.1243, 0.0938, 0.0608, 0.0697, 0.0690,
         0.0779],
        [0.1466, 0.1150, 0.0920, 0.0873, 0.1457, 0.1163, 0.0814, 0.0921, 0.0551,
         0.0685],
        [0.1376, 0.1336, 0.0987, 0.0759, 0.1535, 0.1124, 0.0757, 0.0876, 0.0568,
         0.0683],
        [0.1342, 0.1398, 0.0882, 0.0773, 0.1566, 0.1141, 0.0741, 0.0947, 0.0523,
         0.0687],
        [0.2348, 0.1051, 0.0732, 0.0762, 0.1309, 0.1275, 0.0524, 0.0783, 0.0554,
         0.0662],
        [0.1712, 0.1037, 0.0918, 0.0783, 0.1504, 0.1080, 0.0530, 0.0972, 0.0593,
         0.0869],
        [0.1471, 0.1082, 0.0825, 0.0747, 0.1277, 0.1447, 0.0621, 0.0982, 0.0628,
         0.0920],
        [0.1868, 0.0873, 0.0761, 0.0828, 0.1045, 0.0983, 0.1364, 0.1005, 0.0520,
         0.0753],
        [0.1574, 0.0901, 0.0855, 0.1388, 0.1483, 0.1108, 0.0473, 0.0893, 0.0551,
         0.0775],
        [0.1445, 0.1070, 0.1210, 0.0818, 0.1447, 0.1034, 0.0554, 0.0882, 0.0795,
         0.0745],
        [0.1953, 0.0907, 0.1094, 0.1067, 0.1289, 0.1042, 0.0493, 0.0844, 0.0546,
         0.0765],
        [0.1448, 0.1153, 0.1027, 0.0855, 0.1343, 0.0963, 0.0522, 0.1343, 0.0551,
         0.0795],
        [0.1479, 0.1028, 0.0815, 0.0763, 0.1298, 0.1421, 0.0799, 0.0967, 0.0551,
         0.0880],
        [0.1511, 0.1041, 0.1149, 0.1008, 0.1591, 0.0941, 0.0581, 0.0854, 0.0572,
         0.0753],
        [0.1448, 0.1040, 0.0869, 0.0794, 0.1627, 0.1162, 0.0482, 0.1033, 0.0583,
         0.0962],
        [0.1424, 0.1745, 0.0922, 0.0629, 0.1411, 0.0959, 0.0681, 0.0869, 0.0568,
         0.0791],
        [0.1428, 0.1061, 0.1029, 0.0703, 0.1389, 0.1182, 0.0625, 0.0997, 0.0727,
         0.0858],
        [0.1421, 0.1156, 0.0974, 0.1194, 0.1378, 0.1037, 0.0469, 0.0939, 0.0607,
         0.0824],
        [0.1616, 0.0796, 0.0964, 0.0866, 0.1142, 0.0896, 0.0394, 0.1936, 0.0475,
         0.0916],
        [0.1367, 0.1031, 0.0865, 0.0767, 0.1333, 0.1605, 0.0614, 0.1020, 0.0562,
         0.0836],
        [0.1791, 0.1076, 0.0979, 0.0846, 0.1414, 0.1354, 0.0490, 0.0720, 0.0682,
         0.0648],
        [0.1585, 0.1264, 0.0940, 0.0888, 0.1540, 0.1058, 0.0456, 0.0884, 0.0604,
         0.0780],
        [0.1551, 0.1023, 0.0921, 0.0739, 0.1291, 0.1058, 0.0417, 0.1160, 0.0582,
         0.1257],
        [0.2864, 0.0933, 0.0743, 0.0707, 0.1019, 0.1184, 0.0489, 0.0738, 0.0547,
         0.0776],
        [0.1515, 0.1293, 0.1145, 0.0789, 0.1404, 0.1098, 0.0567, 0.0726, 0.0711,
         0.0752],
        [0.1651, 0.0861, 0.0852, 0.1287, 0.1343, 0.1199, 0.0455, 0.0959, 0.0576,
         0.0817],
        [0.1450, 0.1055, 0.0944, 0.0729, 0.1353, 0.1110, 0.0412, 0.1297, 0.0577,
         0.1073],
        [0.1559, 0.1056, 0.0874, 0.0784, 0.1653, 0.1026, 0.0468, 0.1039, 0.0555,
         0.0986]], device='cuda:0', grad_fn=<SoftmaxBackward>)
>> best accuracy: 38.233333333333334	best epoch: 0

>> final recovery rate: 20.205555555555556%
>> val epoch: 5
>> current accuracy: 86.68333333333334%
outputs: tensor([[0.0755, 0.1222, 0.0881, 0.0802, 0.0931, 0.0692, 0.0898, 0.0898, 0.0879,
         0.2042],
        [0.0828, 0.0912, 0.0841, 0.1157, 0.0654, 0.0553, 0.0780, 0.0816, 0.2135,
         0.1324],
        [0.0947, 0.1451, 0.0746, 0.1136, 0.1355, 0.0683, 0.0954, 0.0820, 0.0820,
         0.1087],
        [0.0778, 0.2155, 0.0780, 0.1125, 0.0625, 0.0648, 0.0815, 0.0913, 0.1079,
         0.1083],
        [0.0754, 0.2678, 0.0756, 0.0986, 0.0619, 0.0577, 0.0914, 0.0799, 0.0874,
         0.1042],
        [0.2054, 0.0850, 0.0837, 0.0913, 0.0642, 0.0749, 0.1020, 0.1012, 0.0801,
         0.1124],
        [0.0835, 0.1073, 0.0813, 0.0767, 0.0741, 0.1088, 0.1056, 0.1006, 0.1589,
         0.1031],
        [0.0770, 0.1258, 0.0868, 0.0935, 0.0731, 0.1409, 0.0933, 0.0925, 0.1084,
         0.1086],
        [0.0810, 0.1185, 0.0830, 0.0968, 0.0667, 0.0683, 0.0843, 0.2013, 0.0967,
         0.1032],
        [0.0778, 0.2711, 0.0738, 0.1094, 0.0618, 0.0597, 0.0863, 0.0752, 0.0791,
         0.1058],
        [0.0760, 0.2176, 0.0805, 0.1135, 0.0669, 0.0631, 0.0853, 0.0874, 0.0986,
         0.1112],
        [0.0786, 0.1055, 0.1488, 0.1154, 0.0777, 0.0827, 0.0963, 0.0972, 0.0915,
         0.1064],
        [0.0753, 0.1227, 0.0861, 0.0935, 0.0878, 0.0620, 0.0847, 0.0920, 0.0922,
         0.2037],
        [0.0979, 0.2227, 0.0669, 0.1046, 0.0823, 0.0663, 0.0838, 0.1019, 0.0863,
         0.0873],
        [0.1068, 0.1246, 0.0783, 0.0977, 0.1651, 0.0698, 0.0941, 0.0817, 0.0805,
         0.1013],
        [0.0966, 0.1342, 0.0742, 0.1228, 0.0726, 0.0557, 0.2076, 0.0795, 0.0712,
         0.0856],
        [0.0682, 0.1085, 0.1850, 0.0943, 0.0875, 0.0773, 0.0891, 0.1054, 0.0784,
         0.1062],
        [0.0873, 0.0981, 0.1304, 0.1165, 0.0769, 0.0702, 0.0770, 0.0890, 0.1207,
         0.1339],
        [0.0795, 0.1259, 0.0855, 0.0945, 0.0918, 0.0583, 0.0855, 0.0865, 0.0945,
         0.1980],
        [0.0876, 0.1183, 0.1037, 0.1181, 0.0880, 0.0772, 0.0824, 0.0989, 0.1094,
         0.1165],
        [0.0986, 0.1154, 0.0814, 0.1018, 0.0782, 0.0708, 0.1883, 0.0937, 0.0735,
         0.0983],
        [0.0885, 0.1020, 0.0902, 0.2718, 0.0581, 0.0535, 0.0720, 0.0666, 0.0787,
         0.1185],
        [0.0965, 0.1343, 0.0697, 0.1177, 0.1180, 0.0703, 0.1178, 0.0915, 0.0756,
         0.1086],
        [0.1105, 0.1067, 0.1047, 0.1643, 0.0747, 0.0638, 0.0743, 0.0991, 0.0853,
         0.1167],
        [0.0800, 0.1237, 0.0804, 0.1000, 0.0938, 0.0624, 0.0837, 0.0893, 0.1049,
         0.1819],
        [0.0817, 0.1561, 0.0747, 0.0980, 0.0721, 0.0732, 0.0891, 0.0881, 0.1560,
         0.1110],
        [0.1921, 0.1006, 0.0720, 0.1009, 0.0669, 0.0729, 0.0934, 0.0990, 0.0775,
         0.1247],
        [0.0902, 0.1472, 0.0964, 0.1231, 0.0761, 0.0569, 0.1628, 0.0722, 0.0775,
         0.0977],
        [0.0771, 0.2240, 0.0744, 0.1112, 0.0658, 0.0611, 0.0844, 0.0878, 0.1035,
         0.1108],
        [0.0895, 0.0993, 0.1616, 0.1079, 0.0791, 0.0769, 0.0920, 0.1085, 0.0845,
         0.1007],
        [0.0755, 0.2177, 0.0768, 0.1288, 0.0675, 0.0633, 0.0943, 0.0822, 0.0880,
         0.1060],
        [0.0825, 0.1282, 0.0902, 0.0892, 0.0793, 0.1487, 0.0870, 0.0838, 0.0973,
         0.1138],
        [0.0669, 0.1167, 0.1893, 0.0976, 0.0811, 0.0676, 0.0969, 0.0918, 0.0814,
         0.1107],
        [0.0800, 0.2959, 0.0739, 0.1092, 0.0622, 0.0529, 0.0843, 0.0723, 0.0664,
         0.1030],
        [0.1525, 0.1176, 0.0900, 0.1037, 0.0859, 0.0591, 0.0881, 0.0781, 0.0793,
         0.1458],
        [0.0878, 0.1258, 0.0808, 0.1718, 0.0669, 0.0720, 0.0719, 0.1006, 0.1053,
         0.1171],
        [0.1024, 0.1110, 0.0880, 0.1066, 0.0743, 0.0672, 0.0853, 0.0827, 0.1545,
         0.1278],
        [0.0822, 0.1277, 0.0757, 0.1006, 0.0893, 0.0741, 0.0983, 0.0988, 0.0861,
         0.1672],
        [0.1005, 0.1401, 0.0791, 0.0985, 0.1534, 0.0685, 0.0942, 0.0863, 0.0757,
         0.1038],
        [0.0890, 0.2747, 0.0754, 0.0975, 0.0638, 0.0544, 0.0856, 0.0964, 0.0737,
         0.0896],
        [0.0889, 0.1200, 0.0861, 0.1061, 0.0775, 0.1541, 0.0942, 0.0823, 0.0815,
         0.1092],
        [0.0990, 0.1311, 0.0814, 0.1095, 0.1521, 0.0723, 0.0840, 0.0790, 0.0761,
         0.1156],
        [0.0926, 0.0993, 0.0812, 0.1013, 0.0657, 0.1647, 0.1014, 0.1124, 0.0806,
         0.1006],
        [0.0947, 0.2721, 0.0719, 0.1001, 0.0633, 0.0558, 0.0833, 0.0948, 0.0738,
         0.0903],
        [0.1085, 0.1200, 0.0809, 0.1059, 0.0854, 0.0694, 0.1629, 0.0929, 0.0675,
         0.1065],
        [0.0784, 0.1391, 0.1375, 0.1057, 0.0770, 0.0684, 0.0936, 0.0997, 0.0881,
         0.1125],
        [0.1850, 0.1212, 0.0710, 0.1093, 0.0693, 0.0716, 0.0755, 0.0798, 0.0867,
         0.1308],
        [0.0825, 0.1566, 0.0773, 0.1190, 0.0878, 0.0670, 0.0915, 0.1073, 0.0976,
         0.1134]], device='cuda:0', grad_fn=<SoftmaxBackward>)
>> best accuracy: 86.68333333333334	best epoch: 5

>> final recovery rate: 20.205555555555556%
>> val epoch: 10
>> current accuracy: 77.11666666666666%
outputs: tensor([[0.0875, 0.0896, 0.1667, 0.1559, 0.0811, 0.1084, 0.0843, 0.0677, 0.0738,
         0.0850],
        [0.1090, 0.0734, 0.0895, 0.1609, 0.0569, 0.0818, 0.0873, 0.1792, 0.0730,
         0.0889],
        [0.1220, 0.0698, 0.0585, 0.0948, 0.0883, 0.0800, 0.2269, 0.0711, 0.0861,
         0.1024],
        [0.1576, 0.0906, 0.0910, 0.1117, 0.1024, 0.0612, 0.0829, 0.0861, 0.1196,
         0.0968],
        [0.1222, 0.1603, 0.0776, 0.0676, 0.0952, 0.1050, 0.1133, 0.0779, 0.0950,
         0.0857],
        [0.1552, 0.0851, 0.0625, 0.1758, 0.1066, 0.0786, 0.1242, 0.0813, 0.0504,
         0.0803],
        [0.1164, 0.0643, 0.0897, 0.0551, 0.0865, 0.0633, 0.3173, 0.0810, 0.0462,
         0.0802],
        [0.1048, 0.0895, 0.1258, 0.1005, 0.0773, 0.0771, 0.1350, 0.0659, 0.1158,
         0.1084],
        [0.1459, 0.0829, 0.0788, 0.0739, 0.1639, 0.0549, 0.0773, 0.0751, 0.0945,
         0.1529],
        [0.1089, 0.0780, 0.0781, 0.1027, 0.0784, 0.1172, 0.1176, 0.0758, 0.0751,
         0.1683],
        [0.1490, 0.0663, 0.0492, 0.3042, 0.0807, 0.0401, 0.0804, 0.0467, 0.0730,
         0.1103],
        [0.1202, 0.0744, 0.1099, 0.0982, 0.0843, 0.0578, 0.1026, 0.0625, 0.1903,
         0.0999],
        [0.1088, 0.0786, 0.0746, 0.1352, 0.0810, 0.0947, 0.1014, 0.1581, 0.0917,
         0.0758],
        [0.1624, 0.0469, 0.0622, 0.0745, 0.0834, 0.1484, 0.1325, 0.0987, 0.0567,
         0.1343],
        [0.1442, 0.1000, 0.0801, 0.0748, 0.0977, 0.0991, 0.2069, 0.0768, 0.0556,
         0.0648],
        [0.1385, 0.0968, 0.0818, 0.0700, 0.1005, 0.1102, 0.1233, 0.0729, 0.0804,
         0.1257],
        [0.1592, 0.0742, 0.0834, 0.0908, 0.0900, 0.1516, 0.0981, 0.0900, 0.0548,
         0.1080],
        [0.1121, 0.0518, 0.0728, 0.0760, 0.0781, 0.0760, 0.1306, 0.0831, 0.0972,
         0.2223],
        [0.0917, 0.0780, 0.0957, 0.1079, 0.0831, 0.0779, 0.1021, 0.1711, 0.1040,
         0.0886],
        [0.1255, 0.0606, 0.0586, 0.1015, 0.0494, 0.0862, 0.2764, 0.0860, 0.0670,
         0.0888],
        [0.1088, 0.0988, 0.0681, 0.1130, 0.1895, 0.0814, 0.1094, 0.0792, 0.0560,
         0.0958],
        [0.1555, 0.1162, 0.0943, 0.0832, 0.1279, 0.0890, 0.1068, 0.0996, 0.0546,
         0.0730],
        [0.0951, 0.0775, 0.0746, 0.1101, 0.0880, 0.0893, 0.1314, 0.1484, 0.0891,
         0.0967],
        [0.0763, 0.1162, 0.1380, 0.1266, 0.1349, 0.0534, 0.1130, 0.0618, 0.0908,
         0.0892],
        [0.1593, 0.1082, 0.0901, 0.0934, 0.0796, 0.0730, 0.1352, 0.1321, 0.0555,
         0.0736],
        [0.1257, 0.0702, 0.1120, 0.0491, 0.0530, 0.1450, 0.1843, 0.1028, 0.0771,
         0.0807],
        [0.3303, 0.0669, 0.0745, 0.0553, 0.0556, 0.1027, 0.1100, 0.0737, 0.0604,
         0.0706],
        [0.1165, 0.0783, 0.0742, 0.2412, 0.0589, 0.0879, 0.0626, 0.1523, 0.0501,
         0.0781],
        [0.0951, 0.0888, 0.1136, 0.0739, 0.1705, 0.0631, 0.0883, 0.0493, 0.0746,
         0.1829],
        [0.1313, 0.0595, 0.0693, 0.1014, 0.1027, 0.1970, 0.1353, 0.0661, 0.0538,
         0.0836],
        [0.1515, 0.0558, 0.0566, 0.2503, 0.0736, 0.0572, 0.1191, 0.0633, 0.0900,
         0.0827],
        [0.1478, 0.0591, 0.1540, 0.1476, 0.0737, 0.0771, 0.0960, 0.0995, 0.0703,
         0.0750],
        [0.1932, 0.0701, 0.0645, 0.1134, 0.0913, 0.1048, 0.0919, 0.0990, 0.0682,
         0.1035],
        [0.1138, 0.0830, 0.0802, 0.0979, 0.1078, 0.1179, 0.0995, 0.1088, 0.0602,
         0.1308],
        [0.1072, 0.0643, 0.1686, 0.0827, 0.1083, 0.1004, 0.0954, 0.0857, 0.1010,
         0.0863],
        [0.1769, 0.0749, 0.0904, 0.1655, 0.0567, 0.1217, 0.0756, 0.0782, 0.0657,
         0.0944],
        [0.1137, 0.0651, 0.0688, 0.1023, 0.1044, 0.1008, 0.2446, 0.0903, 0.0584,
         0.0516],
        [0.1203, 0.1053, 0.0591, 0.1011, 0.0806, 0.1286, 0.0942, 0.0844, 0.1261,
         0.1003],
        [0.1038, 0.0645, 0.1157, 0.0840, 0.1086, 0.0827, 0.1508, 0.1202, 0.0751,
         0.0946],
        [0.1209, 0.0726, 0.0717, 0.2707, 0.0945, 0.0506, 0.1006, 0.0631, 0.0537,
         0.1017],
        [0.1502, 0.1054, 0.0621, 0.1662, 0.1288, 0.0818, 0.0681, 0.0714, 0.0456,
         0.1203],
        [0.1280, 0.0610, 0.1101, 0.0912, 0.0628, 0.0690, 0.1197, 0.0992, 0.1756,
         0.0833],
        [0.0934, 0.0665, 0.0781, 0.0817, 0.0970, 0.0705, 0.1246, 0.2429, 0.0529,
         0.0925],
        [0.0967, 0.0870, 0.0885, 0.0747, 0.1159, 0.0943, 0.1148, 0.0692, 0.1138,
         0.1451],
        [0.1035, 0.0810, 0.0974, 0.1005, 0.0879, 0.0728, 0.1052, 0.1757, 0.0900,
         0.0861],
        [0.1442, 0.0638, 0.0721, 0.1562, 0.0845, 0.0625, 0.0868, 0.0528, 0.1650,
         0.1121],
        [0.1162, 0.1313, 0.0926, 0.0905, 0.1445, 0.0442, 0.0911, 0.0607, 0.1006,
         0.1283],
        [0.1211, 0.1807, 0.0649, 0.1034, 0.0731, 0.0887, 0.1354, 0.0781, 0.0600,
         0.0945]], device='cuda:0', grad_fn=<SoftmaxBackward>)
>> best accuracy: 86.68333333333334	best epoch: 5

>> final recovery rate: 20.205555555555556%
>> val epoch: 15
>> current accuracy: 38.38333333333333%
outputs: tensor([[0.0249, 0.1981, 0.1479, 0.0580, 0.0659, 0.3021, 0.0343, 0.0378, 0.0957,
         0.0354],
        [0.2311, 0.1912, 0.2061, 0.0141, 0.0437, 0.0474, 0.0960, 0.0182, 0.0417,
         0.1106],
        [0.0522, 0.1891, 0.0296, 0.1832, 0.0495, 0.0824, 0.0995, 0.0478, 0.0456,
         0.2210],
        [0.1078, 0.2763, 0.0460, 0.1071, 0.0340, 0.0440, 0.0653, 0.1365, 0.0612,
         0.1219],
        [0.0573, 0.0352, 0.1380, 0.0727, 0.0998, 0.0307, 0.1202, 0.0558, 0.2220,
         0.1684],
        [0.8671, 0.0032, 0.0437, 0.0013, 0.0105, 0.0409, 0.0114, 0.0110, 0.0036,
         0.0073],
        [0.0183, 0.1455, 0.0689, 0.0067, 0.0588, 0.2359, 0.0244, 0.0332, 0.3598,
         0.0484],
        [0.4665, 0.0607, 0.0256, 0.1051, 0.0504, 0.0640, 0.0805, 0.0339, 0.0324,
         0.0808],
        [0.0352, 0.2222, 0.2403, 0.0497, 0.1708, 0.0766, 0.0136, 0.0119, 0.0205,
         0.1592],
        [0.0330, 0.0042, 0.0027, 0.0035, 0.0243, 0.8928, 0.0088, 0.0106, 0.0051,
         0.0150],
        [0.0491, 0.1442, 0.1232, 0.0611, 0.0801, 0.0257, 0.3357, 0.0413, 0.0374,
         0.1022],
        [0.0350, 0.0643, 0.0841, 0.0142, 0.2813, 0.2459, 0.0915, 0.0325, 0.0802,
         0.0710],
        [0.1150, 0.0417, 0.0666, 0.1730, 0.1341, 0.0289, 0.0443, 0.1526, 0.2141,
         0.0297],
        [0.0938, 0.0888, 0.1263, 0.0742, 0.0583, 0.1066, 0.1757, 0.0906, 0.1007,
         0.0849],
        [0.5023, 0.0565, 0.1126, 0.0055, 0.0312, 0.0813, 0.0349, 0.0232, 0.1319,
         0.0205],
        [0.1019, 0.0271, 0.1160, 0.0306, 0.0525, 0.1366, 0.0296, 0.1945, 0.1471,
         0.1641],
        [0.0363, 0.0227, 0.2503, 0.0063, 0.0430, 0.0135, 0.1130, 0.3271, 0.0259,
         0.1620],
        [0.2821, 0.0883, 0.0501, 0.0345, 0.2193, 0.0186, 0.0321, 0.0462, 0.1201,
         0.1085],
        [0.0484, 0.1039, 0.0690, 0.0870, 0.0601, 0.0247, 0.2592, 0.0285, 0.1410,
         0.1784],
        [0.0414, 0.0295, 0.0613, 0.1508, 0.0230, 0.0361, 0.0942, 0.2366, 0.2304,
         0.0968],
        [0.1056, 0.0088, 0.0066, 0.0574, 0.0586, 0.1219, 0.1720, 0.0597, 0.1709,
         0.2384],
        [0.0693, 0.1120, 0.0521, 0.0909, 0.0570, 0.1149, 0.0650, 0.1249, 0.0827,
         0.2312],
        [0.0239, 0.5128, 0.0251, 0.1504, 0.0291, 0.0388, 0.0501, 0.0481, 0.0570,
         0.0648],
        [0.0053, 0.3822, 0.1052, 0.0408, 0.0984, 0.0379, 0.0770, 0.0550, 0.1142,
         0.0840],
        [0.0407, 0.0250, 0.0565, 0.2145, 0.0389, 0.0353, 0.2126, 0.0839, 0.2217,
         0.0709],
        [0.1912, 0.2230, 0.1229, 0.0387, 0.0629, 0.0216, 0.0640, 0.0889, 0.0147,
         0.1721],
        [0.0387, 0.1921, 0.0486, 0.2798, 0.0683, 0.1268, 0.0920, 0.0973, 0.0324,
         0.0239],
        [0.1409, 0.0184, 0.0294, 0.0776, 0.4258, 0.0794, 0.0856, 0.0382, 0.0421,
         0.0625],
        [0.0377, 0.0066, 0.0361, 0.0492, 0.0178, 0.0228, 0.0100, 0.2557, 0.5548,
         0.0094],
        [0.1644, 0.0518, 0.0904, 0.0324, 0.0825, 0.0506, 0.0906, 0.2515, 0.1106,
         0.0751],
        [0.1268, 0.0192, 0.0505, 0.0317, 0.1873, 0.1295, 0.1841, 0.1218, 0.0389,
         0.1101],
        [0.3116, 0.2487, 0.0592, 0.0315, 0.0942, 0.0157, 0.0201, 0.0442, 0.1139,
         0.0610],
        [0.0668, 0.0880, 0.0348, 0.0262, 0.1182, 0.1500, 0.1012, 0.1286, 0.0280,
         0.2581],
        [0.0109, 0.0153, 0.0024, 0.0581, 0.0112, 0.0139, 0.6823, 0.0072, 0.0331,
         0.1656],
        [0.0285, 0.0219, 0.0269, 0.1992, 0.2716, 0.2358, 0.0140, 0.0132, 0.1265,
         0.0624],
        [0.0069, 0.0237, 0.1268, 0.0181, 0.3904, 0.3196, 0.0232, 0.0020, 0.0358,
         0.0535],
        [0.0853, 0.2623, 0.0973, 0.1006, 0.0372, 0.0232, 0.0562, 0.0640, 0.1149,
         0.1589],
        [0.0377, 0.1648, 0.1821, 0.0971, 0.0452, 0.0506, 0.0845, 0.0609, 0.0518,
         0.2253],
        [0.0711, 0.0952, 0.1401, 0.0737, 0.0327, 0.3962, 0.0363, 0.0404, 0.0148,
         0.0996],
        [0.0872, 0.0533, 0.0880, 0.0176, 0.2839, 0.1217, 0.1867, 0.0422, 0.0356,
         0.0840],
        [0.0165, 0.1935, 0.0504, 0.0329, 0.0312, 0.4827, 0.0274, 0.0437, 0.0426,
         0.0791],
        [0.0768, 0.1391, 0.0349, 0.2246, 0.0385, 0.0701, 0.0718, 0.0958, 0.1334,
         0.1150],
        [0.0488, 0.3893, 0.0445, 0.2890, 0.0591, 0.0260, 0.0157, 0.0607, 0.0336,
         0.0334],
        [0.0090, 0.1634, 0.0695, 0.0347, 0.0500, 0.3744, 0.0132, 0.1118, 0.0342,
         0.1399],
        [0.0506, 0.0534, 0.0864, 0.2952, 0.0544, 0.0355, 0.0840, 0.0304, 0.1491,
         0.1611],
        [0.0544, 0.2064, 0.0153, 0.3212, 0.0286, 0.0097, 0.0734, 0.0252, 0.1757,
         0.0901],
        [0.0772, 0.1885, 0.0646, 0.1221, 0.0650, 0.0538, 0.0860, 0.1754, 0.0865,
         0.0808],
        [0.0235, 0.1859, 0.1151, 0.2024, 0.0945, 0.2507, 0.0317, 0.0214, 0.0371,
         0.0377]], device='cuda:0', grad_fn=<SoftmaxBackward>)
>> best accuracy: 86.68333333333334	best epoch: 5

>> final recovery rate: 20.205555555555556%
>> val epoch: 20
>> current accuracy: 21.833333333333332%
outputs: tensor([[1.1551e-03, 1.2500e-02, 3.1416e-04, 5.6998e-04, 5.1409e-02, 8.9988e-01,
         5.1239e-04, 1.8251e-02, 1.2118e-02, 3.2913e-03],
        [1.6431e-03, 8.3838e-03, 4.5448e-01, 3.4489e-03, 1.2119e-03, 9.5331e-04,
         3.0971e-02, 7.3573e-04, 4.7582e-01, 2.2350e-02],
        [3.3530e-03, 3.9833e-01, 5.5232e-02, 2.0669e-01, 2.1787e-01, 5.7520e-04,
         1.1665e-02, 1.4966e-02, 6.2647e-03, 8.5044e-02],
        [3.0677e-03, 5.6374e-03, 5.7407e-03, 9.3497e-01, 9.0709e-03, 7.1710e-04,
         2.5133e-04, 3.6938e-02, 1.4217e-03, 2.1814e-03],
        [5.7358e-02, 4.3831e-02, 9.4853e-03, 1.2228e-02, 1.0903e-02, 5.7942e-02,
         2.7020e-01, 9.3666e-02, 6.6523e-02, 3.7787e-01],
        [2.1855e-01, 1.8811e-04, 2.8064e-04, 5.7347e-03, 8.3787e-04, 7.5127e-01,
         1.5356e-02, 6.9956e-03, 4.4448e-04, 3.4933e-04],
        [6.5071e-04, 1.6221e-02, 3.0379e-01, 5.0167e-03, 1.4450e-01, 1.4854e-01,
         1.3968e-01, 1.1268e-02, 2.2395e-02, 2.0794e-01],
        [5.8619e-04, 3.1071e-05, 1.3660e-04, 3.7437e-04, 2.8757e-05, 2.0903e-07,
         8.3725e-05, 9.4868e-04, 9.9779e-01, 1.9319e-05],
        [4.7045e-04, 9.9017e-01, 3.2355e-04, 3.7247e-03, 2.1590e-04, 2.7642e-04,
         1.0317e-04, 1.0266e-03, 4.8707e-04, 3.1982e-03],
        [2.2644e-01, 3.0693e-02, 4.8367e-02, 3.1767e-02, 3.4547e-02, 1.6262e-02,
         6.1258e-02, 4.2629e-01, 6.9403e-02, 5.4980e-02],
        [1.2400e-04, 9.6327e-04, 6.9550e-04, 6.1613e-04, 6.7324e-05, 4.7476e-05,
         6.8974e-03, 8.3792e-03, 7.0969e-01, 2.7252e-01],
        [1.1599e-01, 3.8537e-02, 9.9515e-02, 3.6549e-03, 5.9048e-01, 2.9207e-02,
         3.2728e-03, 4.2287e-02, 9.8684e-03, 6.7186e-02],
        [1.2866e-02, 1.6766e-03, 1.0415e-02, 9.1854e-05, 2.9643e-03, 1.6471e-03,
         1.5449e-02, 4.7693e-03, 1.6114e-02, 9.3401e-01],
        [1.8809e-07, 3.7833e-06, 1.6640e-05, 8.9351e-06, 1.2001e-04, 9.9984e-01,
         1.5049e-06, 4.5422e-06, 2.0455e-06, 1.4917e-06],
        [3.3665e-01, 1.7259e-01, 3.1857e-02, 2.9181e-03, 1.0400e-01, 2.9546e-02,
         9.4998e-02, 4.1233e-02, 2.2296e-02, 1.6391e-01],
        [4.6132e-03, 1.6978e-04, 7.9661e-02, 6.1402e-02, 4.6519e-02, 6.4246e-01,
         8.8783e-02, 2.7043e-02, 1.4860e-02, 3.4491e-02],
        [2.3559e-06, 1.1696e-02, 7.5743e-01, 3.0743e-04, 5.2663e-04, 2.2210e-03,
         3.4485e-03, 2.4101e-02, 1.3436e-03, 1.9893e-01],
        [9.2410e-03, 3.5080e-02, 2.1266e-01, 3.3074e-02, 1.2908e-01, 6.0770e-02,
         5.2861e-02, 8.0911e-02, 3.3711e-01, 4.9209e-02],
        [8.5156e-01, 4.2899e-02, 2.3759e-03, 6.2291e-02, 1.2289e-02, 7.3026e-05,
         3.6434e-04, 1.4531e-03, 2.6612e-02, 7.8480e-05],
        [3.0904e-03, 6.9373e-02, 1.0884e-01, 7.2175e-04, 5.4497e-03, 5.6921e-01,
         1.7890e-01, 4.9018e-03, 2.1690e-02, 3.7823e-02],
        [1.0130e-02, 3.2892e-01, 8.4490e-02, 1.5098e-01, 1.0925e-01, 5.1140e-02,
         4.6987e-02, 5.3112e-02, 5.0821e-02, 1.1417e-01],
        [6.4392e-05, 2.6345e-06, 3.0418e-06, 5.5320e-04, 9.9900e-01, 1.6824e-06,
         1.3316e-04, 1.2163e-04, 1.1864e-04, 1.8486e-07],
        [2.3828e-05, 6.2466e-04, 8.6485e-04, 4.4757e-04, 1.5240e-04, 1.6452e-05,
         2.1206e-02, 6.5072e-05, 5.7448e-03, 9.7085e-01],
        [7.4823e-06, 4.9621e-04, 4.4846e-04, 1.1888e-03, 1.1054e-05, 2.7802e-04,
         3.9631e-04, 4.2869e-04, 1.0019e-01, 8.9655e-01],
        [7.2253e-04, 3.7700e-04, 1.3001e-05, 9.9364e-01, 9.4772e-04, 1.5782e-03,
         2.5045e-03, 1.4291e-04, 3.0327e-05, 4.8719e-05],
        [1.7992e-01, 6.4010e-02, 2.2228e-02, 4.1327e-02, 3.6765e-03, 2.5678e-02,
         1.1594e-02, 1.1574e-01, 3.1733e-01, 2.1849e-01],
        [1.1803e-01, 4.3514e-02, 6.4159e-02, 4.6628e-02, 1.4833e-01, 1.2515e-01,
         6.7111e-02, 1.6688e-01, 1.6645e-01, 5.3764e-02],
        [4.3789e-02, 8.7939e-03, 1.8091e-02, 1.1927e-02, 2.2304e-01, 4.7358e-02,
         5.7632e-01, 4.2362e-02, 1.0031e-03, 2.7320e-02],
        [2.1061e-03, 4.4280e-03, 4.4831e-03, 9.5324e-04, 6.1846e-05, 1.0340e-02,
         3.5955e-01, 1.8326e-01, 4.3387e-01, 9.4763e-04],
        [8.0079e-01, 1.4468e-02, 7.7219e-03, 3.7049e-04, 5.7809e-03, 5.8759e-02,
         9.6622e-02, 8.4186e-04, 5.5136e-03, 9.1359e-03],
        [1.0552e-06, 1.7596e-03, 1.4831e-06, 4.7858e-05, 1.0945e-05, 2.6789e-06,
         9.9812e-01, 3.5047e-05, 2.4901e-06, 1.6767e-05],
        [1.3496e-03, 4.0641e-04, 9.9479e-01, 2.2772e-04, 1.2398e-03, 1.3930e-05,
         1.7294e-04, 6.2042e-04, 1.0388e-03, 1.4175e-04],
        [5.1725e-02, 5.1642e-02, 1.4593e-02, 1.6442e-02, 1.1972e-02, 2.0794e-03,
         3.2261e-01, 1.0876e-02, 1.6762e-03, 5.1638e-01],
        [6.8988e-03, 9.6315e-04, 2.8983e-02, 8.3005e-02, 7.1340e-01, 4.3920e-03,
         3.8066e-04, 2.2851e-02, 8.0362e-02, 5.8761e-02],
        [4.0556e-04, 9.9371e-01, 6.7484e-06, 2.9256e-03, 2.4894e-04, 4.4287e-04,
         1.2076e-04, 1.5934e-03, 5.1214e-04, 3.0323e-05],
        [1.0294e-02, 6.4159e-03, 6.0803e-01, 7.3845e-03, 2.2405e-02, 1.7982e-01,
         1.3733e-01, 2.3022e-02, 3.0243e-03, 2.2753e-03],
        [2.1900e-03, 6.2935e-02, 1.6866e-02, 3.3789e-02, 3.5774e-02, 4.9685e-01,
         5.5291e-03, 1.9274e-01, 1.2818e-01, 2.5147e-02],
        [8.9651e-01, 3.9306e-03, 3.2805e-04, 5.8585e-04, 3.8543e-03, 5.4948e-03,
         8.2139e-04, 8.7068e-02, 6.4073e-04, 7.6894e-04],
        [2.7056e-01, 5.7915e-02, 2.8701e-02, 2.5203e-02, 4.7261e-02, 3.8982e-02,
         1.2719e-02, 1.2729e-01, 3.8284e-01, 8.5335e-03],
        [3.7115e-02, 4.9057e-04, 1.5607e-03, 2.7060e-03, 7.6439e-02, 9.1244e-03,
         9.6228e-02, 7.4799e-01, 8.1553e-05, 2.8260e-02],
        [1.3742e-01, 1.0459e-02, 1.2459e-02, 2.8931e-02, 6.5044e-01, 4.6714e-02,
         2.5315e-02, 1.3232e-02, 5.6057e-02, 1.8975e-02],
        [2.9890e-01, 2.7719e-01, 9.0479e-02, 1.8326e-02, 6.0224e-02, 3.5258e-02,
         5.6459e-02, 5.5467e-02, 2.2995e-02, 8.4702e-02],
        [1.2127e-01, 2.1693e-02, 2.6952e-02, 1.7750e-01, 1.7659e-02, 2.2181e-02,
         3.7445e-01, 2.3290e-01, 2.5017e-03, 2.8926e-03],
        [2.0236e-03, 6.3365e-04, 7.9779e-01, 2.5584e-03, 1.1872e-01, 6.4507e-02,
         1.6162e-03, 8.3514e-04, 1.0452e-02, 8.6549e-04],
        [3.7027e-05, 2.9227e-04, 1.1978e-02, 5.7449e-04, 1.7854e-01, 4.8700e-01,
         1.2467e-02, 2.7719e-02, 2.8032e-01, 1.0748e-03],
        [3.6731e-03, 6.2341e-03, 4.2767e-05, 9.6716e-01, 1.8040e-04, 2.6826e-03,
         3.3067e-03, 1.5998e-02, 1.9978e-04, 5.2618e-04],
        [1.6676e-04, 9.9950e-01, 4.2993e-06, 1.0081e-05, 1.9672e-05, 4.2106e-06,
         1.1454e-05, 7.1274e-05, 1.8679e-06, 2.1382e-04],
        [3.7707e-06, 4.1014e-05, 5.0077e-05, 5.7281e-05, 1.7998e-04, 4.6426e-04,
         9.0513e-05, 9.7533e-05, 9.9477e-01, 4.2480e-03]], device='cuda:0',
       grad_fn=<SoftmaxBackward>)
>> best accuracy: 86.68333333333334	best epoch: 5

>> final recovery rate: 20.205555555555556%
>> val epoch: 25
>> current accuracy: 21.6%
outputs: tensor([[6.1939e-02, 4.2779e-03, 6.2266e-02, 8.2991e-01, 5.3861e-03, 5.8945e-03,
         1.4882e-03, 2.6563e-03, 2.4505e-02, 1.6768e-03],
        [2.0192e-04, 4.7596e-03, 1.0802e-04, 1.8982e-02, 3.3930e-02, 4.2915e-01,
         3.8691e-04, 7.7645e-04, 7.0554e-06, 5.1170e-01],
        [9.7292e-01, 1.3020e-05, 8.4048e-04, 4.3992e-03, 1.3091e-04, 2.7056e-03,
         9.7450e-03, 2.5333e-03, 7.0950e-05, 6.6411e-03],
        [2.7342e-04, 2.2103e-04, 7.9236e-04, 1.3583e-06, 6.5874e-05, 9.6302e-01,
         5.6384e-04, 3.4010e-02, 1.0166e-03, 3.4458e-05],
        [3.9064e-05, 1.1700e-07, 4.9574e-04, 1.1056e-06, 9.9941e-01, 1.9647e-06,
         5.3206e-05, 2.4629e-06, 8.3575e-07, 3.5318e-08],
        [1.1694e-06, 3.8733e-05, 1.0716e-05, 1.9906e-06, 1.7098e-05, 9.9981e-01,
         3.3429e-07, 5.7376e-05, 9.4257e-06, 5.0740e-05],
        [3.7428e-02, 8.0514e-03, 8.0347e-01, 2.6831e-02, 4.7408e-03, 5.0940e-03,
         1.6050e-03, 1.2853e-03, 7.3046e-03, 1.0419e-01],
        [1.7294e-05, 1.5320e-01, 1.0400e-03, 1.4303e-03, 3.9607e-05, 8.3800e-01,
         8.4127e-05, 5.2201e-03, 4.1480e-04, 5.5752e-04],
        [4.7190e-06, 1.5041e-05, 1.3429e-05, 9.9905e-01, 2.3002e-06, 3.6549e-07,
         6.2797e-05, 4.3948e-04, 3.9129e-04, 2.1410e-05],
        [4.3536e-02, 6.9956e-01, 1.0522e-02, 2.6866e-03, 1.2845e-03, 2.0996e-01,
         4.6383e-03, 1.3943e-02, 1.7391e-03, 1.2131e-02],
        [2.8999e-04, 9.8716e-02, 6.7776e-01, 6.2598e-04, 2.0692e-01, 4.3045e-03,
         1.1045e-02, 7.0050e-05, 1.3592e-05, 2.5498e-04],
        [1.3668e-05, 3.6379e-06, 1.5209e-02, 1.3470e-03, 6.3194e-04, 3.8751e-06,
         6.9553e-01, 8.7750e-05, 2.8513e-01, 2.0432e-03],
        [5.9489e-03, 1.6339e-03, 6.9298e-04, 3.1053e-04, 1.7376e-04, 9.2036e-01,
         8.0327e-04, 5.6772e-02, 5.1629e-04, 1.2789e-02],
        [2.3908e-03, 8.9579e-02, 6.0711e-03, 4.8860e-01, 4.6892e-03, 2.1535e-02,
         7.4095e-02, 1.4013e-02, 1.7984e-03, 2.9722e-01],
        [6.3354e-07, 9.7172e-06, 3.0275e-06, 2.3424e-07, 4.0122e-06, 1.5189e-06,
         1.7311e-05, 7.0753e-06, 1.3964e-05, 9.9994e-01],
        [3.9525e-01, 1.7796e-05, 1.4076e-04, 3.8840e-05, 1.0510e-03, 1.1643e-02,
         1.1960e-02, 5.7905e-01, 8.3042e-04, 2.3874e-05],
        [4.2279e-03, 9.3256e-02, 6.1886e-03, 4.7309e-01, 4.8508e-05, 9.9692e-05,
         2.5320e-04, 9.0160e-02, 1.9181e-01, 1.4086e-01],
        [6.7093e-04, 3.7150e-02, 3.2448e-03, 1.0645e-03, 4.9414e-01, 4.6540e-03,
         2.0890e-04, 4.2312e-01, 3.4403e-02, 1.3405e-03],
        [9.8939e-03, 4.3718e-03, 4.0753e-03, 3.9850e-02, 1.0946e-02, 2.4368e-02,
         9.5989e-02, 1.5338e-02, 5.3209e-03, 7.8985e-01],
        [3.0571e-02, 2.7815e-01, 7.6159e-03, 3.0333e-01, 8.3114e-03, 1.6222e-01,
         3.8179e-02, 8.9655e-02, 7.7859e-02, 4.1045e-03],
        [2.2801e-03, 4.0146e-04, 5.6390e-03, 7.4711e-04, 9.8991e-01, 3.5667e-05,
         2.2195e-04, 4.2204e-05, 4.5562e-05, 6.8143e-04],
        [5.2690e-07, 1.1493e-09, 5.6453e-05, 7.0520e-06, 9.8485e-06, 2.7646e-06,
         2.8340e-08, 5.5854e-08, 9.9992e-01, 6.2941e-07],
        [2.6877e-02, 5.8503e-03, 4.5707e-02, 6.9149e-01, 6.9451e-04, 2.0497e-02,
         1.7788e-01, 1.2809e-02, 4.4068e-03, 1.3790e-02],
        [4.9688e-04, 2.0993e-04, 1.7526e-03, 2.5340e-03, 1.0265e-03, 6.2888e-02,
         1.2238e-05, 1.5395e-03, 1.9455e-03, 9.2759e-01],
        [9.7625e-01, 2.7622e-04, 6.7555e-04, 7.3643e-05, 7.8084e-06, 2.9136e-04,
         1.2885e-02, 6.5438e-03, 1.7898e-03, 1.2075e-03],
        [1.8934e-03, 4.0155e-05, 1.8967e-04, 4.3624e-03, 9.3981e-04, 2.9011e-04,
         2.1185e-03, 5.9080e-05, 2.8512e-03, 9.8726e-01],
        [1.6719e-01, 3.4082e-02, 2.8159e-01, 2.5913e-02, 3.7921e-02, 7.0306e-03,
         1.1909e-02, 1.8282e-01, 2.4048e-01, 1.1055e-02],
        [9.9508e-01, 8.3628e-05, 4.5718e-04, 1.0977e-03, 6.9251e-06, 8.3217e-06,
         1.7604e-04, 3.2757e-04, 1.6896e-03, 1.0701e-03],
        [9.8072e-02, 1.3685e-03, 4.1526e-04, 1.5357e-03, 4.6953e-01, 4.0423e-01,
         5.4324e-04, 5.0012e-05, 1.6185e-02, 8.0662e-03],
        [7.9480e-03, 1.8226e-06, 5.3973e-04, 1.0036e-02, 9.5274e-01, 1.7366e-06,
         3.8515e-03, 2.4852e-02, 2.5844e-05, 1.3123e-06],
        [1.9568e-03, 6.2382e-08, 4.1200e-05, 1.3354e-03, 9.8882e-01, 5.5839e-03,
         4.1202e-05, 3.5759e-04, 1.8684e-03, 8.4599e-08],
        [1.4442e-04, 2.5573e-08, 1.1531e-02, 7.9002e-05, 9.8813e-01, 1.1153e-05,
         4.4717e-06, 9.5853e-05, 3.9555e-06, 3.5187e-09],
        [1.2893e-03, 9.7779e-01, 1.6877e-03, 1.0707e-04, 6.0851e-05, 2.7395e-03,
         6.6106e-05, 1.0190e-03, 1.9208e-05, 1.5216e-02],
        [1.5877e-02, 1.4198e-02, 2.2986e-01, 3.5345e-05, 1.3520e-02, 1.8940e-03,
         3.9407e-04, 1.9372e-01, 1.0996e-03, 5.2940e-01],
        [1.9161e-05, 7.1095e-09, 1.3044e-07, 6.3209e-07, 3.6064e-07, 5.9650e-06,
         1.6385e-07, 1.8903e-05, 9.9995e-01, 1.1690e-07],
        [2.6611e-03, 1.1993e-05, 3.0175e-05, 3.2423e-04, 3.4704e-03, 1.6646e-02,
         9.7422e-01, 2.5754e-03, 5.5947e-05, 5.5753e-06],
        [4.5423e-01, 7.5621e-05, 2.7299e-04, 2.4009e-04, 8.2070e-04, 5.3246e-01,
         9.6314e-03, 1.6316e-03, 2.5835e-04, 3.8490e-04],
        [9.5288e-04, 9.9415e-01, 1.3003e-03, 2.9437e-04, 2.4653e-03, 4.5881e-04,
         1.1799e-04, 3.6543e-05, 1.4294e-04, 7.6839e-05],
        [2.1804e-02, 8.3836e-01, 1.1319e-04, 2.3091e-02, 2.0556e-03, 2.3036e-04,
         2.8141e-04, 2.2003e-03, 1.8386e-04, 1.1168e-01],
        [6.5125e-05, 1.7725e-04, 1.1814e-04, 2.0378e-05, 2.7859e-04, 2.2468e-05,
         7.1417e-03, 9.9045e-01, 1.2624e-03, 4.5897e-04],
        [3.3212e-05, 2.0608e-07, 6.8293e-05, 2.8848e-04, 9.9906e-01, 6.4092e-05,
         3.6090e-04, 1.9504e-05, 1.9249e-05, 8.8048e-05],
        [3.5669e-05, 3.2046e-04, 4.6364e-05, 8.2511e-04, 1.1851e-04, 1.8872e-02,
         8.5386e-05, 9.7722e-01, 1.7686e-03, 7.0319e-04],
        [1.2428e-04, 3.9684e-01, 9.9061e-02, 1.0952e-01, 4.8400e-04, 5.9043e-04,
         8.4443e-03, 1.2803e-02, 3.4557e-02, 3.3757e-01],
        [7.8277e-03, 1.5943e-03, 1.3239e-02, 3.0771e-03, 1.8554e-01, 2.4358e-04,
         3.6922e-02, 1.5460e-01, 5.7535e-01, 2.1601e-02],
        [7.5952e-04, 9.4548e-03, 1.7132e-03, 9.8351e-01, 2.0921e-06, 2.9734e-04,
         3.5748e-03, 6.2397e-04, 1.8043e-05, 5.0726e-05],
        [9.9990e-01, 4.8342e-05, 5.8002e-06, 3.8374e-05, 2.9057e-06, 5.4112e-07,
         3.3456e-06, 7.6388e-07, 2.1255e-06, 2.5892e-06],
        [3.6486e-07, 4.8210e-06, 9.9977e-01, 3.9319e-08, 9.9457e-05, 9.0899e-07,
         1.2090e-04, 5.8539e-07, 1.1301e-07, 7.1428e-06],
        [1.7679e-05, 8.4425e-05, 1.8619e-04, 5.9261e-05, 1.2776e-04, 1.6095e-05,
         7.0296e-03, 9.9245e-01, 8.1909e-06, 1.9483e-05]], device='cuda:0',
       grad_fn=<SoftmaxBackward>)
>> best accuracy: 86.68333333333334	best epoch: 5

>> final recovery rate: 20.205555555555556%
