noise type: uniform
noise level: 0.4
when_to_apply_epoch: 10
total clean data num: 32446
probability transition matrix:
[[0.6        0.04444444 0.04444444 0.04444444 0.04444444 0.04444444
  0.04444444 0.04444444 0.04444444 0.04444444]
 [0.04444444 0.6        0.04444444 0.04444444 0.04444444 0.04444444
  0.04444444 0.04444444 0.04444444 0.04444444]
 [0.04444444 0.04444444 0.6        0.04444444 0.04444444 0.04444444
  0.04444444 0.04444444 0.04444444 0.04444444]
 [0.04444444 0.04444444 0.04444444 0.6        0.04444444 0.04444444
  0.04444444 0.04444444 0.04444444 0.04444444]
 [0.04444444 0.04444444 0.04444444 0.04444444 0.6        0.04444444
  0.04444444 0.04444444 0.04444444 0.04444444]
 [0.04444444 0.04444444 0.04444444 0.04444444 0.04444444 0.6
  0.04444444 0.04444444 0.04444444 0.04444444]
 [0.04444444 0.04444444 0.04444444 0.04444444 0.04444444 0.04444444
  0.6        0.04444444 0.04444444 0.04444444]
 [0.04444444 0.04444444 0.04444444 0.04444444 0.04444444 0.04444444
  0.04444444 0.6        0.04444444 0.04444444]
 [0.04444444 0.04444444 0.04444444 0.04444444 0.04444444 0.04444444
  0.04444444 0.04444444 0.6        0.04444444]
 [0.04444444 0.04444444 0.04444444 0.04444444 0.04444444 0.04444444
  0.04444444 0.04444444 0.04444444 0.6       ]]
>> val epoch: 0
>> current accuracy: 95.23333333333333%
outputs: tensor([[0.0469, 0.7030, 0.0555, 0.0190, 0.0354, 0.0216, 0.0324, 0.0348, 0.0277,
         0.0236],
        [0.0262, 0.0520, 0.0191, 0.0210, 0.0487, 0.0401, 0.6906, 0.0301, 0.0332,
         0.0388],
        [0.0281, 0.0683, 0.5077, 0.0154, 0.0613, 0.0932, 0.1080, 0.0452, 0.0276,
         0.0453],
        [0.1001, 0.0660, 0.0670, 0.0294, 0.4710, 0.0637, 0.0495, 0.0561, 0.0552,
         0.0421],
        [0.0627, 0.0453, 0.1580, 0.0467, 0.0534, 0.0536, 0.0523, 0.0926, 0.3758,
         0.0595],
        [0.1198, 0.0459, 0.0556, 0.0226, 0.5479, 0.0525, 0.0323, 0.0436, 0.0453,
         0.0344],
        [0.0660, 0.0781, 0.0657, 0.0318, 0.0606, 0.0415, 0.0633, 0.0588, 0.4693,
         0.0649],
        [0.5054, 0.0500, 0.0399, 0.0289, 0.0821, 0.1060, 0.0569, 0.0485, 0.0296,
         0.0525],
        [0.0541, 0.0440, 0.0471, 0.0143, 0.0440, 0.6301, 0.0430, 0.0457, 0.0324,
         0.0454],
        [0.0448, 0.0454, 0.0499, 0.0456, 0.0543, 0.0424, 0.0270, 0.0545, 0.0584,
         0.5778],
        [0.0715, 0.5344, 0.0882, 0.0282, 0.0510, 0.0364, 0.0587, 0.0463, 0.0452,
         0.0402],
        [0.0729, 0.0799, 0.0576, 0.4303, 0.0359, 0.1092, 0.0571, 0.0497, 0.0516,
         0.0557],
        [0.0583, 0.0452, 0.0842, 0.0441, 0.0418, 0.0510, 0.0477, 0.5287, 0.0470,
         0.0520],
        [0.0299, 0.0559, 0.0203, 0.0227, 0.0482, 0.0469, 0.6601, 0.0343, 0.0389,
         0.0427],
        [0.0370, 0.0699, 0.0277, 0.0250, 0.0705, 0.0559, 0.5915, 0.0376, 0.0375,
         0.0475],
        [0.5320, 0.0499, 0.0391, 0.0364, 0.0879, 0.0725, 0.0499, 0.0463, 0.0310,
         0.0548],
        [0.0544, 0.0384, 0.0420, 0.0169, 0.0346, 0.6582, 0.0355, 0.0437, 0.0322,
         0.0442],
        [0.0720, 0.0729, 0.0580, 0.4732, 0.0331, 0.0933, 0.0528, 0.0474, 0.0462,
         0.0511],
        [0.0344, 0.0295, 0.0297, 0.0121, 0.0186, 0.7685, 0.0233, 0.0255, 0.0283,
         0.0302],
        [0.0445, 0.0601, 0.0544, 0.0386, 0.0669, 0.0436, 0.0543, 0.0573, 0.4900,
         0.0904],
        [0.0397, 0.0453, 0.0493, 0.0384, 0.0452, 0.0457, 0.0270, 0.0598, 0.0497,
         0.5997],
        [0.1039, 0.0864, 0.2813, 0.0374, 0.0584, 0.1148, 0.0804, 0.0702, 0.0963,
         0.0709],
        [0.0341, 0.0396, 0.0484, 0.0359, 0.0362, 0.0441, 0.0225, 0.0608, 0.0441,
         0.6344],
        [0.0482, 0.0427, 0.0542, 0.0396, 0.0550, 0.0500, 0.0239, 0.0540, 0.0502,
         0.5823],
        [0.0739, 0.1420, 0.0937, 0.0432, 0.0604, 0.0536, 0.0610, 0.3495, 0.0591,
         0.0637],
        [0.0330, 0.0680, 0.5468, 0.0194, 0.0478, 0.0868, 0.0724, 0.0444, 0.0324,
         0.0490],
        [0.0458, 0.0327, 0.0351, 0.0145, 0.0264, 0.7196, 0.0286, 0.0325, 0.0270,
         0.0378],
        [0.0328, 0.0839, 0.0278, 0.0241, 0.0592, 0.0340, 0.6188, 0.0386, 0.0436,
         0.0370],
        [0.0439, 0.7179, 0.0515, 0.0151, 0.0341, 0.0241, 0.0325, 0.0338, 0.0252,
         0.0219],
        [0.0367, 0.7806, 0.0431, 0.0137, 0.0261, 0.0143, 0.0230, 0.0273, 0.0190,
         0.0161],
        [0.0621, 0.1031, 0.0792, 0.0486, 0.0639, 0.0494, 0.0571, 0.3396, 0.0622,
         0.1349],
        [0.5593, 0.0418, 0.0454, 0.0252, 0.0937, 0.0750, 0.0344, 0.0525, 0.0290,
         0.0437],
        [0.0452, 0.0606, 0.5628, 0.0142, 0.0502, 0.0784, 0.0617, 0.0497, 0.0300,
         0.0472],
        [0.0630, 0.0916, 0.0777, 0.0438, 0.0709, 0.0611, 0.0711, 0.0649, 0.3720,
         0.0841],
        [0.0348, 0.7948, 0.0410, 0.0125, 0.0244, 0.0132, 0.0216, 0.0254, 0.0176,
         0.0148],
        [0.0514, 0.0401, 0.0719, 0.0308, 0.0360, 0.0383, 0.0403, 0.6000, 0.0400,
         0.0513],
        [0.0530, 0.0365, 0.0870, 0.0415, 0.0360, 0.0423, 0.0404, 0.5768, 0.0416,
         0.0450],
        [0.0440, 0.0332, 0.0430, 0.0117, 0.0318, 0.7148, 0.0279, 0.0329, 0.0256,
         0.0352],
        [0.0707, 0.0874, 0.0526, 0.4067, 0.0356, 0.1389, 0.0554, 0.0385, 0.0559,
         0.0583],
        [0.0546, 0.0548, 0.1067, 0.0445, 0.0422, 0.0440, 0.0449, 0.5145, 0.0441,
         0.0497],
        [0.0423, 0.0713, 0.0247, 0.0226, 0.0432, 0.0638, 0.6046, 0.0397, 0.0446,
         0.0433],
        [0.0406, 0.7460, 0.0477, 0.0151, 0.0308, 0.0190, 0.0274, 0.0317, 0.0223,
         0.0194],
        [0.0537, 0.0403, 0.0879, 0.0368, 0.0375, 0.0442, 0.0409, 0.5684, 0.0418,
         0.0484],
        [0.0325, 0.8125, 0.0384, 0.0115, 0.0221, 0.0113, 0.0195, 0.0232, 0.0159,
         0.0132],
        [0.0687, 0.0832, 0.0895, 0.3223, 0.0449, 0.1041, 0.0576, 0.0596, 0.1097,
         0.0604],
        [0.0556, 0.0378, 0.0423, 0.0154, 0.0315, 0.6581, 0.0344, 0.0472, 0.0319,
         0.0459],
        [0.0747, 0.0805, 0.0865, 0.4018, 0.0399, 0.1166, 0.0474, 0.0501, 0.0527,
         0.0498],
        [0.1203, 0.0509, 0.0587, 0.0260, 0.5178, 0.0568, 0.0325, 0.0488, 0.0493,
         0.0389]], device='cuda:0', grad_fn=<SoftmaxBackward>)
>> best accuracy: 95.23333333333333	best epoch: 0

>> final recovery rate: 60.08518518518519%
