noise type: uniform
noise level: 0.6
when_to_apply_epoch: 20
total clean data num: 17909
probability transition matrix:
[[0.4        0.06666667 0.06666667 0.06666667 0.06666667 0.06666667
  0.06666667 0.06666667 0.06666667 0.06666667]
 [0.06666667 0.4        0.06666667 0.06666667 0.06666667 0.06666667
  0.06666667 0.06666667 0.06666667 0.06666667]
 [0.06666667 0.06666667 0.4        0.06666667 0.06666667 0.06666667
  0.06666667 0.06666667 0.06666667 0.06666667]
 [0.06666667 0.06666667 0.06666667 0.4        0.06666667 0.06666667
  0.06666667 0.06666667 0.06666667 0.06666667]
 [0.06666667 0.06666667 0.06666667 0.06666667 0.4        0.06666667
  0.06666667 0.06666667 0.06666667 0.06666667]
 [0.06666667 0.06666667 0.06666667 0.06666667 0.06666667 0.4
  0.06666667 0.06666667 0.06666667 0.06666667]
 [0.06666667 0.06666667 0.06666667 0.06666667 0.06666667 0.06666667
  0.4        0.06666667 0.06666667 0.06666667]
 [0.06666667 0.06666667 0.06666667 0.06666667 0.06666667 0.06666667
  0.06666667 0.4        0.06666667 0.06666667]
 [0.06666667 0.06666667 0.06666667 0.06666667 0.06666667 0.06666667
  0.06666667 0.06666667 0.4        0.06666667]
 [0.06666667 0.06666667 0.06666667 0.06666667 0.06666667 0.06666667
  0.06666667 0.06666667 0.06666667 0.4       ]]
>> val epoch: 0
>> current accuracy: 30.659999999999997%
outputs: tensor([[0.1049, 0.0955, 0.0982, 0.0747, 0.0861, 0.1016, 0.0764, 0.1132, 0.1010,
         0.1484],
        [0.0711, 0.0904, 0.1115, 0.0937, 0.1083, 0.1178, 0.1189, 0.1043, 0.0833,
         0.1007],
        [0.0805, 0.0668, 0.1202, 0.1133, 0.1311, 0.1588, 0.0909, 0.0968, 0.0826,
         0.0590],
        [0.0779, 0.1036, 0.1040, 0.1204, 0.0985, 0.0981, 0.0783, 0.1043, 0.1059,
         0.1089],
        [0.0714, 0.1453, 0.0945, 0.0906, 0.0744, 0.1327, 0.0863, 0.1204, 0.0774,
         0.1071],
        [0.0764, 0.1073, 0.0974, 0.1132, 0.0843, 0.1228, 0.1097, 0.1043, 0.0764,
         0.1081],
        [0.0750, 0.1511, 0.0879, 0.0962, 0.0726, 0.1076, 0.0848, 0.0911, 0.0933,
         0.1404],
        [0.1118, 0.0812, 0.1120, 0.1107, 0.0831, 0.1101, 0.0824, 0.1046, 0.1199,
         0.0843],
        [0.1161, 0.1780, 0.0904, 0.1026, 0.0661, 0.0806, 0.0814, 0.0675, 0.0893,
         0.1280],
        [0.0705, 0.0756, 0.1127, 0.0975, 0.1076, 0.1122, 0.1203, 0.1132, 0.0938,
         0.0968],
        [0.1484, 0.0540, 0.1113, 0.0989, 0.0892, 0.0615, 0.0993, 0.0827, 0.1372,
         0.1175],
        [0.1083, 0.1828, 0.0849, 0.0668, 0.0760, 0.0746, 0.0623, 0.0802, 0.1310,
         0.1330],
        [0.0602, 0.0724, 0.1140, 0.0964, 0.1366, 0.1039, 0.1508, 0.1082, 0.0752,
         0.0824],
        [0.0759, 0.0487, 0.1570, 0.0843, 0.2115, 0.0922, 0.0912, 0.0873, 0.0944,
         0.0575],
        [0.1371, 0.0659, 0.1061, 0.0895, 0.0890, 0.0845, 0.0556, 0.0803, 0.1648,
         0.1274],
        [0.1428, 0.0799, 0.0932, 0.0710, 0.0733, 0.0564, 0.0670, 0.0750, 0.1887,
         0.1527],
        [0.0847, 0.1057, 0.0955, 0.0878, 0.1052, 0.0835, 0.0870, 0.1057, 0.0995,
         0.1452],
        [0.0615, 0.0566, 0.1874, 0.0771, 0.2239, 0.0755, 0.0998, 0.0825, 0.0752,
         0.0606],
        [0.1082, 0.1971, 0.0667, 0.0847, 0.0843, 0.0624, 0.0628, 0.0678, 0.1239,
         0.1422],
        [0.0671, 0.0758, 0.0868, 0.1208, 0.0950, 0.1386, 0.1539, 0.1143, 0.0622,
         0.0854],
        [0.0813, 0.1074, 0.0928, 0.1037, 0.0988, 0.1113, 0.0890, 0.1078, 0.0953,
         0.1126],
        [0.0667, 0.0922, 0.0984, 0.1170, 0.0874, 0.1247, 0.1328, 0.1015, 0.0783,
         0.1009],
        [0.0725, 0.0706, 0.1477, 0.0822, 0.1498, 0.0917, 0.1296, 0.0961, 0.0831,
         0.0767],
        [0.0780, 0.1261, 0.1015, 0.0908, 0.1083, 0.0747, 0.0873, 0.0915, 0.1014,
         0.1405],
        [0.0715, 0.1494, 0.0848, 0.0959, 0.0655, 0.1286, 0.0760, 0.1061, 0.0660,
         0.1561],
        [0.0644, 0.0822, 0.0956, 0.1092, 0.1011, 0.1088, 0.1589, 0.1145, 0.0662,
         0.0991],
        [0.0694, 0.0926, 0.1054, 0.1000, 0.1174, 0.1179, 0.0963, 0.1128, 0.0842,
         0.1039],
        [0.1628, 0.0526, 0.1140, 0.0962, 0.1097, 0.0749, 0.0656, 0.0714, 0.1457,
         0.1071],
        [0.0771, 0.0806, 0.1233, 0.0730, 0.1553, 0.0849, 0.1143, 0.1131, 0.0934,
         0.0851],
        [0.1439, 0.1317, 0.0878, 0.0853, 0.0697, 0.0548, 0.0744, 0.0621, 0.1381,
         0.1522],
        [0.0609, 0.0780, 0.1077, 0.1149, 0.1094, 0.1177, 0.1254, 0.1067, 0.0803,
         0.0989],
        [0.1750, 0.0780, 0.1209, 0.1016, 0.0866, 0.1125, 0.0857, 0.0829, 0.0801,
         0.0767],
        [0.0619, 0.1195, 0.0901, 0.1062, 0.0901, 0.1274, 0.0929, 0.1136, 0.0700,
         0.1283],
        [0.0674, 0.1106, 0.0795, 0.1052, 0.0722, 0.1270, 0.1216, 0.1154, 0.0622,
         0.1390],
        [0.0636, 0.0636, 0.1034, 0.1356, 0.0989, 0.1439, 0.1238, 0.1089, 0.0742,
         0.0842],
        [0.0646, 0.1210, 0.0858, 0.1148, 0.0748, 0.1210, 0.1079, 0.1083, 0.0725,
         0.1292],
        [0.0613, 0.0713, 0.1113, 0.1044, 0.1178, 0.1172, 0.1446, 0.1073, 0.0787,
         0.0859],
        [0.0742, 0.0930, 0.0943, 0.0998, 0.0941, 0.0919, 0.0737, 0.1196, 0.1006,
         0.1589],
        [0.1180, 0.0578, 0.1218, 0.1212, 0.0846, 0.1430, 0.0863, 0.1011, 0.0754,
         0.0908],
        [0.1152, 0.0872, 0.1016, 0.0921, 0.0992, 0.0865, 0.0600, 0.0922, 0.1460,
         0.1199],
        [0.0663, 0.0840, 0.1341, 0.0872, 0.1594, 0.0791, 0.1145, 0.1051, 0.0897,
         0.0808],
        [0.1021, 0.1778, 0.0870, 0.0656, 0.0817, 0.0594, 0.0716, 0.0723, 0.1463,
         0.1362],
        [0.0733, 0.0919, 0.1018, 0.0995, 0.1009, 0.1060, 0.1461, 0.0982, 0.0854,
         0.0971],
        [0.0970, 0.1744, 0.0845, 0.0717, 0.0724, 0.0538, 0.0600, 0.0892, 0.1320,
         0.1650],
        [0.0796, 0.0993, 0.0976, 0.1108, 0.1006, 0.1363, 0.0892, 0.1025, 0.0774,
         0.1068],
        [0.0824, 0.1154, 0.0959, 0.1096, 0.0882, 0.1213, 0.0820, 0.1042, 0.0882,
         0.1127],
        [0.0886, 0.1981, 0.0813, 0.0746, 0.0595, 0.0845, 0.0700, 0.0902, 0.0915,
         0.1617],
        [0.0728, 0.0605, 0.1231, 0.1059, 0.1370, 0.1192, 0.1200, 0.1034, 0.0796,
         0.0784],
        [0.0863, 0.0779, 0.1477, 0.0748, 0.2093, 0.0544, 0.0867, 0.0647, 0.1264,
         0.0719],
        [0.0601, 0.0573, 0.1664, 0.1036, 0.1921, 0.0931, 0.1077, 0.0826, 0.0757,
         0.0615],
        [0.0794, 0.0925, 0.1193, 0.0892, 0.1304, 0.1033, 0.0901, 0.1021, 0.1007,
         0.0930],
        [0.0610, 0.0947, 0.0940, 0.0963, 0.0843, 0.1159, 0.0988, 0.1298, 0.0761,
         0.1491],
        [0.0708, 0.1283, 0.0786, 0.1265, 0.0737, 0.1329, 0.0949, 0.1128, 0.0769,
         0.1046],
        [0.1001, 0.1203, 0.0828, 0.0919, 0.0790, 0.0927, 0.0766, 0.0977, 0.0915,
         0.1673],
        [0.2664, 0.0192, 0.1780, 0.0786, 0.0752, 0.0601, 0.0763, 0.0547, 0.0886,
         0.1029],
        [0.0888, 0.0773, 0.0956, 0.1281, 0.0913, 0.1267, 0.0959, 0.1078, 0.0917,
         0.0967],
        [0.0703, 0.0892, 0.0949, 0.1148, 0.0913, 0.1209, 0.1441, 0.1109, 0.0716,
         0.0921],
        [0.1179, 0.0845, 0.1135, 0.0719, 0.0992, 0.0809, 0.0818, 0.0853, 0.1318,
         0.1331],
        [0.1849, 0.0947, 0.0872, 0.0754, 0.0919, 0.0555, 0.0612, 0.0544, 0.1921,
         0.1029],
        [0.0762, 0.0616, 0.1224, 0.1189, 0.1360, 0.1454, 0.0889, 0.0875, 0.0939,
         0.0692],
        [0.0690, 0.0949, 0.1052, 0.1053, 0.0975, 0.1115, 0.1374, 0.1100, 0.0770,
         0.0922],
        [0.0770, 0.0793, 0.1396, 0.0899, 0.1497, 0.0772, 0.0965, 0.1059, 0.0986,
         0.0863],
        [0.1080, 0.1575, 0.0778, 0.0858, 0.0729, 0.0900, 0.0802, 0.1038, 0.0927,
         0.1312],
        [0.0759, 0.2237, 0.0699, 0.0847, 0.0658, 0.0769, 0.0769, 0.0925, 0.0944,
         0.1392],
        [0.0927, 0.0874, 0.0926, 0.0782, 0.0939, 0.0775, 0.0851, 0.1189, 0.0980,
         0.1759],
        [0.1544, 0.0735, 0.1021, 0.0660, 0.1024, 0.0639, 0.0854, 0.0699, 0.1231,
         0.1595],
        [0.2109, 0.0480, 0.1307, 0.1002, 0.0970, 0.0591, 0.0873, 0.0730, 0.0953,
         0.0985],
        [0.1146, 0.0674, 0.1120, 0.1056, 0.1254, 0.1095, 0.0696, 0.0858, 0.1193,
         0.0909],
        [0.0816, 0.2150, 0.0651, 0.0620, 0.0480, 0.0509, 0.0595, 0.0657, 0.0790,
         0.2731],
        [0.1024, 0.1045, 0.1145, 0.0991, 0.1041, 0.1232, 0.0787, 0.0910, 0.1047,
         0.0777],
        [0.0761, 0.1051, 0.0932, 0.0825, 0.0886, 0.0650, 0.1001, 0.1040, 0.1221,
         0.1634],
        [0.1134, 0.1463, 0.0621, 0.0484, 0.0716, 0.0369, 0.0552, 0.0714, 0.1486,
         0.2460]], device='cuda:0', grad_fn=<SoftmaxBackward>)
>> best accuracy: 30.659999999999997	best epoch: 0

>> final recovery rate: 39.797777777777775%
>> val epoch: 5
>> current accuracy: 47.94%
outputs: tensor([[0.0579, 0.0939, 0.0561, 0.0717, 0.0948, 0.0824, 0.3371, 0.0773, 0.0456,
         0.0831],
        [0.0418, 0.0752, 0.1193, 0.0994, 0.1753, 0.1073, 0.1828, 0.0647, 0.0598,
         0.0745],
        [0.1166, 0.0922, 0.1030, 0.0906, 0.0876, 0.0888, 0.0660, 0.0890, 0.1101,
         0.1561],
        [0.0819, 0.0832, 0.0853, 0.0915, 0.0661, 0.1015, 0.0713, 0.0732, 0.2701,
         0.0757],
        [0.0931, 0.1598, 0.0742, 0.0675, 0.0663, 0.0768, 0.0770, 0.0511, 0.1454,
         0.1888],
        [0.1638, 0.1508, 0.0755, 0.0796, 0.0776, 0.0670, 0.0992, 0.0825, 0.0867,
         0.1174],
        [0.0839, 0.1759, 0.1010, 0.0891, 0.0696, 0.0846, 0.0782, 0.0666, 0.1435,
         0.1077],
        [0.0969, 0.1640, 0.0853, 0.0709, 0.0727, 0.0684, 0.0866, 0.1025, 0.0911,
         0.1616],
        [0.0556, 0.0740, 0.1223, 0.0729, 0.1735, 0.1523, 0.0724, 0.1303, 0.0684,
         0.0783],
        [0.0654, 0.0715, 0.1074, 0.0661, 0.1675, 0.1054, 0.1248, 0.1609, 0.0594,
         0.0719],
        [0.1138, 0.2984, 0.0846, 0.0701, 0.0451, 0.0600, 0.1182, 0.0493, 0.0605,
         0.1000],
        [0.1995, 0.1492, 0.0667, 0.0748, 0.0825, 0.0614, 0.0905, 0.0466, 0.1493,
         0.0796],
        [0.0708, 0.0755, 0.1738, 0.1585, 0.1019, 0.0991, 0.0874, 0.0762, 0.0811,
         0.0758],
        [0.0963, 0.1976, 0.0729, 0.0709, 0.0688, 0.0565, 0.0962, 0.0688, 0.0669,
         0.2051],
        [0.0455, 0.0653, 0.0638, 0.1168, 0.1120, 0.0843, 0.3280, 0.0668, 0.0524,
         0.0650],
        [0.0645, 0.0769, 0.1476, 0.1447, 0.0900, 0.1023, 0.1163, 0.1035, 0.0790,
         0.0751],
        [0.0686, 0.0783, 0.1125, 0.0617, 0.1085, 0.1397, 0.0359, 0.2381, 0.0763,
         0.0804],
        [0.0739, 0.2821, 0.0761, 0.0650, 0.0479, 0.0561, 0.0758, 0.0413, 0.0440,
         0.2378],
        [0.0651, 0.0604, 0.2378, 0.0859, 0.1597, 0.0796, 0.1282, 0.0593, 0.0643,
         0.0598],
        [0.1520, 0.0862, 0.0720, 0.0920, 0.0711, 0.0911, 0.0813, 0.0636, 0.2203,
         0.0704],
        [0.0680, 0.0637, 0.0859, 0.1118, 0.1253, 0.1076, 0.2535, 0.0674, 0.0552,
         0.0614],
        [0.0545, 0.0989, 0.0974, 0.1406, 0.0901, 0.1433, 0.1087, 0.0912, 0.0772,
         0.0980],
        [0.0588, 0.0542, 0.1386, 0.1268, 0.0960, 0.2144, 0.0984, 0.0673, 0.0688,
         0.0767],
        [0.0842, 0.0810, 0.0953, 0.0720, 0.1276, 0.1246, 0.1001, 0.1729, 0.0659,
         0.0766],
        [0.0987, 0.1713, 0.0707, 0.0642, 0.0730, 0.0644, 0.0821, 0.0599, 0.0626,
         0.2530],
        [0.0791, 0.1093, 0.1030, 0.0593, 0.0981, 0.1087, 0.0829, 0.1776, 0.0586,
         0.1235],
        [0.0891, 0.1070, 0.0967, 0.0945, 0.0770, 0.1102, 0.1252, 0.0883, 0.0630,
         0.1489],
        [0.1472, 0.0884, 0.0792, 0.0929, 0.0682, 0.0892, 0.0668, 0.0642, 0.2044,
         0.0996],
        [0.0629, 0.0681, 0.1299, 0.1634, 0.0911, 0.1818, 0.0712, 0.0858, 0.0699,
         0.0760],
        [0.0758, 0.0893, 0.1040, 0.0751, 0.1441, 0.0785, 0.1870, 0.1040, 0.0675,
         0.0747],
        [0.0733, 0.0795, 0.1557, 0.1110, 0.1019, 0.1602, 0.0755, 0.0930, 0.0787,
         0.0711],
        [0.0858, 0.0856, 0.1081, 0.0678, 0.1199, 0.0655, 0.2560, 0.0651, 0.0597,
         0.0865],
        [0.0735, 0.0679, 0.1003, 0.0790, 0.0810, 0.1312, 0.0679, 0.2304, 0.0675,
         0.1013],
        [0.1311, 0.1411, 0.0865, 0.0764, 0.0815, 0.0855, 0.0852, 0.0658, 0.1107,
         0.1360],
        [0.1158, 0.0658, 0.0896, 0.1067, 0.1147, 0.1128, 0.1045, 0.1066, 0.0849,
         0.0986],
        [0.0498, 0.1027, 0.0739, 0.0859, 0.1171, 0.0632, 0.2888, 0.0839, 0.0562,
         0.0785],
        [0.0508, 0.0701, 0.1202, 0.1260, 0.1285, 0.1709, 0.1241, 0.0732, 0.0684,
         0.0677],
        [0.2001, 0.0531, 0.1046, 0.0739, 0.0618, 0.0758, 0.0623, 0.0534, 0.2424,
         0.0727],
        [0.0767, 0.0943, 0.1460, 0.1488, 0.1000, 0.0901, 0.1059, 0.0729, 0.0767,
         0.0885],
        [0.0799, 0.0949, 0.0738, 0.0649, 0.1231, 0.0760, 0.1452, 0.1324, 0.0772,
         0.1325],
        [0.0573, 0.1141, 0.0807, 0.0788, 0.1157, 0.0912, 0.1013, 0.2032, 0.0674,
         0.0903],
        [0.1758, 0.0994, 0.0768, 0.0735, 0.0616, 0.0508, 0.0888, 0.0524, 0.2582,
         0.0627],
        [0.1914, 0.1163, 0.0845, 0.0796, 0.0599, 0.0506, 0.0769, 0.0555, 0.2010,
         0.0843],
        [0.0821, 0.1378, 0.0936, 0.1017, 0.0730, 0.1233, 0.0750, 0.0823, 0.1217,
         0.1095],
        [0.1047, 0.0641, 0.0688, 0.0822, 0.0558, 0.1044, 0.0549, 0.0678, 0.3431,
         0.0543],
        [0.0552, 0.0740, 0.1129, 0.1142, 0.1432, 0.1284, 0.1092, 0.1145, 0.0687,
         0.0796],
        [0.1114, 0.1657, 0.0696, 0.0789, 0.0725, 0.0687, 0.0879, 0.0591, 0.0809,
         0.2053],
        [0.0461, 0.0726, 0.1352, 0.1257, 0.1413, 0.0876, 0.1988, 0.0711, 0.0522,
         0.0693],
        [0.0530, 0.0707, 0.1625, 0.1252, 0.1399, 0.1411, 0.1036, 0.0644, 0.0691,
         0.0705],
        [0.1736, 0.0628, 0.0692, 0.0682, 0.0504, 0.0540, 0.0762, 0.0490, 0.3014,
         0.0953],
        [0.0692, 0.0653, 0.1585, 0.0797, 0.1716, 0.1562, 0.0870, 0.0767, 0.0601,
         0.0757],
        [0.0531, 0.0647, 0.0908, 0.0799, 0.1298, 0.0703, 0.3509, 0.0487, 0.0568,
         0.0550],
        [0.0685, 0.0575, 0.1383, 0.1130, 0.1447, 0.0916, 0.2029, 0.0613, 0.0619,
         0.0602],
        [0.0783, 0.3060, 0.0861, 0.0672, 0.0598, 0.0574, 0.0848, 0.0636, 0.0723,
         0.1245],
        [0.0577, 0.0697, 0.1070, 0.2118, 0.0826, 0.1809, 0.0971, 0.0636, 0.0658,
         0.0638],
        [0.1084, 0.1094, 0.0870, 0.1066, 0.0807, 0.0850, 0.0811, 0.0646, 0.1942,
         0.0830],
        [0.0873, 0.0650, 0.1759, 0.1210, 0.1234, 0.1177, 0.0617, 0.0974, 0.0749,
         0.0758],
        [0.0987, 0.1554, 0.0888, 0.0698, 0.0816, 0.0762, 0.0883, 0.1241, 0.0721,
         0.1449],
        [0.2930, 0.0566, 0.1155, 0.0742, 0.0652, 0.0671, 0.0740, 0.0652, 0.1173,
         0.0719],
        [0.1346, 0.1836, 0.1216, 0.0699, 0.0716, 0.0769, 0.0727, 0.1016, 0.0779,
         0.0895],
        [0.0827, 0.0601, 0.1927, 0.0866, 0.1530, 0.1179, 0.1140, 0.0629, 0.0667,
         0.0634],
        [0.0578, 0.0943, 0.1542, 0.1176, 0.0747, 0.1739, 0.0653, 0.0901, 0.0637,
         0.1085],
        [0.0476, 0.0690, 0.1052, 0.1538, 0.1390, 0.1808, 0.0902, 0.0767, 0.0665,
         0.0710],
        [0.0722, 0.0639, 0.0880, 0.0734, 0.1223, 0.1492, 0.0718, 0.1871, 0.0787,
         0.0935],
        [0.0795, 0.2132, 0.0921, 0.1036, 0.0940, 0.0659, 0.1047, 0.0709, 0.0920,
         0.0840],
        [0.0781, 0.3199, 0.0799, 0.0772, 0.0542, 0.0537, 0.0865, 0.0556, 0.0619,
         0.1330],
        [0.0727, 0.0825, 0.0876, 0.0810, 0.0952, 0.0611, 0.3540, 0.0534, 0.0451,
         0.0674],
        [0.0680, 0.0629, 0.1116, 0.0734, 0.1309, 0.0735, 0.3111, 0.0551, 0.0573,
         0.0561],
        [0.0566, 0.0947, 0.0878, 0.0535, 0.1164, 0.0916, 0.0737, 0.2406, 0.0521,
         0.1329],
        [0.0830, 0.0722, 0.2160, 0.0936, 0.1236, 0.0743, 0.1323, 0.0424, 0.0953,
         0.0674],
        [0.0683, 0.1642, 0.0890, 0.0794, 0.0852, 0.0749, 0.1236, 0.0683, 0.0517,
         0.1954],
        [0.0503, 0.0581, 0.1557, 0.1683, 0.0900, 0.1627, 0.1164, 0.0652, 0.0606,
         0.0726]], device='cuda:0', grad_fn=<SoftmaxBackward>)
>> best accuracy: 47.94	best epoch: 5

>> final recovery rate: 39.797777777777775%
>> val epoch: 10
>> current accuracy: 54.54%
outputs: tensor([[0.1000, 0.2015, 0.0911, 0.0801, 0.0707, 0.1095, 0.1023, 0.0638, 0.0664,
         0.1146],
        [0.0724, 0.0640, 0.0788, 0.0717, 0.0523, 0.0794, 0.0679, 0.0837, 0.3536,
         0.0761],
        [0.1814, 0.1591, 0.0886, 0.0671, 0.0662, 0.0658, 0.0688, 0.0613, 0.1165,
         0.1252],
        [0.2831, 0.0429, 0.1300, 0.0787, 0.0863, 0.0641, 0.1087, 0.0857, 0.0815,
         0.0392],
        [0.1083, 0.3324, 0.0530, 0.0525, 0.0643, 0.0545, 0.1190, 0.0561, 0.0831,
         0.0769],
        [0.1084, 0.0690, 0.0916, 0.0836, 0.0908, 0.0983, 0.0808, 0.1202, 0.0874,
         0.1700],
        [0.1583, 0.0558, 0.1058, 0.1250, 0.1128, 0.2053, 0.0531, 0.0770, 0.0447,
         0.0622],
        [0.0817, 0.0484, 0.1001, 0.0805, 0.1194, 0.0776, 0.0706, 0.1118, 0.1070,
         0.2029],
        [0.0533, 0.0612, 0.1325, 0.0882, 0.2640, 0.0754, 0.1133, 0.0689, 0.0608,
         0.0825],
        [0.0834, 0.0524, 0.1195, 0.0801, 0.1260, 0.2754, 0.0510, 0.0831, 0.0738,
         0.0552],
        [0.0721, 0.0651, 0.1352, 0.0587, 0.3677, 0.0538, 0.0764, 0.0582, 0.0574,
         0.0552],
        [0.1054, 0.1292, 0.0937, 0.0693, 0.0565, 0.0747, 0.0717, 0.0744, 0.1265,
         0.1986],
        [0.1658, 0.0489, 0.0533, 0.0602, 0.0605, 0.0630, 0.0896, 0.0568, 0.3078,
         0.0941],
        [0.3234, 0.0645, 0.1035, 0.0588, 0.1002, 0.0734, 0.0893, 0.0667, 0.0670,
         0.0532],
        [0.0768, 0.2841, 0.0652, 0.0743, 0.0619, 0.0677, 0.0838, 0.0654, 0.0929,
         0.1278],
        [0.1108, 0.0529, 0.1065, 0.1417, 0.1008, 0.1293, 0.0545, 0.1375, 0.0758,
         0.0903],
        [0.0874, 0.0644, 0.0974, 0.1031, 0.1019, 0.1163, 0.0902, 0.0851, 0.1013,
         0.1529],
        [0.0857, 0.0484, 0.1062, 0.1167, 0.1393, 0.1667, 0.1067, 0.1038, 0.0631,
         0.0633],
        [0.0912, 0.0675, 0.0815, 0.0640, 0.0405, 0.0667, 0.4487, 0.0494, 0.0402,
         0.0502],
        [0.0806, 0.0653, 0.0595, 0.0481, 0.0845, 0.0499, 0.0541, 0.4230, 0.0918,
         0.0435],
        [0.0614, 0.0649, 0.0901, 0.0725, 0.1895, 0.1901, 0.0845, 0.1034, 0.0652,
         0.0783],
        [0.0609, 0.0700, 0.0801, 0.0586, 0.1489, 0.0612, 0.0562, 0.3386, 0.0609,
         0.0644],
        [0.1073, 0.1053, 0.0808, 0.0928, 0.1175, 0.0943, 0.0781, 0.1645, 0.0692,
         0.0902],
        [0.1147, 0.0423, 0.0826, 0.0575, 0.0470, 0.0693, 0.0543, 0.0716, 0.3981,
         0.0625],
        [0.0764, 0.0632, 0.1049, 0.1198, 0.1606, 0.1809, 0.0766, 0.0922, 0.0697,
         0.0558],
        [0.0692, 0.0725, 0.0797, 0.0903, 0.1127, 0.1342, 0.0634, 0.1565, 0.0660,
         0.1555],
        [0.0781, 0.0619, 0.0781, 0.1505, 0.1090, 0.2429, 0.0727, 0.0846, 0.0643,
         0.0578],
        [0.0640, 0.0696, 0.0735, 0.1087, 0.1093, 0.0882, 0.2952, 0.0632, 0.0557,
         0.0724],
        [0.0572, 0.0723, 0.0789, 0.0881, 0.1828, 0.0939, 0.2281, 0.0633, 0.0575,
         0.0779],
        [0.1128, 0.0907, 0.2309, 0.1126, 0.0477, 0.1356, 0.0814, 0.0637, 0.0627,
         0.0620],
        [0.0747, 0.0605, 0.0941, 0.0519, 0.2230, 0.2107, 0.0583, 0.1139, 0.0582,
         0.0546],
        [0.0855, 0.0563, 0.0744, 0.0528, 0.0334, 0.0556, 0.0652, 0.0941, 0.4169,
         0.0659],
        [0.0684, 0.0577, 0.1609, 0.1158, 0.1914, 0.1064, 0.0871, 0.0850, 0.0689,
         0.0584],
        [0.1506, 0.1330, 0.0740, 0.0632, 0.0507, 0.0542, 0.1044, 0.0714, 0.2303,
         0.0682],
        [0.1600, 0.0603, 0.1540, 0.1245, 0.0759, 0.1035, 0.1107, 0.0739, 0.0875,
         0.0495],
        [0.1049, 0.0589, 0.1343, 0.0679, 0.1389, 0.0740, 0.0601, 0.2371, 0.0675,
         0.0563],
        [0.1243, 0.0909, 0.0910, 0.0699, 0.0582, 0.0639, 0.0733, 0.0813, 0.2431,
         0.1041],
        [0.1032, 0.1240, 0.0642, 0.0756, 0.0763, 0.0639, 0.0737, 0.0619, 0.1625,
         0.1947],
        [0.0832, 0.0556, 0.0438, 0.1381, 0.0791, 0.3757, 0.0583, 0.0584, 0.0595,
         0.0483],
        [0.1055, 0.1551, 0.0799, 0.0676, 0.0673, 0.0766, 0.0725, 0.0723, 0.1482,
         0.1551],
        [0.0730, 0.3477, 0.0718, 0.0842, 0.0575, 0.0579, 0.0832, 0.0547, 0.0828,
         0.0871],
        [0.3595, 0.0356, 0.0971, 0.0717, 0.0772, 0.0619, 0.0818, 0.0774, 0.0792,
         0.0586],
        [0.0945, 0.0729, 0.0722, 0.1195, 0.0876, 0.2266, 0.0846, 0.1300, 0.0556,
         0.0566],
        [0.1036, 0.0647, 0.0859, 0.0647, 0.0719, 0.0583, 0.3964, 0.0545, 0.0471,
         0.0529],
        [0.0595, 0.0713, 0.2374, 0.0877, 0.2080, 0.0803, 0.0486, 0.0811, 0.0560,
         0.0701],
        [0.0723, 0.0840, 0.1046, 0.1396, 0.0878, 0.1070, 0.2001, 0.0713, 0.0508,
         0.0825],
        [0.0712, 0.1363, 0.1081, 0.0717, 0.0971, 0.0880, 0.0826, 0.0747, 0.0905,
         0.1799],
        [0.1135, 0.0622, 0.1081, 0.0718, 0.1308, 0.0913, 0.0847, 0.1288, 0.0874,
         0.1213],
        [0.0912, 0.0835, 0.0928, 0.0691, 0.0827, 0.0668, 0.0634, 0.2757, 0.0852,
         0.0895],
        [0.0769, 0.0486, 0.1800, 0.1095, 0.1327, 0.0851, 0.0744, 0.1050, 0.0778,
         0.1101],
        [0.0709, 0.0595, 0.0994, 0.1323, 0.1486, 0.1305, 0.0699, 0.1134, 0.0863,
         0.0891],
        [0.1567, 0.1698, 0.0707, 0.0776, 0.0658, 0.0726, 0.0746, 0.0716, 0.1689,
         0.0718],
        [0.0761, 0.0486, 0.0820, 0.0600, 0.0531, 0.0663, 0.0626, 0.0774, 0.3199,
         0.1540],
        [0.0740, 0.0725, 0.1278, 0.0845, 0.1076, 0.1328, 0.0652, 0.1962, 0.0700,
         0.0694],
        [0.1019, 0.1222, 0.0750, 0.0897, 0.0726, 0.0795, 0.1047, 0.0647, 0.1293,
         0.1604],
        [0.0795, 0.0718, 0.1034, 0.0564, 0.2770, 0.0593, 0.1609, 0.0648, 0.0548,
         0.0720],
        [0.2434, 0.0608, 0.0862, 0.0527, 0.0520, 0.0752, 0.0748, 0.0618, 0.2297,
         0.0633],
        [0.1335, 0.0508, 0.1679, 0.0540, 0.2089, 0.0680, 0.0905, 0.0777, 0.1003,
         0.0484],
        [0.1052, 0.1138, 0.0734, 0.0590, 0.0720, 0.0643, 0.0667, 0.0615, 0.0902,
         0.2940],
        [0.0963, 0.0604, 0.0829, 0.0966, 0.0954, 0.0648, 0.3008, 0.0650, 0.0678,
         0.0701],
        [0.2074, 0.0570, 0.0912, 0.0656, 0.0871, 0.0788, 0.1098, 0.1171, 0.0832,
         0.1027],
        [0.0888, 0.0516, 0.0907, 0.0922, 0.1139, 0.0811, 0.0797, 0.1356, 0.1557,
         0.1108],
        [0.0823, 0.0661, 0.1026, 0.1330, 0.1040, 0.2538, 0.0711, 0.0763, 0.0488,
         0.0619],
        [0.0846, 0.0715, 0.0781, 0.2247, 0.1381, 0.1056, 0.0922, 0.0764, 0.0681,
         0.0607],
        [0.1012, 0.0955, 0.2619, 0.1303, 0.0599, 0.0954, 0.0783, 0.0599, 0.0533,
         0.0644],
        [0.0750, 0.0546, 0.2187, 0.0917, 0.1544, 0.1206, 0.0464, 0.0799, 0.0820,
         0.0767],
        [0.1586, 0.0655, 0.1032, 0.1475, 0.0749, 0.1011, 0.1469, 0.0773, 0.0683,
         0.0566],
        [0.1008, 0.1040, 0.0578, 0.0544, 0.0748, 0.0885, 0.0925, 0.0594, 0.0596,
         0.3083],
        [0.1760, 0.0892, 0.1441, 0.0741, 0.1419, 0.0804, 0.0837, 0.0770, 0.0636,
         0.0701],
        [0.2804, 0.0587, 0.0762, 0.0510, 0.0943, 0.0623, 0.0876, 0.1221, 0.0713,
         0.0962],
        [0.0805, 0.0569, 0.0674, 0.0711, 0.1371, 0.0778, 0.0586, 0.2889, 0.0927,
         0.0690],
        [0.0700, 0.0766, 0.0961, 0.0575, 0.1519, 0.1327, 0.0747, 0.2117, 0.0636,
         0.0653]], device='cuda:0', grad_fn=<SoftmaxBackward>)
>> best accuracy: 54.54	best epoch: 10

>> final recovery rate: 39.797777777777775%
>> val epoch: 15
>> current accuracy: 59.28%
outputs: tensor([[0.0482, 0.2133, 0.0718, 0.0905, 0.0704, 0.0597, 0.0941, 0.0751, 0.1242,
         0.1527],
        [0.0850, 0.3806, 0.0333, 0.0691, 0.0852, 0.0531, 0.0681, 0.0806, 0.0912,
         0.0540],
        [0.2288, 0.0831, 0.0990, 0.0664, 0.0677, 0.0755, 0.0916, 0.0891, 0.1229,
         0.0758],
        [0.0486, 0.1388, 0.0676, 0.0838, 0.0778, 0.0939, 0.2895, 0.0812, 0.0543,
         0.0645],
        [0.1248, 0.1319, 0.0834, 0.0781, 0.0720, 0.0834, 0.0592, 0.0924, 0.1840,
         0.0910],
        [0.0688, 0.1843, 0.0444, 0.0902, 0.0712, 0.0770, 0.1042, 0.0721, 0.1020,
         0.1858],
        [0.0889, 0.0464, 0.0980, 0.0944, 0.0774, 0.1410, 0.0408, 0.1556, 0.1723,
         0.0852],
        [0.1448, 0.0611, 0.2050, 0.0743, 0.0781, 0.0952, 0.0473, 0.1234, 0.0916,
         0.0792],
        [0.0580, 0.0994, 0.0760, 0.1101, 0.1005, 0.0540, 0.0822, 0.0878, 0.0733,
         0.2587],
        [0.0575, 0.0689, 0.0669, 0.0727, 0.3298, 0.0867, 0.0597, 0.1332, 0.0530,
         0.0716],
        [0.2380, 0.0726, 0.0558, 0.0697, 0.0848, 0.0701, 0.0692, 0.0825, 0.1825,
         0.0748],
        [0.1587, 0.0853, 0.0616, 0.0780, 0.0779, 0.0647, 0.0809, 0.0706, 0.2249,
         0.0974],
        [0.0958, 0.1740, 0.1055, 0.0814, 0.0701, 0.0767, 0.0466, 0.0862, 0.0540,
         0.2097],
        [0.1056, 0.2583, 0.0491, 0.0793, 0.0972, 0.0597, 0.0553, 0.0793, 0.0670,
         0.1492],
        [0.0705, 0.0694, 0.0637, 0.1411, 0.0890, 0.1244, 0.0889, 0.1515, 0.0783,
         0.1233],
        [0.1014, 0.0591, 0.1105, 0.1719, 0.1213, 0.1053, 0.0558, 0.1602, 0.0488,
         0.0657],
        [0.1744, 0.1066, 0.0760, 0.0875, 0.1040, 0.0772, 0.0866, 0.1159, 0.0851,
         0.0868],
        [0.0517, 0.0590, 0.0577, 0.1243, 0.0618, 0.0674, 0.3910, 0.0812, 0.0634,
         0.0425],
        [0.0542, 0.0708, 0.1495, 0.1141, 0.1211, 0.0999, 0.0808, 0.1062, 0.1497,
         0.0537],
        [0.0575, 0.3136, 0.0614, 0.0723, 0.0574, 0.0700, 0.0424, 0.0783, 0.0934,
         0.1537],
        [0.0444, 0.0691, 0.1046, 0.1655, 0.1080, 0.1892, 0.0510, 0.1236, 0.0805,
         0.0642],
        [0.0340, 0.0765, 0.0723, 0.2103, 0.1153, 0.1547, 0.0718, 0.1041, 0.0883,
         0.0726],
        [0.0726, 0.0618, 0.0426, 0.0691, 0.0545, 0.0652, 0.0643, 0.0842, 0.1205,
         0.3652],
        [0.1836, 0.1101, 0.0927, 0.0892, 0.1070, 0.0807, 0.0585, 0.0874, 0.1065,
         0.0844],
        [0.0579, 0.0642, 0.0824, 0.0659, 0.1224, 0.0994, 0.0461, 0.3371, 0.0570,
         0.0676],
        [0.1025, 0.0481, 0.4282, 0.0739, 0.0679, 0.0421, 0.0639, 0.0712, 0.0541,
         0.0480],
        [0.0623, 0.0730, 0.1403, 0.0739, 0.2103, 0.0740, 0.0970, 0.0812, 0.1119,
         0.0759],
        [0.0593, 0.0738, 0.2185, 0.0878, 0.2432, 0.0700, 0.0502, 0.0827, 0.0467,
         0.0680],
        [0.1561, 0.0539, 0.1421, 0.1405, 0.1693, 0.0802, 0.0672, 0.0785, 0.0559,
         0.0563],
        [0.0559, 0.0520, 0.0365, 0.1021, 0.0699, 0.0643, 0.4154, 0.0639, 0.0811,
         0.0589],
        [0.0720, 0.0591, 0.0926, 0.0887, 0.1894, 0.0976, 0.0565, 0.2091, 0.0551,
         0.0801],
        [0.1117, 0.1376, 0.0907, 0.0794, 0.0569, 0.0519, 0.0742, 0.0854, 0.2163,
         0.0960],
        [0.0911, 0.0871, 0.1089, 0.0789, 0.1080, 0.0722, 0.0599, 0.1865, 0.0709,
         0.1364],
        [0.0591, 0.0928, 0.0770, 0.1330, 0.0773, 0.0641, 0.2554, 0.1210, 0.0628,
         0.0574],
        [0.0774, 0.0524, 0.1896, 0.0845, 0.0609, 0.1765, 0.0383, 0.1509, 0.1009,
         0.0685],
        [0.0857, 0.0636, 0.0792, 0.1092, 0.1285, 0.1758, 0.0481, 0.1738, 0.0652,
         0.0710],
        [0.2108, 0.1122, 0.0995, 0.1073, 0.0869, 0.0642, 0.0684, 0.0832, 0.0909,
         0.0766],
        [0.0810, 0.0728, 0.1127, 0.0872, 0.0872, 0.1083, 0.2062, 0.1066, 0.0587,
         0.0792],
        [0.0802, 0.1005, 0.0986, 0.0576, 0.0542, 0.0852, 0.0387, 0.2173, 0.0991,
         0.1686],
        [0.0644, 0.2631, 0.0755, 0.0774, 0.0603, 0.0625, 0.0612, 0.0842, 0.0671,
         0.1843],
        [0.1231, 0.0569, 0.1563, 0.1077, 0.1290, 0.0903, 0.0434, 0.1278, 0.0649,
         0.1006],
        [0.2323, 0.2113, 0.0494, 0.0743, 0.0796, 0.0533, 0.0492, 0.0735, 0.0820,
         0.0951],
        [0.0691, 0.1101, 0.0684, 0.0735, 0.0566, 0.0837, 0.0440, 0.3203, 0.0553,
         0.1190],
        [0.2771, 0.0384, 0.1687, 0.0722, 0.1240, 0.0548, 0.0514, 0.0746, 0.0891,
         0.0498],
        [0.0788, 0.2220, 0.0622, 0.1716, 0.0477, 0.0651, 0.1052, 0.0764, 0.0979,
         0.0731],
        [0.1175, 0.0457, 0.1779, 0.1114, 0.1068, 0.0653, 0.1268, 0.0845, 0.1069,
         0.0571],
        [0.0557, 0.0596, 0.1250, 0.1445, 0.0842, 0.0670, 0.1792, 0.0999, 0.1353,
         0.0496],
        [0.1072, 0.0441, 0.0896, 0.1164, 0.1348, 0.0762, 0.0518, 0.1541, 0.1343,
         0.0913],
        [0.0636, 0.0645, 0.0664, 0.2012, 0.0742, 0.2366, 0.0375, 0.1403, 0.0590,
         0.0569],
        [0.0678, 0.0465, 0.3060, 0.0688, 0.1444, 0.0838, 0.0748, 0.0884, 0.0635,
         0.0561],
        [0.0679, 0.0611, 0.0787, 0.0793, 0.2092, 0.1595, 0.0893, 0.1350, 0.0565,
         0.0635],
        [0.0819, 0.2270, 0.1219, 0.0676, 0.0663, 0.0885, 0.0751, 0.0921, 0.0505,
         0.1290],
        [0.1621, 0.0417, 0.0746, 0.1835, 0.0545, 0.1148, 0.0885, 0.0643, 0.1116,
         0.1043],
        [0.0469, 0.0957, 0.0819, 0.1866, 0.1021, 0.1234, 0.0400, 0.1435, 0.0558,
         0.1240],
        [0.1030, 0.1517, 0.0776, 0.0719, 0.0601, 0.0778, 0.0687, 0.0836, 0.2272,
         0.0784],
        [0.0840, 0.0706, 0.0479, 0.0872, 0.1194, 0.0913, 0.1139, 0.1014, 0.0637,
         0.2206],
        [0.0477, 0.0819, 0.0588, 0.0427, 0.0594, 0.1008, 0.0348, 0.4416, 0.0692,
         0.0631],
        [0.0684, 0.0887, 0.1407, 0.0730, 0.2076, 0.0603, 0.0944, 0.1157, 0.0737,
         0.0774],
        [0.0490, 0.0722, 0.0654, 0.1999, 0.0761, 0.1210, 0.0641, 0.1868, 0.0930,
         0.0725],
        [0.0636, 0.0426, 0.0703, 0.3547, 0.0459, 0.1873, 0.0533, 0.0690, 0.0583,
         0.0550],
        [0.0581, 0.0804, 0.2351, 0.1076, 0.1805, 0.0655, 0.0533, 0.0910, 0.0574,
         0.0711],
        [0.0783, 0.0633, 0.1529, 0.1377, 0.0762, 0.0977, 0.1796, 0.0895, 0.0830,
         0.0416],
        [0.0995, 0.1184, 0.0971, 0.1094, 0.0782, 0.0750, 0.0540, 0.0869, 0.1891,
         0.0924],
        [0.1238, 0.1198, 0.0416, 0.0808, 0.0505, 0.0844, 0.0558, 0.0937, 0.0784,
         0.2711],
        [0.0479, 0.0562, 0.1623, 0.0968, 0.1423, 0.1043, 0.0375, 0.1775, 0.0884,
         0.0868],
        [0.1124, 0.0578, 0.2922, 0.0822, 0.1267, 0.0660, 0.0638, 0.0771, 0.0643,
         0.0574],
        [0.0576, 0.0681, 0.0850, 0.0774, 0.0914, 0.0825, 0.0602, 0.0848, 0.2727,
         0.1203],
        [0.0695, 0.1315, 0.0844, 0.0743, 0.0488, 0.0717, 0.0550, 0.0824, 0.0677,
         0.3147],
        [0.1098, 0.0488, 0.0812, 0.1545, 0.1014, 0.1494, 0.0407, 0.1503, 0.0733,
         0.0905],
        [0.0619, 0.0522, 0.0565, 0.1267, 0.1440, 0.0919, 0.2867, 0.0799, 0.0479,
         0.0521],
        [0.0780, 0.0570, 0.1008, 0.2200, 0.0675, 0.1147, 0.1274, 0.1078, 0.0652,
         0.0615],
        [0.0507, 0.0517, 0.0677, 0.0785, 0.1594, 0.3599, 0.0447, 0.0837, 0.0513,
         0.0525]], device='cuda:0', grad_fn=<SoftmaxBackward>)
>> best accuracy: 59.28	best epoch: 15

>> final recovery rate: 39.797777777777775%
>> val epoch: 20
>> current accuracy: 58.720000000000006%
outputs: tensor([[0.0671, 0.3849, 0.0546, 0.0800, 0.0596, 0.0556, 0.0556, 0.0601, 0.0412,
         0.1414],
        [0.1546, 0.0537, 0.0950, 0.1306, 0.1330, 0.0731, 0.1145, 0.0880, 0.0876,
         0.0699],
        [0.0602, 0.0637, 0.0686, 0.1837, 0.0759, 0.0969, 0.1804, 0.0516, 0.1605,
         0.0586],
        [0.0732, 0.0435, 0.2560, 0.0867, 0.2195, 0.0416, 0.0492, 0.1320, 0.0621,
         0.0362],
        [0.0583, 0.0747, 0.1284, 0.1146, 0.0670, 0.0842, 0.0591, 0.0925, 0.0450,
         0.2762],
        [0.1039, 0.0415, 0.2107, 0.0835, 0.1732, 0.0593, 0.0653, 0.0755, 0.0872,
         0.0998],
        [0.0943, 0.0545, 0.0761, 0.2460, 0.1078, 0.0936, 0.1107, 0.0657, 0.0677,
         0.0837],
        [0.0791, 0.1877, 0.0522, 0.0630, 0.0611, 0.0381, 0.0709, 0.1410, 0.2521,
         0.0548],
        [0.4046, 0.0694, 0.0733, 0.0490, 0.0804, 0.0548, 0.0980, 0.0611, 0.0582,
         0.0511],
        [0.0969, 0.0477, 0.0689, 0.1008, 0.1028, 0.0754, 0.3357, 0.0616, 0.0540,
         0.0561],
        [0.1265, 0.0732, 0.0674, 0.0778, 0.0560, 0.0634, 0.0905, 0.0684, 0.3329,
         0.0438],
        [0.0530, 0.1869, 0.0890, 0.0913, 0.0566, 0.0660, 0.0689, 0.0514, 0.0492,
         0.2877],
        [0.0873, 0.0598, 0.0713, 0.1296, 0.2398, 0.1135, 0.1187, 0.0550, 0.0567,
         0.0682],
        [0.1197, 0.0865, 0.1374, 0.1652, 0.0800, 0.0983, 0.0748, 0.1000, 0.0738,
         0.0641],
        [0.0457, 0.0617, 0.0340, 0.0575, 0.0530, 0.0361, 0.0680, 0.0421, 0.0310,
         0.5708],
        [0.0693, 0.0875, 0.0637, 0.0966, 0.1043, 0.0635, 0.0581, 0.0676, 0.1072,
         0.2822],
        [0.3697, 0.0963, 0.0691, 0.0466, 0.0686, 0.0404, 0.0942, 0.0850, 0.0907,
         0.0395],
        [0.0820, 0.0719, 0.1105, 0.0770, 0.1215, 0.0731, 0.2949, 0.0594, 0.0523,
         0.0574],
        [0.0731, 0.0440, 0.1800, 0.0823, 0.2864, 0.0574, 0.0437, 0.1259, 0.0500,
         0.0571],
        [0.0801, 0.0798, 0.0602, 0.0503, 0.0635, 0.0484, 0.0787, 0.0804, 0.2109,
         0.2477],
        [0.0714, 0.0487, 0.3115, 0.0510, 0.1780, 0.0480, 0.0747, 0.0697, 0.0902,
         0.0570],
        [0.0958, 0.1660, 0.1413, 0.0824, 0.0583, 0.0843, 0.0695, 0.0991, 0.0738,
         0.1296],
        [0.1325, 0.0701, 0.0963, 0.0903, 0.0854, 0.0658, 0.0735, 0.0826, 0.2246,
         0.0789],
        [0.1010, 0.0752, 0.0659, 0.0887, 0.0754, 0.0391, 0.0662, 0.3635, 0.0755,
         0.0496],
        [0.2800, 0.0734, 0.0669, 0.0684, 0.1113, 0.0588, 0.0922, 0.0854, 0.0783,
         0.0852],
        [0.0697, 0.0588, 0.0950, 0.1086, 0.1004, 0.1624, 0.0522, 0.2012, 0.0749,
         0.0767],
        [0.0668, 0.2067, 0.0633, 0.0913, 0.0707, 0.0619, 0.0655, 0.0523, 0.0404,
         0.2811],
        [0.0654, 0.2206, 0.0577, 0.0876, 0.0603, 0.0513, 0.0617, 0.0614, 0.0342,
         0.2999],
        [0.0451, 0.0499, 0.1897, 0.0890, 0.1256, 0.1072, 0.0939, 0.0882, 0.1604,
         0.0509],
        [0.0847, 0.4180, 0.0615, 0.0531, 0.0649, 0.0519, 0.0515, 0.0629, 0.0663,
         0.0853],
        [0.0640, 0.0575, 0.0732, 0.1010, 0.3610, 0.0735, 0.0784, 0.0652, 0.0604,
         0.0656],
        [0.0620, 0.0571, 0.0700, 0.1298, 0.0908, 0.1146, 0.3065, 0.0515, 0.0646,
         0.0531],
        [0.0721, 0.0733, 0.1195, 0.0564, 0.3753, 0.0480, 0.0412, 0.0941, 0.0679,
         0.0522],
        [0.0664, 0.0561, 0.1325, 0.1425, 0.1016, 0.1876, 0.0537, 0.1180, 0.0599,
         0.0817],
        [0.0576, 0.0462, 0.1015, 0.0836, 0.4210, 0.0496, 0.0743, 0.0850, 0.0483,
         0.0330],
        [0.0939, 0.0479, 0.0885, 0.1840, 0.1201, 0.1039, 0.1588, 0.0672, 0.0899,
         0.0458],
        [0.0882, 0.0568, 0.0962, 0.1642, 0.1054, 0.2387, 0.0650, 0.0635, 0.0557,
         0.0664],
        [0.0661, 0.0490, 0.0550, 0.0828, 0.1016, 0.0358, 0.0404, 0.4148, 0.0904,
         0.0640],
        [0.1190, 0.0464, 0.0822, 0.1062, 0.1433, 0.0931, 0.0788, 0.0716, 0.1735,
         0.0860],
        [0.0845, 0.0481, 0.1148, 0.2200, 0.0726, 0.1146, 0.0963, 0.0716, 0.0801,
         0.0975],
        [0.0743, 0.0562, 0.1600, 0.1529, 0.0932, 0.0631, 0.0992, 0.1078, 0.0828,
         0.1105],
        [0.0644, 0.0490, 0.0882, 0.0814, 0.0605, 0.0750, 0.3646, 0.0735, 0.0980,
         0.0453],
        [0.3271, 0.0480, 0.1549, 0.0573, 0.0850, 0.0498, 0.0832, 0.0802, 0.0693,
         0.0452],
        [0.0734, 0.0780, 0.0745, 0.0943, 0.0668, 0.0807, 0.0654, 0.2906, 0.0601,
         0.1162],
        [0.0972, 0.0570, 0.1315, 0.0967, 0.0962, 0.0754, 0.0499, 0.2473, 0.0656,
         0.0830],
        [0.0989, 0.0978, 0.1122, 0.0770, 0.0847, 0.0673, 0.0680, 0.0943, 0.1918,
         0.1080],
        [0.0594, 0.0994, 0.0980, 0.1982, 0.0631, 0.1138, 0.0842, 0.0745, 0.0797,
         0.1296],
        [0.1573, 0.1243, 0.1492, 0.1050, 0.0768, 0.0644, 0.0932, 0.0589, 0.0767,
         0.0943],
        [0.1090, 0.1406, 0.0509, 0.0681, 0.0644, 0.0497, 0.0793, 0.0562, 0.0732,
         0.3086],
        [0.1505, 0.0629, 0.2669, 0.0710, 0.0897, 0.0812, 0.0709, 0.0924, 0.0680,
         0.0465],
        [0.0601, 0.0573, 0.1092, 0.2117, 0.0559, 0.0919, 0.2254, 0.0482, 0.0666,
         0.0737],
        [0.0558, 0.2769, 0.0729, 0.0819, 0.0558, 0.0438, 0.0645, 0.0662, 0.0942,
         0.1880],
        [0.0828, 0.0787, 0.0604, 0.1216, 0.1366, 0.1766, 0.1062, 0.0908, 0.0778,
         0.0686],
        [0.0593, 0.0625, 0.0840, 0.2462, 0.0703, 0.0950, 0.0749, 0.1438, 0.0703,
         0.0937],
        [0.1428, 0.1290, 0.0525, 0.0747, 0.0855, 0.0705, 0.0883, 0.0737, 0.0471,
         0.2359],
        [0.1089, 0.0860, 0.1218, 0.1754, 0.0654, 0.0703, 0.1311, 0.0720, 0.0849,
         0.0841],
        [0.0857, 0.0715, 0.1045, 0.0938, 0.0966, 0.0636, 0.0697, 0.1731, 0.0709,
         0.1707],
        [0.1005, 0.0553, 0.0663, 0.0627, 0.0672, 0.0483, 0.0981, 0.0736, 0.3684,
         0.0597],
        [0.1971, 0.2423, 0.0544, 0.0754, 0.0801, 0.0596, 0.0684, 0.0822, 0.0621,
         0.0784],
        [0.0664, 0.0565, 0.1101, 0.1265, 0.2342, 0.1014, 0.0740, 0.0857, 0.0473,
         0.0978],
        [0.0635, 0.0547, 0.1410, 0.1513, 0.1240, 0.2002, 0.0794, 0.0734, 0.0465,
         0.0659],
        [0.0845, 0.0680, 0.1599, 0.1006, 0.0830, 0.0469, 0.0402, 0.2495, 0.0830,
         0.0843],
        [0.0549, 0.0605, 0.0823, 0.2585, 0.0908, 0.1763, 0.0608, 0.1032, 0.0388,
         0.0739],
        [0.0762, 0.0558, 0.1639, 0.1141, 0.1154, 0.0700, 0.0850, 0.1456, 0.0913,
         0.0826],
        [0.0979, 0.0649, 0.0752, 0.1084, 0.1062, 0.0754, 0.2604, 0.0597, 0.0757,
         0.0762],
        [0.0906, 0.0555, 0.0800, 0.1443, 0.0416, 0.0661, 0.3461, 0.0580, 0.0615,
         0.0564],
        [0.0921, 0.0724, 0.0883, 0.0621, 0.0908, 0.0476, 0.0634, 0.0828, 0.2858,
         0.1148],
        [0.0506, 0.0471, 0.0999, 0.1999, 0.1173, 0.1215, 0.0609, 0.0722, 0.0536,
         0.1771],
        [0.1451, 0.0947, 0.0844, 0.0779, 0.0682, 0.0551, 0.0731, 0.0891, 0.1379,
         0.1746],
        [0.0678, 0.0848, 0.0596, 0.2145, 0.0767, 0.1859, 0.0773, 0.0797, 0.0750,
         0.0788],
        [0.0781, 0.0661, 0.0807, 0.1428, 0.0873, 0.2008, 0.1455, 0.0677, 0.0485,
         0.0825],
        [0.0911, 0.1112, 0.0569, 0.0540, 0.0408, 0.0415, 0.0801, 0.1100, 0.3455,
         0.0690]], device='cuda:0', grad_fn=<SoftmaxBackward>)
>> best accuracy: 59.28	best epoch: 15

>> final recovery rate: 39.797777777777775%
>> val epoch: 25
>> current accuracy: 61.46%
outputs: tensor([[0.0495, 0.0604, 0.0571, 0.0748, 0.0599, 0.0421, 0.0514, 0.0568, 0.4619,
         0.0861],
        [0.0367, 0.0440, 0.1656, 0.1080, 0.2320, 0.0958, 0.1127, 0.0848, 0.0867,
         0.0335],
        [0.1090, 0.0696, 0.0803, 0.1221, 0.0685, 0.1074, 0.2184, 0.0546, 0.0972,
         0.0730],
        [0.0561, 0.1994, 0.0603, 0.0548, 0.0478, 0.0368, 0.0653, 0.0216, 0.0660,
         0.3919],
        [0.3813, 0.0582, 0.0973, 0.0704, 0.0545, 0.0526, 0.0535, 0.0487, 0.1288,
         0.0548],
        [0.0471, 0.0616, 0.0558, 0.1919, 0.0999, 0.0823, 0.1468, 0.0561, 0.0893,
         0.1693],
        [0.1573, 0.0494, 0.1490, 0.2058, 0.0942, 0.0723, 0.0544, 0.0764, 0.0773,
         0.0638],
        [0.0396, 0.0448, 0.0840, 0.1190, 0.3170, 0.0457, 0.1454, 0.0738, 0.0876,
         0.0431],
        [0.1618, 0.2003, 0.0523, 0.0809, 0.0773, 0.0391, 0.0560, 0.0566, 0.1120,
         0.1638],
        [0.2283, 0.0574, 0.0547, 0.0884, 0.0693, 0.0363, 0.0619, 0.0687, 0.2257,
         0.1094],
        [0.1604, 0.0641, 0.1111, 0.0720, 0.0767, 0.1035, 0.0482, 0.0718, 0.2416,
         0.0505],
        [0.0748, 0.0577, 0.1111, 0.1142, 0.0972, 0.2449, 0.0568, 0.0959, 0.0492,
         0.0982],
        [0.0377, 0.5102, 0.0383, 0.0701, 0.0883, 0.0374, 0.0718, 0.0307, 0.0548,
         0.0607],
        [0.1016, 0.0609, 0.1062, 0.1042, 0.1033, 0.1789, 0.0892, 0.1050, 0.0647,
         0.0859],
        [0.0973, 0.0965, 0.1487, 0.0756, 0.0604, 0.2007, 0.0867, 0.0819, 0.0734,
         0.0789],
        [0.0501, 0.0770, 0.0581, 0.1429, 0.2537, 0.0349, 0.0741, 0.0979, 0.1063,
         0.1049],
        [0.0749, 0.0555, 0.1071, 0.2771, 0.0467, 0.0744, 0.0842, 0.0690, 0.1258,
         0.0853],
        [0.0468, 0.0665, 0.1661, 0.0810, 0.1115, 0.0529, 0.2273, 0.0901, 0.0837,
         0.0741],
        [0.0631, 0.0653, 0.0479, 0.1060, 0.3156, 0.0920, 0.0520, 0.1109, 0.0702,
         0.0771],
        [0.1406, 0.0653, 0.0743, 0.1106, 0.0841, 0.0992, 0.1952, 0.0838, 0.0914,
         0.0555],
        [0.0971, 0.0623, 0.0899, 0.1485, 0.0775, 0.2240, 0.0939, 0.0598, 0.0567,
         0.0903],
