noise type: uniform
noise level: 0.8
when_to_apply_epoch: 100
total clean data num: 10867
probability transition matrix:
[[0.2        0.08888889 0.08888889 0.08888889 0.08888889 0.08888889
  0.08888889 0.08888889 0.08888889 0.08888889]
 [0.08888889 0.2        0.08888889 0.08888889 0.08888889 0.08888889
  0.08888889 0.08888889 0.08888889 0.08888889]
 [0.08888889 0.08888889 0.2        0.08888889 0.08888889 0.08888889
  0.08888889 0.08888889 0.08888889 0.08888889]
 [0.08888889 0.08888889 0.08888889 0.2        0.08888889 0.08888889
  0.08888889 0.08888889 0.08888889 0.08888889]
 [0.08888889 0.08888889 0.08888889 0.08888889 0.2        0.08888889
  0.08888889 0.08888889 0.08888889 0.08888889]
 [0.08888889 0.08888889 0.08888889 0.08888889 0.08888889 0.2
  0.08888889 0.08888889 0.08888889 0.08888889]
 [0.08888889 0.08888889 0.08888889 0.08888889 0.08888889 0.08888889
  0.2        0.08888889 0.08888889 0.08888889]
 [0.08888889 0.08888889 0.08888889 0.08888889 0.08888889 0.08888889
  0.08888889 0.2        0.08888889 0.08888889]
 [0.08888889 0.08888889 0.08888889 0.08888889 0.08888889 0.08888889
  0.08888889 0.08888889 0.2        0.08888889]
 [0.08888889 0.08888889 0.08888889 0.08888889 0.08888889 0.08888889
  0.08888889 0.08888889 0.08888889 0.2       ]]
>> val epoch: 0
>> current accuracy: 47.56666666666667%
outputs: tensor([[0.0723, 0.0592, 0.0963, 0.1200, 0.0886, 0.0832, 0.0440, 0.2795, 0.0674,
         0.0895],
        [0.0772, 0.0735, 0.0910, 0.0992, 0.0960, 0.0924, 0.0474, 0.2388, 0.0764,
         0.1079],
        [0.0955, 0.0724, 0.1000, 0.1053, 0.1334, 0.1112, 0.0487, 0.1418, 0.0809,
         0.1107],
        [0.0817, 0.0652, 0.1046, 0.0897, 0.1117, 0.1184, 0.0564, 0.1871, 0.0858,
         0.0992],
        [0.1601, 0.0680, 0.0808, 0.0726, 0.0666, 0.1331, 0.0887, 0.1583, 0.0893,
         0.0824],
        [0.1824, 0.0735, 0.0732, 0.0932, 0.0743, 0.1158, 0.0603, 0.1473, 0.1017,
         0.0783],
        [0.0847, 0.0592, 0.0781, 0.1169, 0.0747, 0.1885, 0.0597, 0.1756, 0.0821,
         0.0805],
        [0.1127, 0.0711, 0.0915, 0.0775, 0.0666, 0.1063, 0.1140, 0.1830, 0.0792,
         0.0979],
        [0.1724, 0.0790, 0.0680, 0.1029, 0.0709, 0.1369, 0.0600, 0.1606, 0.0719,
         0.0774],
        [0.0970, 0.1109, 0.1027, 0.0889, 0.0645, 0.1104, 0.0522, 0.2163, 0.0679,
         0.0894],
        [0.1020, 0.0643, 0.1184, 0.0979, 0.1222, 0.0976, 0.0576, 0.1428, 0.0928,
         0.1043],
        [0.1497, 0.0688, 0.0844, 0.0961, 0.0704, 0.0941, 0.0719, 0.1833, 0.0865,
         0.0949],
        [0.0883, 0.0781, 0.1047, 0.0833, 0.0740, 0.1285, 0.0614, 0.1827, 0.1091,
         0.0900],
        [0.1456, 0.0806, 0.0741, 0.0999, 0.0780, 0.1197, 0.0646, 0.1619, 0.0842,
         0.0915],
        [0.1022, 0.1232, 0.0976, 0.0840, 0.0592, 0.1131, 0.0555, 0.2104, 0.0637,
         0.0912],
        [0.1001, 0.1169, 0.1050, 0.0873, 0.0634, 0.1119, 0.0557, 0.2062, 0.0649,
         0.0886],
        [0.1063, 0.0706, 0.0986, 0.0789, 0.0668, 0.1053, 0.1123, 0.1866, 0.0774,
         0.0971],
        [0.0910, 0.0683, 0.1088, 0.0998, 0.0885, 0.1093, 0.0602, 0.2025, 0.0866,
         0.0851],
        [0.1030, 0.0697, 0.1444, 0.0808, 0.1079, 0.1106, 0.0657, 0.1400, 0.0884,
         0.0896],
        [0.0953, 0.0624, 0.1037, 0.0928, 0.1015, 0.1082, 0.0542, 0.1652, 0.0968,
         0.1198],
        [0.0921, 0.0683, 0.0717, 0.0983, 0.0649, 0.1767, 0.0856, 0.1758, 0.0674,
         0.0992],
        [0.1131, 0.0623, 0.1171, 0.0846, 0.0782, 0.1266, 0.0591, 0.1577, 0.1199,
         0.0814],
        [0.1085, 0.0678, 0.1092, 0.0712, 0.0597, 0.0997, 0.1193, 0.1801, 0.0908,
         0.0939],
        [0.0955, 0.0658, 0.1101, 0.0874, 0.0738, 0.1024, 0.0639, 0.2012, 0.1086,
         0.0913],
        [0.1713, 0.0806, 0.0689, 0.1010, 0.0753, 0.1220, 0.0595, 0.1582, 0.0814,
         0.0818],
        [0.0923, 0.0712, 0.1079, 0.0938, 0.0869, 0.1119, 0.0674, 0.1762, 0.0818,
         0.1108],
        [0.0888, 0.0647, 0.1760, 0.0966, 0.0785, 0.0905, 0.0658, 0.1708, 0.0796,
         0.0889],
        [0.0952, 0.1301, 0.1014, 0.0829, 0.0577, 0.1256, 0.0552, 0.1842, 0.0716,
         0.0960],
        [0.0918, 0.0726, 0.1172, 0.0863, 0.1350, 0.1035, 0.0546, 0.1390, 0.0921,
         0.1079],
        [0.1190, 0.0534, 0.0871, 0.0577, 0.0574, 0.1306, 0.1474, 0.1755, 0.0899,
         0.0820],
        [0.1828, 0.0679, 0.0609, 0.1043, 0.0599, 0.1236, 0.0675, 0.1627, 0.0826,
         0.0877],
        [0.0763, 0.0471, 0.0819, 0.1210, 0.1054, 0.0833, 0.0464, 0.2693, 0.0792,
         0.0901],
        [0.0913, 0.0786, 0.1011, 0.1354, 0.0744, 0.1371, 0.0516, 0.1652, 0.0776,
         0.0878],
        [0.0865, 0.1337, 0.0970, 0.0906, 0.0669, 0.1195, 0.0504, 0.1882, 0.0678,
         0.0995],
        [0.0885, 0.0707, 0.0850, 0.1347, 0.0781, 0.1498, 0.0511, 0.1665, 0.0862,
         0.0893],
        [0.0878, 0.0710, 0.0902, 0.1046, 0.0890, 0.0878, 0.0472, 0.2369, 0.0744,
         0.1111],
        [0.0934, 0.0756, 0.1416, 0.0872, 0.0978, 0.1148, 0.0680, 0.1576, 0.0816,
         0.0823],
        [0.0852, 0.0817, 0.0841, 0.1387, 0.0815, 0.1512, 0.0484, 0.1598, 0.0773,
         0.0921],
        [0.0722, 0.0618, 0.0929, 0.0922, 0.0940, 0.0885, 0.0467, 0.2777, 0.0771,
         0.0969],
        [0.1293, 0.0670, 0.0933, 0.0715, 0.0603, 0.1091, 0.1231, 0.1639, 0.0947,
         0.0877],
        [0.0776, 0.0690, 0.1187, 0.1174, 0.0833, 0.0887, 0.0451, 0.2185, 0.0769,
         0.1048],
        [0.0821, 0.0640, 0.1086, 0.1123, 0.0850, 0.1427, 0.0517, 0.1761, 0.0969,
         0.0807],
        [0.0937, 0.0627, 0.1061, 0.1104, 0.1017, 0.1052, 0.0545, 0.1841, 0.0882,
         0.0934],
        [0.1082, 0.0588, 0.0994, 0.0992, 0.1012, 0.1268, 0.0591, 0.1421, 0.0950,
         0.1102],
        [0.1046, 0.0718, 0.1038, 0.0770, 0.0638, 0.1004, 0.1154, 0.1858, 0.0766,
         0.1009],
        [0.0913, 0.1412, 0.0889, 0.0893, 0.0603, 0.1243, 0.0501, 0.1758, 0.0736,
         0.1052],
        [0.0927, 0.1233, 0.0932, 0.0881, 0.0592, 0.1135, 0.0513, 0.2161, 0.0629,
         0.0998],
        [0.0775, 0.0599, 0.0802, 0.1045, 0.0722, 0.1810, 0.0698, 0.1948, 0.0733,
         0.0868]], device='cuda:0', grad_fn=<SoftmaxBackward>)
>> best accuracy: 47.56666666666667	best epoch: 0

>> final recovery rate: 20.124074074074073%
>> val epoch: 5
>> current accuracy: 88.68333333333334%
outputs: tensor([[0.0757, 0.0695, 0.1114, 0.1028, 0.0787, 0.1043, 0.0952, 0.1230, 0.1486,
         0.0906],
        [0.0695, 0.0708, 0.0774, 0.0996, 0.0783, 0.1442, 0.1163, 0.0868, 0.1929,
         0.0642],
        [0.0715, 0.0708, 0.0795, 0.0984, 0.0783, 0.1090, 0.0854, 0.0878, 0.2436,
         0.0758],
        [0.1597, 0.0836, 0.0981, 0.0971, 0.0892, 0.1138, 0.1035, 0.0841, 0.0993,
         0.0715],
        [0.0811, 0.0667, 0.1352, 0.1153, 0.0822, 0.1322, 0.0900, 0.1118, 0.0955,
         0.0901],
        [0.0726, 0.0761, 0.1095, 0.0808, 0.1679, 0.1098, 0.1267, 0.0975, 0.0882,
         0.0708],
        [0.0788, 0.0817, 0.1584, 0.1264, 0.0917, 0.0871, 0.1167, 0.0849, 0.0931,
         0.0811],
        [0.0813, 0.0619, 0.1369, 0.0829, 0.0866, 0.1031, 0.0743, 0.1640, 0.1007,
         0.1082],
        [0.0774, 0.0796, 0.0867, 0.0763, 0.1830, 0.0943, 0.1258, 0.1108, 0.0930,
         0.0731],
        [0.0619, 0.1611, 0.0874, 0.1087, 0.1126, 0.1059, 0.0930, 0.0997, 0.1084,
         0.0612],
        [0.0548, 0.0658, 0.1370, 0.0775, 0.0891, 0.1290, 0.2275, 0.0832, 0.0757,
         0.0604],
        [0.0818, 0.0649, 0.0810, 0.0959, 0.1003, 0.1052, 0.0770, 0.1803, 0.1040,
         0.1096],
        [0.0750, 0.0702, 0.0926, 0.0989, 0.1539, 0.1130, 0.1512, 0.0847, 0.0861,
         0.0743],
        [0.1293, 0.0925, 0.1159, 0.0873, 0.1011, 0.1021, 0.1153, 0.0858, 0.0938,
         0.0769],
        [0.0618, 0.0695, 0.1005, 0.0847, 0.0738, 0.1370, 0.2029, 0.1068, 0.0957,
         0.0672],
        [0.0696, 0.0755, 0.0996, 0.0841, 0.0907, 0.1240, 0.1857, 0.1043, 0.0994,
         0.0671],
        [0.0852, 0.0795, 0.0791, 0.0898, 0.0933, 0.1071, 0.0912, 0.1181, 0.0976,
         0.1590],
        [0.0613, 0.0701, 0.0707, 0.0912, 0.0840, 0.2986, 0.1050, 0.0727, 0.0765,
         0.0700],
        [0.0851, 0.0684, 0.0843, 0.2372, 0.0921, 0.1136, 0.0925, 0.0752, 0.0848,
         0.0667],
        [0.0642, 0.1633, 0.0852, 0.1114, 0.1120, 0.1163, 0.0889, 0.0847, 0.1120,
         0.0621],
        [0.0738, 0.0612, 0.0545, 0.1251, 0.0709, 0.1018, 0.0768, 0.0895, 0.2791,
         0.0674],
        [0.0697, 0.0624, 0.0674, 0.1088, 0.0702, 0.1325, 0.0930, 0.0902, 0.2457,
         0.0601],
        [0.0633, 0.0630, 0.0983, 0.0854, 0.0933, 0.1166, 0.2300, 0.0986, 0.0899,
         0.0617],
        [0.0800, 0.0706, 0.0775, 0.0969, 0.1028, 0.1223, 0.0867, 0.0936, 0.1011,
         0.1685],
        [0.0748, 0.0853, 0.1115, 0.1095, 0.0975, 0.1233, 0.1112, 0.0861, 0.1284,
         0.0724],
        [0.0647, 0.0671, 0.1281, 0.0753, 0.1880, 0.1072, 0.1384, 0.0964, 0.0782,
         0.0565],
        [0.1652, 0.0912, 0.0814, 0.1018, 0.0784, 0.1301, 0.0919, 0.0797, 0.1043,
         0.0762],
        [0.0602, 0.1743, 0.0910, 0.0990, 0.1100, 0.1212, 0.0951, 0.0850, 0.1031,
         0.0610],
        [0.0726, 0.0852, 0.1968, 0.0965, 0.0887, 0.0911, 0.1233, 0.0799, 0.0957,
         0.0701],
        [0.0642, 0.0595, 0.0683, 0.0841, 0.0725, 0.3544, 0.0924, 0.0557, 0.0749,
         0.0740],
        [0.0932, 0.0654, 0.0745, 0.2369, 0.0920, 0.1112, 0.0895, 0.0848, 0.0838,
         0.0687],
        [0.0751, 0.0808, 0.1705, 0.1165, 0.0736, 0.1009, 0.0989, 0.0918, 0.1207,
         0.0712],
        [0.0887, 0.0695, 0.0749, 0.1630, 0.0800, 0.1406, 0.1139, 0.0960, 0.0931,
         0.0802],
        [0.0818, 0.0735, 0.0820, 0.0797, 0.1933, 0.0984, 0.1161, 0.1003, 0.0955,
         0.0794],
        [0.0764, 0.0665, 0.0941, 0.0719, 0.0871, 0.0938, 0.0665, 0.2564, 0.0997,
         0.0876],
        [0.1679, 0.0892, 0.0955, 0.1035, 0.0808, 0.1088, 0.1006, 0.0793, 0.0988,
         0.0756],
        [0.0809, 0.0615, 0.0948, 0.0764, 0.0857, 0.1042, 0.0706, 0.2273, 0.0992,
         0.0994],
        [0.0624, 0.0664, 0.0693, 0.1102, 0.0818, 0.2774, 0.1132, 0.0766, 0.0817,
         0.0610],
        [0.0594, 0.0620, 0.1917, 0.0643, 0.0926, 0.1113, 0.2026, 0.0822, 0.0736,
         0.0602],
        [0.0953, 0.0664, 0.0776, 0.1687, 0.0968, 0.1192, 0.0824, 0.1212, 0.0949,
         0.0775],
        [0.0743, 0.0877, 0.0993, 0.0798, 0.1696, 0.1171, 0.1284, 0.0856, 0.0884,
         0.0698],
        [0.0742, 0.0609, 0.0597, 0.1254, 0.0732, 0.1427, 0.0814, 0.0849, 0.2388,
         0.0589],
        [0.0668, 0.0794, 0.0870, 0.0968, 0.1806, 0.1241, 0.1172, 0.0784, 0.0917,
         0.0780],
        [0.0722, 0.0769, 0.0913, 0.0826, 0.0926, 0.1072, 0.0742, 0.2190, 0.1007,
         0.0833],
        [0.1659, 0.0855, 0.0993, 0.0961, 0.0890, 0.1106, 0.1025, 0.0856, 0.0988,
         0.0667],
        [0.0832, 0.0771, 0.0647, 0.1610, 0.0927, 0.1283, 0.1087, 0.0968, 0.1134,
         0.0740],
        [0.1299, 0.0839, 0.0812, 0.0987, 0.0972, 0.1152, 0.0887, 0.1102, 0.1239,
         0.0710],
        [0.0814, 0.0706, 0.0790, 0.0935, 0.1055, 0.1168, 0.0927, 0.0985, 0.1089,
         0.1530]], device='cuda:0', grad_fn=<SoftmaxBackward>)
>> best accuracy: 88.68333333333334	best epoch: 5

>> final recovery rate: 20.124074074074073%
>> val epoch: 10
>> current accuracy: 80.35%
outputs: tensor([[0.0849, 0.0975, 0.1464, 0.1158, 0.1208, 0.0649, 0.1393, 0.0820, 0.0803,
         0.0680],
        [0.2452, 0.0849, 0.0684, 0.1268, 0.0811, 0.0929, 0.1087, 0.0573, 0.0634,
         0.0711],
        [0.0703, 0.0726, 0.0622, 0.1117, 0.2830, 0.0698, 0.0974, 0.0891, 0.0861,
         0.0579],
        [0.1110, 0.0803, 0.0960, 0.0769, 0.1317, 0.1128, 0.0950, 0.1252, 0.0811,
         0.0899],
        [0.1018, 0.1001, 0.0607, 0.0983, 0.0707, 0.1591, 0.0713, 0.0559, 0.1033,
         0.1788],
        [0.0980, 0.0478, 0.0495, 0.1481, 0.1508, 0.0610, 0.0894, 0.0784, 0.0915,
         0.1855],
        [0.0919, 0.1326, 0.0613, 0.1143, 0.1027, 0.0741, 0.0895, 0.0570, 0.1525,
         0.1241],
        [0.1092, 0.0958, 0.0763, 0.0808, 0.1031, 0.0691, 0.0717, 0.1609, 0.0886,
         0.1446],
        [0.1188, 0.0643, 0.0812, 0.1208, 0.0707, 0.0813, 0.1034, 0.0866, 0.1393,
         0.1336],
        [0.2463, 0.0945, 0.0414, 0.1233, 0.1001, 0.1223, 0.0791, 0.0580, 0.0580,
         0.0771],
        [0.0743, 0.0914, 0.0662, 0.1101, 0.1221, 0.1022, 0.1043, 0.0710, 0.1716,
         0.0867],
        [0.0880, 0.0730, 0.0765, 0.1106, 0.1270, 0.0857, 0.0768, 0.1414, 0.0916,
         0.1294],
        [0.0761, 0.1220, 0.0750, 0.1320, 0.1143, 0.0889, 0.0935, 0.1199, 0.1033,
         0.0750],
        [0.0977, 0.0866, 0.1072, 0.1379, 0.1484, 0.0676, 0.1045, 0.0731, 0.0976,
         0.0793],
        [0.0653, 0.0508, 0.1022, 0.1238, 0.0773, 0.0480, 0.3056, 0.0434, 0.1009,
         0.0827],
        [0.2337, 0.0696, 0.0468, 0.1886, 0.0706, 0.0710, 0.1040, 0.0463, 0.1011,
         0.0684],
        [0.0795, 0.2249, 0.0771, 0.1187, 0.1009, 0.1041, 0.0735, 0.0613, 0.0836,
         0.0764],
        [0.0944, 0.0615, 0.0971, 0.1036, 0.0801, 0.1503, 0.1849, 0.0558, 0.1057,
         0.0666],
        [0.0779, 0.0743, 0.0600, 0.0867, 0.0939, 0.0576, 0.0765, 0.0668, 0.1023,
         0.3040],
        [0.1296, 0.0819, 0.0511, 0.1175, 0.0940, 0.1081, 0.1670, 0.1064, 0.0876,
         0.0568],
        [0.0687, 0.0621, 0.0777, 0.1036, 0.2507, 0.0645, 0.1322, 0.0822, 0.0694,
         0.0889],
        [0.0703, 0.1149, 0.0724, 0.0882, 0.1432, 0.0751, 0.1225, 0.1486, 0.0737,
         0.0910],
        [0.0796, 0.0747, 0.0809, 0.1059, 0.0955, 0.0895, 0.0690, 0.0429, 0.0865,
         0.2755],
        [0.0672, 0.0392, 0.0504, 0.1611, 0.1255, 0.2591, 0.0819, 0.0514, 0.0818,
         0.0825],
        [0.0759, 0.0714, 0.0765, 0.0977, 0.2598, 0.0639, 0.0842, 0.0909, 0.0738,
         0.1059],
        [0.0995, 0.0717, 0.0467, 0.1219, 0.0960, 0.0924, 0.1482, 0.0605, 0.1294,
         0.1337],
        [0.2520, 0.0968, 0.0407, 0.1533, 0.0804, 0.1141, 0.0849, 0.0453, 0.0750,
         0.0574],
        [0.1146, 0.1074, 0.1335, 0.1126, 0.0619, 0.0985, 0.1118, 0.0644, 0.0995,
         0.0960],
        [0.1088, 0.0567, 0.0542, 0.1473, 0.0728, 0.1838, 0.0822, 0.0798, 0.1508,
         0.0633],
        [0.1507, 0.1158, 0.0692, 0.1109, 0.1288, 0.0875, 0.1046, 0.0773, 0.0819,
         0.0733],
        [0.1063, 0.0588, 0.0424, 0.1433, 0.0854, 0.0660, 0.1131, 0.0874, 0.1292,
         0.1680],
        [0.0752, 0.0881, 0.1847, 0.0939, 0.1185, 0.0594, 0.0857, 0.0992, 0.1131,
         0.0821],
        [0.1020, 0.0594, 0.1135, 0.1088, 0.0789, 0.0817, 0.1411, 0.0446, 0.1282,
         0.1418],
        [0.0868, 0.0838, 0.0671, 0.1401, 0.1244, 0.0903, 0.1155, 0.1380, 0.0704,
         0.0838],
        [0.1056, 0.0984, 0.0646, 0.0980, 0.1093, 0.0904, 0.0674, 0.0782, 0.1675,
         0.1208],
        [0.0746, 0.0558, 0.0790, 0.1088, 0.1227, 0.1881, 0.0861, 0.0614, 0.1167,
         0.1068],
        [0.0703, 0.0397, 0.0876, 0.0984, 0.1413, 0.0932, 0.0999, 0.0698, 0.0619,
         0.2380],
        [0.1884, 0.0875, 0.0775, 0.0929, 0.1216, 0.0803, 0.0949, 0.0621, 0.1036,
         0.0911],
        [0.0820, 0.0542, 0.0821, 0.0892, 0.0989, 0.0814, 0.2478, 0.0819, 0.0949,
         0.0876],
        [0.0895, 0.1144, 0.0897, 0.1093, 0.1211, 0.0750, 0.1102, 0.1379, 0.0779,
         0.0750],
        [0.0710, 0.0856, 0.0624, 0.1222, 0.1387, 0.0769, 0.1007, 0.1052, 0.1187,
         0.1187],
        [0.0908, 0.0822, 0.0759, 0.1141, 0.1083, 0.0902, 0.2113, 0.0524, 0.0787,
         0.0960],
        [0.0858, 0.1768, 0.1062, 0.1220, 0.1000, 0.1004, 0.0936, 0.0559, 0.0700,
         0.0892],
        [0.0828, 0.0635, 0.0683, 0.1479, 0.1139, 0.1854, 0.1175, 0.0705, 0.0648,
         0.0854],
        [0.0864, 0.2415, 0.0724, 0.1177, 0.0973, 0.1022, 0.0722, 0.0527, 0.0745,
         0.0830],
        [0.0728, 0.0588, 0.1068, 0.1115, 0.1674, 0.1054, 0.1470, 0.0721, 0.0795,
         0.0786],
        [0.0898, 0.0523, 0.0375, 0.0988, 0.0864, 0.3251, 0.0716, 0.0478, 0.0808,
         0.1098],
        [0.0744, 0.0714, 0.0559, 0.0860, 0.1782, 0.1192, 0.1754, 0.0958, 0.0837,
         0.0601]], device='cuda:0', grad_fn=<SoftmaxBackward>)
>> best accuracy: 88.68333333333334	best epoch: 5

>> final recovery rate: 20.124074074074073%
