noise type: uniform
noise level: 0.8
when_to_apply_epoch: 25
total clean data num: 9019
probability transition matrix:
[[0.2        0.08888889 0.08888889 0.08888889 0.08888889 0.08888889
  0.08888889 0.08888889 0.08888889 0.08888889]
 [0.08888889 0.2        0.08888889 0.08888889 0.08888889 0.08888889
  0.08888889 0.08888889 0.08888889 0.08888889]
 [0.08888889 0.08888889 0.2        0.08888889 0.08888889 0.08888889
  0.08888889 0.08888889 0.08888889 0.08888889]
 [0.08888889 0.08888889 0.08888889 0.2        0.08888889 0.08888889
  0.08888889 0.08888889 0.08888889 0.08888889]
 [0.08888889 0.08888889 0.08888889 0.08888889 0.2        0.08888889
  0.08888889 0.08888889 0.08888889 0.08888889]
 [0.08888889 0.08888889 0.08888889 0.08888889 0.08888889 0.2
  0.08888889 0.08888889 0.08888889 0.08888889]
 [0.08888889 0.08888889 0.08888889 0.08888889 0.08888889 0.08888889
  0.2        0.08888889 0.08888889 0.08888889]
 [0.08888889 0.08888889 0.08888889 0.08888889 0.08888889 0.08888889
  0.08888889 0.2        0.08888889 0.08888889]
 [0.08888889 0.08888889 0.08888889 0.08888889 0.08888889 0.08888889
  0.08888889 0.08888889 0.2        0.08888889]
 [0.08888889 0.08888889 0.08888889 0.08888889 0.08888889 0.08888889
  0.08888889 0.08888889 0.08888889 0.2       ]]
>> val epoch: 0
>> current accuracy: 9.98%
outputs: tensor([[0.1168, 0.0661, 0.1113, 0.0997, 0.1237, 0.0626, 0.1466, 0.1111, 0.0955,
         0.0665],
        [0.1270, 0.0848, 0.1061, 0.1031, 0.1042, 0.0728, 0.1191, 0.1176, 0.0878,
         0.0775],
        [0.0907, 0.0656, 0.1055, 0.1231, 0.1219, 0.0899, 0.1611, 0.1226, 0.0721,
         0.0476],
        [0.1242, 0.0770, 0.1127, 0.0970, 0.1253, 0.0619, 0.1407, 0.1107, 0.0842,
         0.0662],
        [0.0975, 0.0623, 0.1122, 0.1191, 0.1313, 0.0745, 0.1411, 0.1365, 0.0706,
         0.0549],
        [0.1139, 0.0872, 0.1168, 0.1061, 0.1150, 0.0698, 0.1210, 0.1200, 0.0919,
         0.0585],
        [0.1227, 0.0775, 0.1111, 0.0976, 0.1244, 0.0633, 0.1317, 0.1129, 0.0856,
         0.0731],
        [0.1401, 0.0804, 0.1024, 0.0861, 0.1123, 0.0767, 0.1178, 0.1212, 0.0826,
         0.0804],
        [0.1053, 0.0760, 0.1117, 0.1049, 0.1220, 0.0716, 0.1454, 0.1199, 0.0855,
         0.0577],
        [0.1170, 0.1065, 0.0909, 0.1024, 0.1104, 0.0782, 0.1123, 0.1120, 0.0894,
         0.0808],
        [0.1179, 0.0782, 0.1036, 0.0990, 0.1251, 0.0715, 0.1314, 0.1268, 0.0805,
         0.0661],
        [0.0993, 0.0636, 0.1010, 0.1152, 0.1366, 0.0714, 0.1618, 0.1314, 0.0670,
         0.0527],
        [0.1089, 0.0970, 0.0894, 0.1033, 0.1061, 0.0784, 0.1207, 0.1193, 0.0951,
         0.0819],
        [0.1114, 0.0784, 0.1085, 0.1096, 0.1189, 0.0684, 0.1487, 0.1180, 0.0765,
         0.0616],
        [0.1035, 0.0781, 0.1117, 0.1100, 0.1089, 0.0942, 0.1382, 0.1042, 0.0913,
         0.0598],
        [0.1263, 0.1004, 0.0992, 0.0934, 0.1074, 0.0730, 0.1093, 0.1144, 0.0932,
         0.0833],
        [0.1008, 0.0557, 0.1198, 0.1175, 0.1388, 0.0674, 0.1597, 0.1256, 0.0748,
         0.0399],
        [0.0865, 0.0492, 0.1227, 0.1189, 0.1530, 0.0620, 0.1782, 0.1225, 0.0716,
         0.0354],
        [0.0941, 0.0670, 0.1034, 0.1117, 0.1329, 0.0782, 0.1528, 0.1305, 0.0772,
         0.0523],
        [0.1250, 0.0967, 0.0981, 0.0908, 0.1126, 0.0705, 0.1169, 0.1201, 0.0882,
         0.0811],
        [0.0974, 0.0644, 0.1113, 0.1086, 0.1373, 0.0664, 0.1725, 0.1105, 0.0849,
         0.0468],
        [0.1309, 0.0809, 0.1167, 0.0934, 0.1211, 0.0647, 0.1233, 0.1133, 0.0907,
         0.0651],
        [0.1170, 0.0839, 0.1097, 0.1222, 0.1098, 0.0799, 0.1015, 0.1128, 0.1015,
         0.0617],
        [0.1167, 0.0792, 0.1062, 0.1062, 0.1153, 0.0752, 0.1235, 0.1361, 0.0793,
         0.0623],
        [0.1169, 0.0707, 0.1071, 0.1117, 0.1218, 0.0776, 0.1155, 0.1248, 0.0939,
         0.0601],
        [0.1037, 0.0716, 0.1107, 0.1133, 0.1264, 0.0749, 0.1375, 0.1253, 0.0754,
         0.0613],
        [0.1309, 0.0963, 0.0962, 0.0892, 0.1092, 0.0664, 0.1181, 0.1116, 0.0933,
         0.0889],
        [0.0811, 0.0514, 0.1058, 0.1256, 0.1387, 0.0677, 0.1866, 0.1332, 0.0717,
         0.0383],
        [0.1017, 0.0822, 0.1062, 0.1015, 0.1145, 0.0688, 0.1477, 0.1154, 0.0929,
         0.0693],
        [0.1003, 0.0715, 0.1130, 0.1067, 0.1345, 0.0669, 0.1529, 0.1222, 0.0818,
         0.0502],
        [0.1133, 0.0897, 0.1002, 0.1076, 0.1160, 0.0778, 0.1187, 0.1266, 0.0804,
         0.0697],
        [0.1112, 0.0695, 0.1104, 0.1033, 0.1382, 0.0731, 0.1461, 0.1206, 0.0748,
         0.0528],
        [0.1391, 0.0741, 0.1115, 0.0957, 0.1159, 0.0645, 0.1009, 0.1084, 0.1186,
         0.0714],
        [0.1185, 0.0814, 0.0983, 0.0974, 0.1179, 0.0685, 0.1436, 0.1221, 0.0774,
         0.0749],
        [0.1038, 0.0877, 0.0988, 0.1038, 0.1224, 0.0790, 0.1348, 0.1257, 0.0716,
         0.0723],
        [0.0976, 0.0461, 0.1217, 0.1180, 0.1626, 0.0568, 0.1769, 0.1217, 0.0644,
         0.0342],
        [0.0894, 0.0686, 0.1096, 0.1277, 0.1248, 0.0750, 0.1536, 0.1337, 0.0722,
         0.0455],
        [0.1052, 0.0922, 0.0974, 0.1065, 0.1004, 0.0927, 0.1207, 0.1075, 0.0962,
         0.0811],
        [0.1169, 0.0983, 0.0928, 0.0979, 0.1135, 0.0721, 0.1227, 0.1099, 0.0896,
         0.0864],
        [0.0879, 0.0433, 0.1137, 0.1286, 0.1539, 0.0611, 0.1818, 0.1299, 0.0667,
         0.0331],
        [0.1379, 0.0762, 0.1102, 0.0932, 0.1158, 0.0627, 0.1142, 0.1056, 0.1038,
         0.0804],
        [0.1357, 0.0614, 0.1162, 0.0983, 0.1251, 0.0587, 0.1210, 0.1225, 0.1019,
         0.0592],
        [0.1225, 0.0842, 0.1101, 0.1037, 0.1153, 0.0690, 0.1178, 0.1159, 0.0894,
         0.0720],
        [0.1132, 0.0904, 0.0956, 0.1103, 0.1097, 0.0909, 0.1186, 0.1242, 0.0769,
         0.0702],
        [0.0743, 0.0389, 0.1033, 0.1285, 0.1630, 0.0574, 0.2118, 0.1322, 0.0581,
         0.0323],
        [0.1217, 0.0801, 0.1120, 0.1090, 0.1139, 0.0666, 0.1239, 0.1074, 0.0984,
         0.0669],
        [0.0976, 0.0679, 0.1145, 0.1037, 0.1420, 0.0603, 0.1810, 0.1094, 0.0726,
         0.0511],
        [0.0902, 0.0497, 0.1194, 0.1257, 0.1379, 0.0709, 0.1625, 0.1416, 0.0625,
         0.0395],
        [0.0978, 0.0618, 0.1075, 0.1256, 0.1380, 0.0759, 0.1552, 0.1285, 0.0648,
         0.0449],
        [0.1131, 0.0778, 0.1212, 0.0985, 0.1213, 0.0627, 0.1318, 0.1162, 0.0985,
         0.0588],
        [0.1313, 0.0885, 0.0964, 0.0902, 0.1091, 0.0675, 0.1225, 0.1077, 0.0909,
         0.0959],
        [0.0967, 0.0672, 0.1096, 0.1116, 0.1361, 0.0622, 0.1654, 0.1173, 0.0813,
         0.0525],
        [0.1154, 0.0839, 0.1027, 0.0930, 0.1229, 0.0696, 0.1368, 0.1227, 0.0787,
         0.0744],
        [0.0815, 0.0610, 0.0956, 0.1112, 0.1442, 0.0757, 0.1766, 0.1323, 0.0667,
         0.0552],
        [0.0990, 0.0651, 0.1215, 0.1025, 0.1426, 0.0592, 0.1747, 0.1113, 0.0769,
         0.0473],
        [0.0970, 0.0751, 0.1016, 0.1086, 0.1305, 0.0767, 0.1462, 0.1288, 0.0741,
         0.0614],
        [0.1057, 0.0678, 0.1169, 0.1072, 0.1362, 0.0664, 0.1436, 0.1186, 0.0873,
         0.0503],
        [0.0879, 0.0612, 0.0993, 0.1196, 0.1509, 0.0755, 0.1620, 0.1260, 0.0726,
         0.0452],
        [0.1361, 0.0968, 0.1021, 0.0980, 0.1067, 0.0690, 0.1096, 0.1069, 0.1014,
         0.0733],
        [0.1069, 0.0676, 0.1188, 0.1059, 0.1464, 0.0570, 0.1581, 0.1061, 0.0823,
         0.0510],
        [0.1184, 0.0660, 0.1099, 0.0990, 0.1300, 0.0614, 0.1493, 0.1204, 0.0819,
         0.0637],
        [0.1206, 0.1027, 0.0892, 0.0924, 0.1093, 0.0724, 0.1239, 0.1067, 0.0927,
         0.0901],
        [0.1077, 0.0848, 0.0976, 0.1083, 0.1191, 0.0831, 0.1243, 0.1271, 0.0778,
         0.0702],
        [0.1030, 0.0697, 0.0933, 0.1028, 0.1239, 0.0768, 0.1573, 0.1262, 0.0752,
         0.0718],
        [0.1063, 0.0682, 0.1144, 0.1142, 0.1382, 0.0642, 0.1549, 0.1046, 0.0843,
         0.0506],
        [0.1280, 0.0854, 0.1039, 0.1006, 0.1055, 0.0706, 0.1155, 0.1125, 0.0911,
         0.0869],
        [0.1258, 0.0902, 0.0998, 0.0905, 0.1162, 0.0650, 0.1310, 0.1007, 0.0933,
         0.0874],
        [0.1116, 0.0838, 0.1086, 0.0956, 0.1241, 0.0610, 0.1476, 0.1053, 0.0935,
         0.0689],
        [0.1050, 0.0625, 0.0964, 0.0968, 0.1400, 0.0667, 0.1530, 0.1416, 0.0743,
         0.0637],
        [0.0908, 0.0486, 0.1199, 0.1177, 0.1442, 0.0684, 0.1756, 0.1293, 0.0650,
         0.0406],
        [0.1227, 0.0775, 0.1048, 0.1035, 0.1238, 0.0831, 0.1250, 0.1223, 0.0721,
         0.0651],
        [0.1505, 0.0788, 0.1190, 0.1017, 0.1004, 0.0623, 0.1069, 0.1057, 0.1115,
         0.0633]], device='cuda:0', grad_fn=<SoftmaxBackward>)
>> best accuracy: 9.98	best epoch: 0

>> final recovery rate: 20.04222222222222%
>> val epoch: 5
>> current accuracy: 9.6%
outputs: tensor([[0.0762, 0.0758, 0.1276, 0.1641, 0.1114, 0.1038, 0.0587, 0.0795, 0.1068,
         0.0961],
        [0.0831, 0.0702, 0.1299, 0.1615, 0.1136, 0.1032, 0.0565, 0.0819, 0.1092,
         0.0907],
        [0.0691, 0.0642, 0.1414, 0.1683, 0.1195, 0.0995, 0.0661, 0.0843, 0.0963,
         0.0913],
        [0.0745, 0.0687, 0.1338, 0.1767, 0.1129, 0.1035, 0.0591, 0.0782, 0.1077,
         0.0848],
        [0.0862, 0.0650, 0.1291, 0.1586, 0.1185, 0.1003, 0.0612, 0.0847, 0.1134,
         0.0830],
        [0.0785, 0.0821, 0.1232, 0.1577, 0.1158, 0.0919, 0.0547, 0.0807, 0.1055,
         0.1099],
        [0.0809, 0.0889, 0.1213, 0.1528, 0.1101, 0.0927, 0.0539, 0.0747, 0.1194,
         0.1052],
        [0.0713, 0.0610, 0.1472, 0.1663, 0.1241, 0.0961, 0.0644, 0.0876, 0.0944,
         0.0877],
        [0.0729, 0.0799, 0.1275, 0.1709, 0.1060, 0.1034, 0.0535, 0.0752, 0.1154,
         0.0952],
        [0.0838, 0.0813, 0.1242, 0.1460, 0.1246, 0.0907, 0.0556, 0.0861, 0.1023,
         0.1054],
        [0.0810, 0.0764, 0.1197, 0.1686, 0.1070, 0.1043, 0.0534, 0.0772, 0.1221,
         0.0902],
        [0.0689, 0.0693, 0.1387, 0.1650, 0.1178, 0.0995, 0.0617, 0.0848, 0.0971,
         0.0972],
        [0.0705, 0.0627, 0.1468, 0.1721, 0.1233, 0.0973, 0.0640, 0.0827, 0.0956,
         0.0852],
        [0.0764, 0.0851, 0.1280, 0.1595, 0.1065, 0.0998, 0.0532, 0.0732, 0.1175,
         0.1009],
        [0.0993, 0.0739, 0.1112, 0.1578, 0.1046, 0.1051, 0.0559, 0.0750, 0.1388,
         0.0782],
        [0.0788, 0.0642, 0.1317, 0.1627, 0.1169, 0.1027, 0.0617, 0.0860, 0.1063,
         0.0888],
        [0.0756, 0.0693, 0.1326, 0.1660, 0.1101, 0.1058, 0.0540, 0.0795, 0.1152,
         0.0918],
        [0.0894, 0.0776, 0.1232, 0.1513, 0.1138, 0.0973, 0.0553, 0.0813, 0.1129,
         0.0977],
        [0.0797, 0.0806, 0.1178, 0.1654, 0.1155, 0.0933, 0.0564, 0.0803, 0.1136,
         0.0974],
        [0.0791, 0.0678, 0.1284, 0.1701, 0.1131, 0.1044, 0.0619, 0.0807, 0.1104,
         0.0841],
        [0.0821, 0.0808, 0.1235, 0.1618, 0.1041, 0.1025, 0.0539, 0.0744, 0.1237,
         0.0932],
        [0.0741, 0.0723, 0.1295, 0.1671, 0.1124, 0.1052, 0.0558, 0.0815, 0.1065,
         0.0956],
        [0.0697, 0.0640, 0.1415, 0.1659, 0.1213, 0.0984, 0.0654, 0.0867, 0.0964,
         0.0908],
        [0.0781, 0.0821, 0.1279, 0.1584, 0.1110, 0.1005, 0.0560, 0.0781, 0.1112,
         0.0969],
        [0.0919, 0.0754, 0.1233, 0.1545, 0.1106, 0.1011, 0.0553, 0.0784, 0.1206,
         0.0888],
        [0.0841, 0.0682, 0.1279, 0.1644, 0.1101, 0.1071, 0.0568, 0.0815, 0.1183,
         0.0816],
        [0.0916, 0.0842, 0.1160, 0.1500, 0.1098, 0.1003, 0.0570, 0.0766, 0.1214,
         0.0931],
        [0.0773, 0.0743, 0.1315, 0.1582, 0.1205, 0.0951, 0.0581, 0.0867, 0.0986,
         0.0997],
        [0.0976, 0.0718, 0.1179, 0.1524, 0.1119, 0.1032, 0.0549, 0.0804, 0.1256,
         0.0841],
        [0.0781, 0.0631, 0.1375, 0.1638, 0.1232, 0.0990, 0.0642, 0.0866, 0.1007,
         0.0838],
        [0.0786, 0.0650, 0.1324, 0.1639, 0.1196, 0.1025, 0.0611, 0.0883, 0.1031,
         0.0855],
        [0.0812, 0.0690, 0.1303, 0.1689, 0.1081, 0.1038, 0.0532, 0.0795, 0.1213,
         0.0846],
        [0.0688, 0.0656, 0.1432, 0.1695, 0.1194, 0.0982, 0.0635, 0.0833, 0.0976,
         0.0909],
        [0.0748, 0.0683, 0.1341, 0.1633, 0.1125, 0.1052, 0.0567, 0.0827, 0.1080,
         0.0943],
        [0.0815, 0.0896, 0.1174, 0.1585, 0.1040, 0.1026, 0.0527, 0.0738, 0.1269,
         0.0930],
        [0.0842, 0.0681, 0.1285, 0.1618, 0.1103, 0.1062, 0.0570, 0.0816, 0.1190,
         0.0834],
        [0.0827, 0.0751, 0.1256, 0.1615, 0.1048, 0.1042, 0.0532, 0.0760, 0.1244,
         0.0923],
        [0.0714, 0.0623, 0.1469, 0.1690, 0.1237, 0.0976, 0.0601, 0.0887, 0.0927,
         0.0877],
        [0.0793, 0.0845, 0.1233, 0.1616, 0.1114, 0.0917, 0.0548, 0.0763, 0.1157,
         0.1014],
        [0.0933, 0.0721, 0.1171, 0.1587, 0.1071, 0.1079, 0.0570, 0.0786, 0.1299,
         0.0781],
        [0.0907, 0.0862, 0.1189, 0.1477, 0.1120, 0.0926, 0.0525, 0.0758, 0.1234,
         0.1000],
        [0.0872, 0.0747, 0.1210, 0.1538, 0.1131, 0.1036, 0.0575, 0.0806, 0.1182,
         0.0903],
        [0.0781, 0.0692, 0.1387, 0.1561, 0.1231, 0.0955, 0.0582, 0.0915, 0.0959,
         0.0935],
        [0.0718, 0.0632, 0.1443, 0.1745, 0.1200, 0.0993, 0.0627, 0.0808, 0.0992,
         0.0841],
        [0.0844, 0.0689, 0.1292, 0.1628, 0.1116, 0.1039, 0.0551, 0.0801, 0.1153,
         0.0887],
        [0.0869, 0.0848, 0.1196, 0.1554, 0.1024, 0.0991, 0.0522, 0.0723, 0.1322,
         0.0951],
        [0.0702, 0.0661, 0.1403, 0.1653, 0.1183, 0.0995, 0.0634, 0.0841, 0.0966,
         0.0963],
        [0.0712, 0.0631, 0.1445, 0.1720, 0.1229, 0.0978, 0.0643, 0.0834, 0.0962,
         0.0846],
        [0.0754, 0.0728, 0.1253, 0.1770, 0.1117, 0.0934, 0.0561, 0.0795, 0.1121,
         0.0967],
        [0.0867, 0.0657, 0.1259, 0.1613, 0.1122, 0.1046, 0.0580, 0.0822, 0.1201,
         0.0833],
        [0.0745, 0.0796, 0.1279, 0.1650, 0.1117, 0.0996, 0.0569, 0.0808, 0.1079,
         0.0961],
        [0.0718, 0.0642, 0.1419, 0.1750, 0.1179, 0.1006, 0.0622, 0.0807, 0.1010,
         0.0847],
        [0.0695, 0.0594, 0.1523, 0.1705, 0.1247, 0.0966, 0.0622, 0.0864, 0.0924,
         0.0859],
        [0.0849, 0.0789, 0.1219, 0.1606, 0.1034, 0.1015, 0.0513, 0.0742, 0.1323,
         0.0909],
        [0.0789, 0.0752, 0.1344, 0.1560, 0.1188, 0.0960, 0.0606, 0.0792, 0.1018,
         0.0989],
        [0.0726, 0.0611, 0.1482, 0.1630, 0.1292, 0.0939, 0.0644, 0.0881, 0.0936,
         0.0859],
        [0.0697, 0.0623, 0.1470, 0.1687, 0.1219, 0.0971, 0.0657, 0.0833, 0.0951,
         0.0893],
        [0.0901, 0.0887, 0.1179, 0.1488, 0.1046, 0.0971, 0.0534, 0.0722, 0.1261,
         0.1011],
        [0.0725, 0.0643, 0.1403, 0.1668, 0.1215, 0.0996, 0.0651, 0.0855, 0.0971,
         0.0873],
        [0.0971, 0.0770, 0.1145, 0.1507, 0.1079, 0.1042, 0.0569, 0.0766, 0.1311,
         0.0840],
        [0.0736, 0.0672, 0.1312, 0.1686, 0.1139, 0.1056, 0.0605, 0.0874, 0.1012,
         0.0909],
        [0.0729, 0.0716, 0.1350, 0.1630, 0.1214, 0.0941, 0.0597, 0.0884, 0.0976,
         0.0962],
        [0.0761, 0.0731, 0.1220, 0.1683, 0.1177, 0.0938, 0.0549, 0.0830, 0.1086,
         0.1025],
        [0.0691, 0.0604, 0.1508, 0.1706, 0.1237, 0.0973, 0.0625, 0.0865, 0.0928,
         0.0862],
        [0.0685, 0.0678, 0.1381, 0.1724, 0.1129, 0.1041, 0.0596, 0.0839, 0.1022,
         0.0906],
        [0.1022, 0.0718, 0.1133, 0.1532, 0.1047, 0.1055, 0.0525, 0.0756, 0.1409,
         0.0804],
        [0.0897, 0.0733, 0.1192, 0.1574, 0.1081, 0.1059, 0.0565, 0.0791, 0.1277,
         0.0831],
        [0.0731, 0.0663, 0.1358, 0.1677, 0.1150, 0.1026, 0.0609, 0.0859, 0.1018,
         0.0909],
        [0.0755, 0.0699, 0.1266, 0.1717, 0.1140, 0.1017, 0.0614, 0.0825, 0.1045,
         0.0921],
        [0.0849, 0.0684, 0.1258, 0.1673, 0.1061, 0.1084, 0.0542, 0.0791, 0.1230,
         0.0827],
        [0.0849, 0.0945, 0.1179, 0.1455, 0.1062, 0.0954, 0.0528, 0.0724, 0.1239,
         0.1067],
        [0.0725, 0.0725, 0.1281, 0.1720, 0.1192, 0.0889, 0.0567, 0.0836, 0.1047,
         0.1017]], device='cuda:0', grad_fn=<SoftmaxBackward>)
>> best accuracy: 9.98	best epoch: 0

>> final recovery rate: 20.04222222222222%
>> val epoch: 10
>> current accuracy: 18.099999999999998%
outputs: tensor([[0.0913, 0.1549, 0.0759, 0.1045, 0.0958, 0.0774, 0.1131, 0.0898, 0.0887,
         0.1087],
        [0.1051, 0.1311, 0.0799, 0.1026, 0.1108, 0.0932, 0.0997, 0.0893, 0.0999,
         0.0884],
        [0.1301, 0.1438, 0.0724, 0.0868, 0.1010, 0.0778, 0.0933, 0.0756, 0.1335,
         0.0858],
        [0.0918, 0.1609, 0.0699, 0.0954, 0.0937, 0.0683, 0.0937, 0.0886, 0.1062,
         0.1314],
        [0.0990, 0.1634, 0.0741, 0.0969, 0.1014, 0.0831, 0.1067, 0.0803, 0.0941,
         0.1010],
        [0.0949, 0.1341, 0.0758, 0.1039, 0.1063, 0.0794, 0.1083, 0.0968, 0.0900,
         0.1105],
        [0.1006, 0.1294, 0.0801, 0.1015, 0.1155, 0.0877, 0.1008, 0.1049, 0.0846,
         0.0949],
        [0.0875, 0.1366, 0.0845, 0.1140, 0.1108, 0.0926, 0.1029, 0.1023, 0.0804,
         0.0884],
        [0.0826, 0.1096, 0.0798, 0.1126, 0.1050, 0.0907, 0.1149, 0.1139, 0.0825,
         0.1084],
        [0.0939, 0.1377, 0.0838, 0.1035, 0.1112, 0.0942, 0.0995, 0.0881, 0.0999,
         0.0882],
        [0.0858, 0.1018, 0.0827, 0.1158, 0.1151, 0.0872, 0.1106, 0.1090, 0.0875,
         0.1046],
        [0.0854, 0.1270, 0.0787, 0.1141, 0.1061, 0.0868, 0.1145, 0.0943, 0.0881,
         0.1050],
        [0.0879, 0.1235, 0.0882, 0.1080, 0.1173, 0.0766, 0.1033, 0.1203, 0.0785,
         0.0964],
        [0.0809, 0.1257, 0.0851, 0.1239, 0.1066, 0.0985, 0.1055, 0.1053, 0.0812,
         0.0874],
        [0.1088, 0.1069, 0.0833, 0.0989, 0.1149, 0.0981, 0.1015, 0.1059, 0.0937,
         0.0880],
        [0.0794, 0.1142, 0.0933, 0.1226, 0.1329, 0.0854, 0.1310, 0.0817, 0.0794,
         0.0802],
        [0.1215, 0.1193, 0.0769, 0.0886, 0.1171, 0.0888, 0.1001, 0.0841, 0.1096,
         0.0940],
        [0.0829, 0.1193, 0.0910, 0.1174, 0.1301, 0.0864, 0.1192, 0.0888, 0.0815,
         0.0835],
        [0.0861, 0.1200, 0.0836, 0.1125, 0.1082, 0.0923, 0.1062, 0.1158, 0.0788,
         0.0964],
        [0.0794, 0.1131, 0.0901, 0.1233, 0.1301, 0.0875, 0.1353, 0.0809, 0.0786,
         0.0818],
        [0.0986, 0.1209, 0.0829, 0.1009, 0.1191, 0.0915, 0.0993, 0.1081, 0.0822,
         0.0966],
        [0.0911, 0.1018, 0.0869, 0.1032, 0.1236, 0.0760, 0.0943, 0.1362, 0.0831,
         0.1037],
        [0.0810, 0.1143, 0.1014, 0.1130, 0.1473, 0.0797, 0.1193, 0.0854, 0.0792,
         0.0794],
        [0.1160, 0.1628, 0.0674, 0.0892, 0.0961, 0.0720, 0.1090, 0.0821, 0.0987,
         0.1067],
        [0.0914, 0.1444, 0.0786, 0.1117, 0.1086, 0.0896, 0.1139, 0.0881, 0.0807,
         0.0930],
        [0.1017, 0.1365, 0.0742, 0.0982, 0.1122, 0.0802, 0.1051, 0.0944, 0.0935,
         0.1040],
        [0.0800, 0.1099, 0.0943, 0.1198, 0.1360, 0.0840, 0.1364, 0.0765, 0.0811,
         0.0820],
        [0.0825, 0.1271, 0.0796, 0.1303, 0.1064, 0.0984, 0.1213, 0.0834, 0.0853,
         0.0856],
        [0.0859, 0.1247, 0.0893, 0.1106, 0.1261, 0.0885, 0.1041, 0.1043, 0.0805,
         0.0862],
        [0.0971, 0.1282, 0.0814, 0.1130, 0.1086, 0.1008, 0.1002, 0.0960, 0.0916,
         0.0830],
        [0.0779, 0.1249, 0.0835, 0.1312, 0.1027, 0.1128, 0.1037, 0.0937, 0.0852,
         0.0844],
        [0.1073, 0.1368, 0.0779, 0.0994, 0.1145, 0.0830, 0.1038, 0.0928, 0.0908,
         0.0937],
        [0.0909, 0.1128, 0.0813, 0.1169, 0.1074, 0.0975, 0.1160, 0.0974, 0.0867,
         0.0930],
        [0.0892, 0.1211, 0.0865, 0.1069, 0.1177, 0.0813, 0.0983, 0.1215, 0.0810,
         0.0965],
        [0.1030, 0.1432, 0.0751, 0.0915, 0.1075, 0.0806, 0.1061, 0.0918, 0.0886,
         0.1126],
        [0.0904, 0.1699, 0.0743, 0.1018, 0.1015, 0.0823, 0.1094, 0.0802, 0.0884,
         0.1017],
        [0.1193, 0.1315, 0.0744, 0.0906, 0.1137, 0.0860, 0.1013, 0.0863, 0.1016,
         0.0954],
        [0.0907, 0.1252, 0.0770, 0.1033, 0.1050, 0.0820, 0.1053, 0.1084, 0.0865,
         0.1164],
        [0.0923, 0.1460, 0.0773, 0.1077, 0.1023, 0.0885, 0.1140, 0.0916, 0.0823,
         0.0979],
        [0.0889, 0.1069, 0.0852, 0.1172, 0.1247, 0.0938, 0.1274, 0.0857, 0.0840,
         0.0863],
        [0.0895, 0.1433, 0.0783, 0.1170, 0.0953, 0.0935, 0.1045, 0.0964, 0.0885,
         0.0936],
        [0.0978, 0.1201, 0.0820, 0.1102, 0.1092, 0.1031, 0.1003, 0.0970, 0.0933,
         0.0870],
        [0.1008, 0.1281, 0.0815, 0.1039, 0.1125, 0.0788, 0.1001, 0.1052, 0.0878,
         0.1013],
        [0.1050, 0.1321, 0.0786, 0.0992, 0.1075, 0.0806, 0.0994, 0.0944, 0.1043,
         0.0988],
        [0.0913, 0.1138, 0.0845, 0.1144, 0.1146, 0.0973, 0.1102, 0.0947, 0.0905,
         0.0887],
        [0.1466, 0.1097, 0.0762, 0.0858, 0.1184, 0.0864, 0.0989, 0.0829, 0.1167,
         0.0784],
        [0.0887, 0.1479, 0.0771, 0.1109, 0.1056, 0.0844, 0.1213, 0.0870, 0.0836,
         0.0936],
        [0.1288, 0.1300, 0.0746, 0.0876, 0.1070, 0.0841, 0.0971, 0.0828, 0.1209,
         0.0873],
        [0.0839, 0.1307, 0.0778, 0.1230, 0.1017, 0.0978, 0.1204, 0.0917, 0.0803,
         0.0926],
        [0.0919, 0.1232, 0.0904, 0.1134, 0.1276, 0.0781, 0.1124, 0.0919, 0.0863,
         0.0849],
        [0.1072, 0.1156, 0.0805, 0.1015, 0.1193, 0.0995, 0.0951, 0.0977, 0.0923,
         0.0911],
        [0.0900, 0.1328, 0.0855, 0.1095, 0.1204, 0.0825, 0.1097, 0.1036, 0.0789,
         0.0871],
        [0.0941, 0.1258, 0.0820, 0.1259, 0.1108, 0.1064, 0.1029, 0.0873, 0.0896,
         0.0753],
        [0.0828, 0.1193, 0.0930, 0.1140, 0.1340, 0.0868, 0.1135, 0.0982, 0.0759,
         0.0825],
        [0.0918, 0.1166, 0.0893, 0.1099, 0.1243, 0.0869, 0.1214, 0.0864, 0.0887,
         0.0847],
        [0.1062, 0.1327, 0.0770, 0.0954, 0.1125, 0.0806, 0.1035, 0.1009, 0.0880,
         0.1031],
        [0.0884, 0.1675, 0.0768, 0.1017, 0.1039, 0.0804, 0.1116, 0.0795, 0.0873,
         0.1030],
        [0.0915, 0.1254, 0.0858, 0.1057, 0.1187, 0.0798, 0.1139, 0.1072, 0.0822,
         0.0899],
        [0.0880, 0.1375, 0.0810, 0.1110, 0.1080, 0.0904, 0.1060, 0.1064, 0.0767,
         0.0950],
        [0.0884, 0.1475, 0.0761, 0.1026, 0.1022, 0.0854, 0.1062, 0.0939, 0.0838,
         0.1140],
        [0.0853, 0.1354, 0.0828, 0.1085, 0.1006, 0.0776, 0.1113, 0.1160, 0.0774,
         0.1052],
        [0.0801, 0.1186, 0.0950, 0.1184, 0.1348, 0.0840, 0.1202, 0.0891, 0.0799,
         0.0800],
        [0.0966, 0.1132, 0.0818, 0.1143, 0.1176, 0.1020, 0.0976, 0.0999, 0.0897,
         0.0873],
        [0.0954, 0.1260, 0.0833, 0.1203, 0.1078, 0.1019, 0.0998, 0.0913, 0.0943,
         0.0799],
        [0.1123, 0.1181, 0.0825, 0.0956, 0.1269, 0.0868, 0.0903, 0.1082, 0.0924,
         0.0868],
        [0.1065, 0.1296, 0.0728, 0.0987, 0.1062, 0.0834, 0.1122, 0.0982, 0.0866,
         0.1059],
        [0.1464, 0.1360, 0.0651, 0.0859, 0.1058, 0.0756, 0.1023, 0.0824, 0.1041,
         0.0965],
        [0.0854, 0.1167, 0.0832, 0.1185, 0.1122, 0.1053, 0.1052, 0.0960, 0.0855,
         0.0921],
        [0.1277, 0.1277, 0.0723, 0.0838, 0.1101, 0.0842, 0.1008, 0.0829, 0.1105,
         0.1001],
        [0.0906, 0.1072, 0.0943, 0.1112, 0.1331, 0.0887, 0.1100, 0.0993, 0.0848,
         0.0809],
        [0.1020, 0.1112, 0.0842, 0.1063, 0.1189, 0.0935, 0.1136, 0.0844, 0.0998,
         0.0859],
        [0.0783, 0.1227, 0.0886, 0.1245, 0.1183, 0.0934, 0.1199, 0.0926, 0.0793,
         0.0825]], device='cuda:0', grad_fn=<SoftmaxBackward>)
>> best accuracy: 18.099999999999998	best epoch: 10

>> final recovery rate: 20.04222222222222%
>> val epoch: 15
>> current accuracy: 31.259999999999998%
outputs: tensor([[0.1111, 0.1132, 0.0747, 0.1192, 0.1073, 0.1332, 0.0846, 0.0728, 0.0876,
         0.0961],
        [0.1113, 0.1217, 0.0753, 0.0983, 0.1018, 0.1211, 0.0983, 0.0745, 0.0860,
         0.1116],
        [0.1693, 0.1030, 0.0581, 0.0789, 0.0929, 0.1097, 0.0842, 0.0694, 0.1435,
         0.0910],
        [0.0836, 0.1022, 0.0848, 0.1477, 0.0894, 0.1564, 0.1078, 0.0656, 0.0784,
         0.0841],
        [0.0902, 0.0972, 0.0903, 0.1325, 0.1028, 0.1330, 0.1198, 0.0720, 0.0762,
         0.0861],
        [0.0932, 0.1021, 0.0860, 0.1047, 0.1159, 0.1250, 0.1164, 0.0776, 0.0759,
         0.1032],
        [0.1139, 0.1004, 0.0807, 0.1050, 0.1111, 0.1303, 0.0949, 0.0833, 0.0801,
         0.1005],
        [0.1020, 0.1043, 0.0709, 0.1328, 0.0954, 0.1224, 0.1329, 0.0617, 0.0847,
         0.0929],
        [0.1186, 0.1076, 0.0765, 0.0989, 0.1089, 0.1129, 0.1009, 0.0714, 0.0897,
         0.1145],
        [0.1173, 0.1417, 0.0644, 0.0839, 0.0959, 0.1124, 0.0831, 0.0737, 0.1034,
         0.1242],
        [0.1380, 0.1147, 0.0618, 0.0813, 0.1012, 0.1155, 0.0917, 0.0774, 0.1008,
         0.1176],
        [0.1407, 0.1075, 0.0655, 0.1159, 0.1029, 0.1165, 0.0994, 0.0665, 0.0925,
         0.0926],
        [0.1044, 0.1180, 0.0853, 0.0958, 0.1303, 0.1125, 0.0984, 0.0772, 0.0778,
         0.1001],
        [0.1384, 0.1310, 0.0671, 0.1044, 0.0987, 0.1161, 0.0913, 0.0600, 0.0953,
         0.0977],
        [0.0920, 0.0954, 0.0926, 0.1124, 0.1241, 0.1271, 0.1077, 0.0941, 0.0650,
         0.0896],
        [0.0979, 0.1125, 0.0916, 0.1126, 0.1272, 0.1219, 0.0894, 0.0837, 0.0741,
         0.0891],
        [0.1050, 0.0901, 0.0828, 0.1179, 0.1127, 0.1277, 0.1031, 0.0716, 0.0902,
         0.0989],
        [0.1056, 0.1047, 0.0841, 0.1220, 0.1101, 0.1323, 0.0877, 0.0813, 0.0794,
         0.0929],
        [0.0930, 0.0905, 0.0791, 0.1262, 0.1018, 0.1379, 0.1241, 0.0783, 0.0721,
         0.0970],
        [0.1095, 0.0826, 0.1082, 0.1072, 0.1231, 0.1233, 0.0899, 0.0980, 0.0823,
         0.0759],
        [0.0964, 0.0938, 0.0817, 0.1205, 0.1113, 0.1145, 0.1474, 0.0631, 0.0774,
         0.0940],
        [0.1174, 0.0983, 0.0709, 0.1085, 0.1124, 0.1124, 0.0873, 0.0806, 0.0967,
         0.1154],
        [0.1205, 0.1454, 0.0640, 0.0828, 0.0937, 0.1071, 0.0914, 0.0685, 0.0978,
         0.1288],
        [0.0920, 0.0978, 0.0747, 0.1231, 0.0962, 0.1250, 0.1464, 0.0687, 0.0762,
         0.0998],
        [0.1196, 0.1590, 0.0630, 0.0844, 0.0945, 0.1080, 0.0816, 0.0640, 0.1005,
         0.1254],
        [0.0992, 0.0971, 0.0756, 0.1422, 0.0938, 0.1495, 0.1110, 0.0664, 0.0817,
         0.0836],
        [0.1357, 0.1170, 0.0742, 0.0890, 0.1059, 0.1078, 0.0919, 0.0706, 0.0999,
         0.1079],
        [0.0997, 0.1159, 0.0810, 0.1055, 0.1104, 0.1190, 0.1065, 0.0741, 0.0783,
         0.1096],
        [0.1312, 0.1290, 0.0667, 0.0841, 0.1043, 0.1110, 0.0903, 0.0747, 0.0864,
         0.1224],
        [0.1071, 0.1178, 0.0702, 0.0997, 0.1105, 0.1109, 0.1093, 0.0692, 0.0829,
         0.1223],
        [0.0956, 0.0985, 0.0886, 0.1130, 0.1101, 0.1275, 0.1154, 0.0795, 0.0759,
         0.0959],
        [0.0931, 0.1249, 0.0733, 0.1187, 0.0895, 0.1442, 0.0991, 0.0692, 0.0848,
         0.1032],
        [0.0992, 0.1012, 0.0825, 0.1123, 0.1180, 0.1088, 0.1349, 0.0656, 0.0788,
         0.0987],
        [0.1557, 0.1055, 0.0632, 0.0707, 0.0937, 0.1094, 0.0800, 0.0801, 0.1426,
         0.0992],
        [0.1283, 0.0999, 0.0874, 0.0912, 0.1124, 0.1088, 0.0889, 0.0708, 0.1192,
         0.0932],
        [0.1063, 0.1063, 0.0923, 0.0970, 0.1488, 0.1005, 0.1083, 0.0661, 0.0811,
         0.0934],
        [0.1004, 0.1026, 0.0911, 0.1147, 0.1070, 0.1405, 0.0970, 0.0766, 0.0821,
         0.0880],
        [0.0926, 0.1082, 0.0778, 0.1251, 0.0902, 0.1576, 0.1025, 0.0751, 0.0764,
         0.0944],
        [0.0938, 0.1086, 0.0849, 0.1255, 0.0906, 0.1667, 0.0892, 0.0773, 0.0796,
         0.0839],
        [0.1427, 0.1066, 0.0748, 0.1025, 0.1118, 0.1117, 0.0980, 0.0697, 0.0883,
         0.0939],
        [0.1167, 0.1302, 0.0709, 0.0881, 0.1040, 0.1189, 0.0822, 0.0780, 0.0957,
         0.1154],
        [0.1121, 0.1386, 0.0680, 0.0987, 0.1087, 0.1140, 0.0880, 0.0687, 0.0879,
         0.1152],
        [0.0945, 0.0961, 0.0821, 0.1114, 0.1216, 0.1104, 0.1275, 0.0754, 0.0774,
         0.1036],
        [0.1184, 0.1636, 0.0528, 0.0822, 0.0939, 0.1040, 0.0786, 0.0676, 0.1006,
         0.1383],
        [0.0877, 0.1024, 0.0863, 0.1301, 0.0953, 0.1566, 0.0994, 0.0815, 0.0749,
         0.0858],
        [0.1042, 0.1087, 0.0902, 0.1157, 0.1060, 0.1401, 0.0906, 0.0823, 0.0780,
         0.0843],
        [0.1208, 0.1012, 0.0879, 0.0964, 0.1097, 0.1119, 0.0992, 0.0757, 0.1031,
         0.0942],
        [0.0917, 0.0911, 0.0790, 0.1271, 0.1025, 0.1350, 0.1265, 0.0808, 0.0719,
         0.0944],
        [0.0867, 0.1099, 0.0918, 0.1139, 0.1008, 0.1498, 0.0897, 0.1077, 0.0665,
         0.0832],
        [0.0973, 0.0976, 0.0772, 0.1124, 0.1058, 0.1194, 0.1436, 0.0717, 0.0738,
         0.1014],
        [0.0890, 0.0968, 0.0907, 0.1128, 0.1054, 0.1473, 0.0870, 0.1142, 0.0663,
         0.0905],
        [0.1011, 0.0997, 0.0930, 0.0995, 0.1407, 0.1073, 0.1164, 0.0772, 0.0713,
         0.0938],
        [0.0834, 0.1030, 0.0844, 0.1251, 0.0894, 0.1680, 0.0904, 0.1004, 0.0726,
         0.0834],
        [0.1058, 0.1309, 0.0709, 0.1049, 0.1062, 0.1081, 0.0987, 0.0702, 0.0920,
         0.1123],
        [0.1370, 0.1046, 0.0767, 0.0921, 0.1095, 0.1146, 0.0945, 0.0711, 0.0949,
         0.1049],
        [0.0878, 0.1204, 0.0757, 0.1133, 0.0889, 0.1550, 0.0929, 0.0949, 0.0748,
         0.0963],
        [0.1530, 0.1174, 0.0592, 0.0721, 0.1014, 0.1145, 0.0844, 0.0879, 0.1030,
         0.1072],
        [0.1478, 0.1251, 0.0650, 0.0860, 0.1015, 0.1098, 0.0894, 0.0623, 0.0975,
         0.1155],
        [0.0904, 0.0947, 0.0888, 0.1210, 0.1105, 0.1301, 0.1198, 0.0746, 0.0729,
         0.0972],
        [0.0985, 0.1065, 0.0816, 0.1232, 0.1006, 0.1237, 0.1151, 0.0674, 0.0855,
         0.0979],
        [0.0981, 0.1118, 0.0864, 0.1042, 0.1062, 0.1456, 0.0816, 0.0878, 0.0778,
         0.1006],
        [0.1074, 0.1699, 0.0667, 0.0993, 0.0857, 0.1186, 0.0885, 0.0626, 0.0944,
         0.1070],
        [0.0950, 0.1004, 0.0832, 0.1236, 0.1074, 0.1219, 0.1290, 0.0711, 0.0753,
         0.0931],
        [0.1058, 0.0998, 0.0888, 0.0972, 0.1216, 0.1300, 0.0853, 0.1202, 0.0642,
         0.0871],
        [0.1058, 0.1129, 0.0695, 0.0948, 0.1043, 0.1111, 0.0885, 0.0868, 0.0913,
         0.1350],
        [0.1216, 0.0938, 0.0834, 0.0977, 0.1232, 0.1137, 0.0978, 0.0959, 0.0714,
         0.1017],
        [0.1705, 0.1029, 0.0582, 0.0716, 0.0884, 0.1115, 0.0783, 0.0748, 0.1512,
         0.0926],
        [0.0977, 0.1812, 0.0667, 0.0889, 0.0910, 0.1131, 0.0835, 0.0717, 0.0868,
         0.1193],
        [0.1519, 0.1010, 0.0708, 0.1023, 0.1147, 0.1059, 0.0869, 0.0672, 0.1008,
         0.0985],
        [0.1179, 0.1441, 0.0740, 0.0972, 0.1048, 0.1071, 0.0910, 0.0644, 0.0950,
         0.1045],
        [0.1185, 0.1281, 0.0667, 0.0876, 0.1028, 0.1107, 0.0920, 0.0749, 0.0966,
         0.1220],
        [0.0920, 0.0941, 0.0822, 0.1287, 0.1076, 0.1319, 0.1183, 0.0937, 0.0674,
         0.0840]], device='cuda:0', grad_fn=<SoftmaxBackward>)
>> best accuracy: 31.259999999999998	best epoch: 15

>> final recovery rate: 20.04222222222222%
>> val epoch: 20
>> current accuracy: 33.18%
outputs: tensor([[0.1037, 0.1003, 0.0872, 0.1084, 0.1041, 0.0859, 0.0971, 0.0892, 0.1334,
         0.0907],
        [0.0873, 0.1479, 0.0795, 0.1041, 0.0887, 0.0790, 0.0964, 0.0834, 0.1449,
         0.0889],
        [0.0912, 0.1338, 0.0830, 0.0992, 0.0831, 0.0838, 0.1008, 0.0814, 0.1478,
         0.0958],
        [0.0811, 0.1233, 0.0898, 0.1109, 0.1003, 0.0828, 0.1145, 0.0875, 0.1208,
         0.0889],
        [0.0765, 0.1035, 0.1107, 0.1214, 0.1295, 0.0834, 0.0855, 0.1040, 0.1156,
         0.0697],
        [0.0913, 0.1018, 0.1178, 0.1036, 0.0992, 0.0972, 0.0987, 0.1005, 0.1224,
         0.0675],
        [0.0739, 0.0980, 0.1190, 0.1149, 0.1399, 0.0792, 0.0897, 0.1086, 0.1065,
         0.0703],
        [0.0697, 0.0951, 0.0924, 0.1095, 0.0886, 0.1039, 0.1504, 0.0984, 0.1055,
         0.0864],
        [0.0787, 0.1425, 0.0818, 0.1040, 0.0836, 0.0776, 0.0971, 0.0886, 0.1411,
         0.1049],
        [0.0781, 0.0844, 0.1063, 0.0988, 0.1053, 0.0819, 0.0929, 0.1937, 0.0858,
         0.0728],
        [0.1180, 0.1117, 0.0742, 0.1037, 0.0897, 0.0800, 0.1016, 0.0861, 0.1452,
         0.0898],
        [0.0800, 0.0898, 0.0893, 0.1190, 0.0933, 0.0951, 0.1363, 0.0911, 0.1163,
         0.0898],
        [0.0743, 0.1572, 0.0847, 0.1059, 0.0838, 0.0984, 0.0903, 0.0911, 0.1315,
         0.0827],
        [0.0917, 0.1041, 0.0836, 0.0943, 0.0974, 0.0803, 0.1144, 0.0938, 0.1308,
         0.1097],
        [0.0843, 0.0922, 0.1202, 0.1067, 0.0980, 0.0986, 0.0919, 0.1095, 0.1260,
         0.0727],
        [0.0768, 0.0919, 0.1138, 0.1057, 0.1309, 0.0745, 0.0989, 0.1559, 0.0913,
         0.0604],
        [0.0832, 0.1573, 0.0765, 0.0921, 0.0806, 0.0860, 0.0883, 0.0859, 0.1474,
         0.1026],
        [0.0826, 0.1449, 0.0805, 0.1119, 0.0976, 0.0757, 0.0858, 0.0841, 0.1508,
         0.0862],
        [0.0885, 0.1190, 0.0869, 0.1137, 0.0935, 0.0849, 0.1095, 0.0984, 0.1253,
         0.0802],
        [0.0846, 0.0909, 0.0764, 0.1119, 0.1039, 0.0899, 0.1619, 0.0891, 0.1106,
         0.0810],
        [0.0742, 0.0941, 0.1043, 0.1052, 0.1026, 0.0913, 0.1269, 0.1249, 0.0997,
         0.0768],
        [0.0887, 0.1066, 0.0755, 0.0940, 0.1146, 0.0706, 0.1420, 0.0901, 0.1189,
         0.0989],
        [0.0957, 0.0891, 0.0934, 0.0948, 0.1037, 0.0824, 0.0992, 0.1509, 0.1100,
         0.0808],
        [0.0782, 0.1031, 0.0903, 0.1213, 0.0870, 0.0988, 0.1145, 0.1018, 0.1183,
         0.0868],
        [0.0734, 0.0990, 0.1115, 0.1159, 0.0939, 0.1152, 0.0911, 0.1336, 0.0997,
         0.0667],
        [0.1033, 0.1028, 0.0900, 0.1064, 0.1034, 0.0803, 0.0967, 0.0963, 0.1360,
         0.0851],
        [0.0836, 0.0968, 0.0859, 0.1025, 0.0984, 0.0816, 0.1131, 0.1153, 0.1176,
         0.1051],
        [0.0747, 0.0786, 0.1085, 0.0951, 0.0930, 0.0887, 0.0899, 0.2025, 0.0937,
         0.0753],
        [0.0896, 0.0868, 0.0759, 0.1173, 0.1000, 0.0675, 0.1048, 0.1315, 0.1213,
         0.1054],
        [0.0718, 0.0932, 0.0984, 0.1044, 0.1038, 0.0932, 0.1181, 0.1351, 0.0967,
         0.0854],
        [0.0749, 0.1025, 0.1157, 0.1170, 0.1293, 0.0803, 0.1025, 0.1018, 0.1037,
         0.0722],
        [0.0711, 0.0860, 0.0995, 0.1045, 0.1017, 0.0992, 0.1374, 0.1293, 0.0956,
         0.0756],
        [0.0749, 0.0960, 0.0965, 0.1326, 0.0886, 0.1007, 0.1027, 0.1051, 0.1192,
         0.0837],
        [0.1137, 0.1019, 0.0887, 0.1075, 0.0922, 0.0931, 0.1061, 0.0833, 0.1394,
         0.0741],
        [0.0844, 0.1172, 0.0870, 0.1020, 0.1011, 0.0860, 0.1215, 0.0970, 0.1088,
         0.0951],
        [0.0681, 0.1119, 0.1004, 0.1041, 0.0919, 0.0935, 0.0994, 0.1192, 0.1130,
         0.0985],
        [0.1039, 0.1113, 0.0782, 0.1040, 0.0893, 0.0809, 0.0935, 0.0854, 0.1645,
         0.0892],
        [0.0718, 0.1065, 0.1120, 0.1295, 0.0970, 0.1063, 0.0976, 0.1103, 0.1025,
         0.0665],
        [0.0846, 0.1275, 0.0800, 0.0960, 0.0895, 0.0778, 0.0965, 0.0952, 0.1357,
         0.1174],
        [0.0934, 0.0825, 0.0795, 0.0960, 0.1010, 0.0717, 0.1349, 0.0934, 0.1333,
         0.1144],
        [0.0745, 0.0834, 0.1093, 0.1016, 0.0993, 0.0952, 0.0977, 0.1818, 0.0910,
         0.0663],
        [0.1143, 0.1102, 0.0837, 0.0976, 0.0847, 0.0891, 0.1003, 0.0872, 0.1509,
         0.0821],
        [0.0777, 0.1110, 0.1028, 0.1313, 0.1121, 0.0828, 0.0931, 0.0922, 0.1239,
         0.0731],
        [0.0799, 0.0947, 0.1016, 0.1110, 0.0961, 0.0960, 0.1018, 0.1124, 0.1165,
         0.0900],
        [0.0989, 0.0946, 0.0863, 0.1035, 0.0990, 0.0722, 0.0925, 0.0907, 0.1700,
         0.0924],
        [0.0890, 0.0840, 0.0756, 0.0965, 0.1026, 0.0853, 0.1470, 0.0915, 0.1188,
         0.1097],
        [0.0864, 0.1566, 0.0761, 0.0916, 0.0908, 0.0772, 0.0980, 0.0858, 0.1361,
         0.1016],
        [0.0858, 0.1091, 0.0909, 0.1094, 0.1021, 0.0820, 0.0898, 0.0927, 0.1390,
         0.0992],
        [0.0703, 0.2068, 0.0720, 0.0948, 0.0779, 0.0774, 0.0884, 0.0770, 0.1281,
         0.1074],
        [0.0881, 0.1024, 0.0954, 0.1252, 0.0842, 0.1005, 0.1065, 0.0931, 0.1298,
         0.0748],
        [0.0762, 0.0915, 0.1089, 0.0991, 0.1231, 0.0745, 0.1351, 0.1056, 0.1043,
         0.0816],
        [0.1048, 0.1056, 0.0772, 0.1039, 0.0903, 0.0824, 0.1051, 0.0957, 0.1359,
         0.0992],
        [0.0732, 0.0872, 0.1043, 0.1074, 0.1084, 0.0930, 0.1253, 0.1023, 0.1112,
         0.0878],
        [0.0742, 0.0982, 0.1111, 0.1171, 0.1152, 0.0854, 0.1195, 0.1069, 0.0992,
         0.0731],
        [0.0990, 0.1474, 0.0678, 0.0857, 0.0795, 0.0783, 0.0896, 0.0823, 0.1469,
         0.1234],
        [0.1155, 0.0920, 0.0879, 0.1008, 0.0913, 0.0799, 0.0994, 0.0901, 0.1666,
         0.0766],
        [0.0904, 0.1192, 0.0794, 0.1039, 0.0966, 0.0820, 0.1088, 0.0899, 0.1275,
         0.1022],
        [0.0676, 0.0969, 0.1093, 0.0958, 0.0907, 0.1013, 0.0953, 0.1861, 0.0895,
         0.0676],
        [0.1179, 0.1001, 0.0872, 0.1097, 0.0949, 0.0906, 0.0941, 0.0830, 0.1505,
         0.0720],
        [0.0685, 0.0994, 0.1113, 0.1061, 0.0960, 0.0972, 0.0983, 0.1642, 0.0903,
         0.0688],
        [0.0909, 0.1003, 0.0987, 0.1216, 0.1056, 0.0842, 0.0953, 0.0946, 0.1326,
         0.0762],
        [0.0733, 0.0808, 0.0995, 0.1020, 0.1033, 0.0926, 0.0977, 0.2008, 0.0849,
         0.0651],
        [0.0766, 0.0958, 0.1150, 0.1068, 0.1140, 0.0839, 0.1102, 0.1213, 0.1015,
         0.0748],
        [0.0768, 0.0884, 0.1045, 0.1182, 0.1294, 0.0764, 0.1097, 0.1152, 0.1058,
         0.0757],
        [0.0708, 0.1002, 0.1029, 0.1272, 0.0846, 0.1203, 0.1153, 0.1030, 0.1011,
         0.0746],
        [0.0768, 0.0886, 0.1166, 0.1222, 0.0955, 0.1020, 0.0849, 0.1658, 0.0897,
         0.0578],
        [0.0748, 0.1524, 0.0757, 0.0950, 0.0904, 0.0738, 0.1019, 0.0884, 0.1188,
         0.1289],
        [0.1128, 0.1017, 0.0872, 0.1058, 0.0929, 0.0856, 0.0945, 0.0926, 0.1460,
         0.0810],
        [0.0788, 0.1107, 0.1039, 0.1327, 0.0971, 0.1096, 0.0926, 0.0951, 0.1129,
         0.0665],
        [0.0911, 0.1092, 0.0983, 0.0953, 0.1232, 0.0706, 0.0952, 0.1490, 0.0974,
         0.0706],
        [0.0675, 0.0911, 0.0933, 0.1146, 0.0874, 0.1147, 0.1500, 0.1005, 0.1005,
         0.0804],
        [0.0784, 0.1836, 0.0817, 0.0950, 0.0867, 0.0811, 0.0921, 0.0792, 0.1286,
         0.0937]], device='cuda:0', grad_fn=<SoftmaxBackward>)
>> best accuracy: 33.18	best epoch: 20

>> final recovery rate: 20.04222222222222%
>> val epoch: 25
>> current accuracy: 37.88%
outputs: tensor([[0.0818, 0.1596, 0.0965, 0.0931, 0.0988, 0.0929, 0.0935, 0.0590, 0.1130,
         0.1119],
        [0.1107, 0.0981, 0.1317, 0.0833, 0.1266, 0.0868, 0.0932, 0.0864, 0.0921,
         0.0910],
        [0.1172, 0.1222, 0.0928, 0.0858, 0.1004, 0.0888, 0.0886, 0.0598, 0.1225,
         0.1219],
        [0.1087, 0.0793, 0.1393, 0.0816, 0.1105, 0.0926, 0.0882, 0.1283, 0.0786,
         0.0928],
        [0.1111, 0.1282, 0.0932, 0.0737, 0.1245, 0.0837, 0.0918, 0.0662, 0.1018,
         0.1259],
        [0.0761, 0.0912, 0.1079, 0.1244, 0.0827, 0.1105, 0.1190, 0.0755, 0.0964,
         0.1164],
        [0.0982, 0.0966, 0.1139, 0.0802, 0.1099, 0.0872, 0.1053, 0.0904, 0.0913,
         0.1271],
        [0.1082, 0.1657, 0.0859, 0.0772, 0.0960, 0.0821, 0.0876, 0.0535, 0.1347,
         0.1091],
        [0.1329, 0.0810, 0.1122, 0.0749, 0.1314, 0.0901, 0.1006, 0.0850, 0.0869,
         0.1051],
        [0.0827, 0.1633, 0.1024, 0.0789, 0.1005, 0.1057, 0.0977, 0.0681, 0.0911,
         0.1095],
        [0.0894, 0.0968, 0.1425, 0.1087, 0.1137, 0.0923, 0.1029, 0.0652, 0.0938,
         0.0948],
        [0.0815, 0.0929, 0.1052, 0.1152, 0.0924, 0.1074, 0.1582, 0.0669, 0.0835,
         0.0968],
        [0.0863, 0.1330, 0.1032, 0.1060, 0.0946, 0.0833, 0.1064, 0.0632, 0.1132,
         0.1109],
        [0.0847, 0.0876, 0.1314, 0.1062, 0.0865, 0.1230, 0.0917, 0.0905, 0.1005,
         0.0980],
        [0.1123, 0.0930, 0.1228, 0.0893, 0.1177, 0.0849, 0.1026, 0.0814, 0.0945,
         0.1014],
        [0.0902, 0.1203, 0.0880, 0.0810, 0.1092, 0.0789, 0.0913, 0.0683, 0.1053,
         0.1675],
        [0.0827, 0.0936, 0.1162, 0.1130, 0.0922, 0.1197, 0.1231, 0.0740, 0.0895,
         0.0961],
        [0.0801, 0.0851, 0.1678, 0.0941, 0.1149, 0.1039, 0.0828, 0.1109, 0.0826,
         0.0776],
        [0.0723, 0.0842, 0.1155, 0.1127, 0.0865, 0.1255, 0.1398, 0.0913, 0.0804,
         0.0917],
        [0.1297, 0.0881, 0.1092, 0.0878, 0.1243, 0.0839, 0.0990, 0.0717, 0.0968,
         0.1095],
        [0.0809, 0.0994, 0.1452, 0.1056, 0.1024, 0.1000, 0.1244, 0.0724, 0.0811,
         0.0885],
