noise type: uniform
noise level: 0.8
when_to_apply_epoch: 100
total clean data num: 10776
probability transition matrix:
[[0.2        0.08888889 0.08888889 0.08888889 0.08888889 0.08888889
  0.08888889 0.08888889 0.08888889 0.08888889]
 [0.08888889 0.2        0.08888889 0.08888889 0.08888889 0.08888889
  0.08888889 0.08888889 0.08888889 0.08888889]
 [0.08888889 0.08888889 0.2        0.08888889 0.08888889 0.08888889
  0.08888889 0.08888889 0.08888889 0.08888889]
 [0.08888889 0.08888889 0.08888889 0.2        0.08888889 0.08888889
  0.08888889 0.08888889 0.08888889 0.08888889]
 [0.08888889 0.08888889 0.08888889 0.08888889 0.2        0.08888889
  0.08888889 0.08888889 0.08888889 0.08888889]
 [0.08888889 0.08888889 0.08888889 0.08888889 0.08888889 0.2
  0.08888889 0.08888889 0.08888889 0.08888889]
 [0.08888889 0.08888889 0.08888889 0.08888889 0.08888889 0.08888889
  0.2        0.08888889 0.08888889 0.08888889]
 [0.08888889 0.08888889 0.08888889 0.08888889 0.08888889 0.08888889
  0.08888889 0.2        0.08888889 0.08888889]
 [0.08888889 0.08888889 0.08888889 0.08888889 0.08888889 0.08888889
  0.08888889 0.08888889 0.2        0.08888889]
 [0.08888889 0.08888889 0.08888889 0.08888889 0.08888889 0.08888889
  0.08888889 0.08888889 0.08888889 0.2       ]]
>> val epoch: 0
>> current accuracy: 58.233333333333334%
outputs: tensor([[0.2656, 0.0631, 0.1024, 0.0936, 0.0489, 0.1047, 0.0867, 0.1030, 0.0548,
         0.0772],
        [0.1489, 0.0976, 0.0890, 0.0840, 0.0512, 0.1131, 0.1045, 0.1099, 0.0691,
         0.1327],
        [0.1925, 0.0708, 0.1000, 0.1563, 0.0424, 0.1263, 0.0778, 0.1142, 0.0487,
         0.0711],
        [0.1996, 0.0877, 0.0895, 0.1005, 0.0898, 0.0820, 0.0993, 0.0883, 0.0700,
         0.0932],
        [0.1549, 0.0865, 0.1062, 0.0979, 0.0578, 0.0787, 0.1653, 0.0877, 0.0681,
         0.0970],
        [0.2234, 0.0888, 0.0863, 0.1059, 0.1030, 0.0781, 0.0899, 0.0827, 0.0723,
         0.0695],
        [0.1416, 0.0801, 0.0954, 0.0816, 0.0309, 0.1290, 0.0840, 0.2365, 0.0414,
         0.0795],
        [0.1743, 0.1574, 0.0853, 0.1051, 0.0642, 0.0896, 0.0823, 0.0878, 0.0826,
         0.0715],
        [0.1556, 0.0741, 0.1088, 0.0914, 0.0779, 0.1481, 0.0959, 0.0773, 0.1051,
         0.0657],
        [0.1968, 0.0727, 0.0891, 0.1117, 0.0479, 0.1439, 0.1001, 0.0870, 0.0684,
         0.0824],
        [0.1566, 0.0670, 0.1010, 0.0797, 0.0269, 0.1139, 0.0770, 0.2711, 0.0302,
         0.0764],
        [0.1853, 0.0994, 0.0849, 0.1037, 0.0772, 0.0886, 0.0978, 0.0991, 0.0774,
         0.0865],
        [0.1559, 0.0883, 0.0872, 0.1118, 0.0636, 0.1206, 0.1165, 0.0756, 0.0933,
         0.0872],
        [0.1475, 0.0766, 0.0978, 0.0781, 0.0610, 0.1842, 0.0974, 0.0960, 0.0757,
         0.0856],
        [0.1348, 0.0736, 0.1201, 0.0869, 0.0472, 0.1621, 0.1311, 0.0735, 0.0811,
         0.0896],
        [0.1893, 0.1122, 0.0984, 0.0987, 0.0826, 0.0810, 0.0888, 0.0894, 0.0919,
         0.0677],
        [0.2783, 0.0655, 0.0932, 0.1064, 0.0501, 0.1091, 0.0708, 0.0924, 0.0623,
         0.0720],
        [0.1387, 0.0696, 0.1036, 0.0729, 0.0473, 0.2051, 0.1040, 0.1048, 0.0572,
         0.0967],
        [0.2676, 0.0658, 0.1251, 0.1033, 0.0539, 0.0754, 0.0830, 0.0850, 0.0549,
         0.0860],
        [0.1794, 0.1143, 0.1025, 0.0958, 0.0807, 0.0849, 0.0921, 0.0907, 0.0901,
         0.0694],
        [0.1723, 0.1036, 0.0860, 0.0923, 0.0850, 0.0945, 0.1004, 0.0975, 0.0680,
         0.1005],
        [0.1987, 0.0648, 0.0969, 0.1372, 0.0433, 0.1571, 0.0770, 0.1038, 0.0528,
         0.0684],
        [0.2367, 0.0674, 0.1074, 0.1154, 0.0614, 0.1148, 0.0669, 0.0901, 0.0660,
         0.0741],
        [0.1189, 0.0714, 0.2184, 0.1035, 0.0654, 0.0883, 0.1092, 0.0857, 0.0461,
         0.0931],
        [0.1723, 0.0676, 0.1590, 0.1094, 0.0619, 0.0917, 0.1021, 0.0895, 0.0499,
         0.0967],
        [0.2778, 0.0648, 0.1192, 0.0974, 0.0533, 0.0805, 0.0893, 0.0782, 0.0592,
         0.0803],
        [0.1841, 0.0875, 0.0960, 0.0949, 0.0992, 0.0776, 0.1115, 0.0902, 0.0756,
         0.0834],
        [0.1422, 0.0918, 0.1273, 0.1324, 0.0662, 0.0999, 0.1014, 0.0860, 0.0700,
         0.0828],
        [0.1735, 0.0766, 0.0866, 0.1178, 0.0557, 0.1655, 0.0993, 0.0824, 0.0619,
         0.0806],
        [0.1779, 0.1633, 0.0770, 0.1091, 0.0651, 0.0939, 0.0767, 0.0858, 0.0809,
         0.0703],
        [0.1552, 0.0896, 0.0999, 0.0972, 0.0609, 0.0858, 0.1483, 0.0875, 0.0845,
         0.0912],
        [0.2102, 0.0789, 0.0837, 0.1184, 0.0826, 0.0927, 0.0888, 0.0856, 0.0819,
         0.0772],
        [0.2100, 0.0922, 0.0689, 0.0929, 0.0925, 0.0868, 0.0907, 0.0918, 0.0890,
         0.0852],
        [0.1796, 0.1444, 0.0885, 0.1024, 0.0659, 0.0880, 0.0869, 0.0865, 0.0872,
         0.0704],
        [0.1981, 0.0799, 0.1030, 0.1783, 0.0458, 0.1010, 0.0872, 0.0898, 0.0464,
         0.0707],
        [0.1836, 0.1222, 0.0999, 0.0983, 0.0758, 0.0829, 0.0904, 0.0970, 0.0793,
         0.0706],
        [0.1445, 0.0816, 0.0977, 0.0808, 0.0297, 0.1254, 0.0781, 0.2379, 0.0379,
         0.0863],
        [0.1478, 0.0621, 0.1126, 0.0790, 0.0545, 0.1434, 0.1177, 0.1144, 0.0863,
         0.0821],
        [0.1967, 0.0870, 0.0938, 0.1032, 0.0687, 0.0789, 0.1393, 0.0847, 0.0652,
         0.0825],
        [0.1478, 0.0632, 0.1010, 0.0876, 0.0538, 0.1987, 0.1054, 0.0909, 0.0722,
         0.0795],
        [0.1832, 0.0778, 0.0900, 0.0955, 0.0389, 0.1430, 0.0816, 0.1285, 0.0510,
         0.1106],
        [0.1368, 0.0705, 0.1067, 0.1735, 0.0556, 0.1344, 0.0918, 0.0995, 0.0574,
         0.0740],
        [0.1788, 0.0993, 0.0799, 0.1038, 0.0909, 0.0895, 0.0980, 0.0892, 0.0744,
         0.0961],
        [0.1463, 0.0668, 0.1040, 0.0923, 0.0542, 0.1863, 0.1122, 0.0794, 0.0756,
         0.0829],
        [0.1593, 0.0933, 0.0931, 0.0996, 0.0623, 0.1310, 0.1143, 0.0767, 0.0952,
         0.0753],
        [0.1661, 0.1555, 0.0902, 0.1053, 0.0590, 0.0963, 0.0796, 0.0978, 0.0743,
         0.0761],
        [0.1355, 0.0891, 0.0913, 0.0872, 0.0620, 0.1473, 0.1156, 0.0898, 0.0697,
         0.1125],
        [0.1666, 0.0705, 0.1268, 0.1666, 0.0439, 0.1071, 0.0874, 0.1037, 0.0450,
         0.0824]], device='cuda:0', grad_fn=<SoftmaxBackward>)
>> best accuracy: 58.233333333333334	best epoch: 0

>> final recovery rate: 19.955555555555556%
>> val epoch: 5
>> current accuracy: 90.51666666666667%
outputs: tensor([[0.0824, 0.1569, 0.0963, 0.0987, 0.0950, 0.1076, 0.0588, 0.1062, 0.1030,
         0.0951],
        [0.0736, 0.0783, 0.0767, 0.1093, 0.0772, 0.0993, 0.0708, 0.1097, 0.2020,
         0.1032],
        [0.0918, 0.1540, 0.1125, 0.1015, 0.0845, 0.1004, 0.0640, 0.1052, 0.0984,
         0.0876],
        [0.0826, 0.0795, 0.0875, 0.1072, 0.1158, 0.1264, 0.0985, 0.1215, 0.0725,
         0.1085],
        [0.1732, 0.0748, 0.0807, 0.0830, 0.0852, 0.1546, 0.0687, 0.1397, 0.0799,
         0.0602],
        [0.0819, 0.0742, 0.0918, 0.0868, 0.1178, 0.1189, 0.0762, 0.1268, 0.1039,
         0.1217],
        [0.0866, 0.1604, 0.1096, 0.1017, 0.0835, 0.1022, 0.0629, 0.1066, 0.0969,
         0.0896],
        [0.0856, 0.0749, 0.0841, 0.0933, 0.1616, 0.0988, 0.0746, 0.1233, 0.0853,
         0.1186],
        [0.0905, 0.0778, 0.0722, 0.1084, 0.0624, 0.1121, 0.0671, 0.1089, 0.2063,
         0.0944],
        [0.0800, 0.0939, 0.1698, 0.0975, 0.0800, 0.1156, 0.0702, 0.1152, 0.0938,
         0.0840],
        [0.0899, 0.1525, 0.1157, 0.1018, 0.0819, 0.1008, 0.0653, 0.1056, 0.1012,
         0.0854],
        [0.0940, 0.0841, 0.0834, 0.1081, 0.1167, 0.1300, 0.0678, 0.1351, 0.0837,
         0.0972],
        [0.0797, 0.0866, 0.0657, 0.0991, 0.0668, 0.1269, 0.0554, 0.1072, 0.2131,
         0.0995],
        [0.0842, 0.1452, 0.1127, 0.0969, 0.0882, 0.0940, 0.0750, 0.1197, 0.0933,
         0.0909],
        [0.0860, 0.1486, 0.1092, 0.0992, 0.0871, 0.0954, 0.0731, 0.1150, 0.0916,
         0.0948],
        [0.0878, 0.0934, 0.0769, 0.1086, 0.0691, 0.1245, 0.0560, 0.0806, 0.1927,
         0.1103],
        [0.1789, 0.0773, 0.1058, 0.0767, 0.0820, 0.1382, 0.0667, 0.1511, 0.0640,
         0.0594],
        [0.1749, 0.0897, 0.0907, 0.0871, 0.0761, 0.1260, 0.0589, 0.1175, 0.0979,
         0.0811],
        [0.0672, 0.0800, 0.0820, 0.1276, 0.0844, 0.1199, 0.0735, 0.1759, 0.0939,
         0.0956],
        [0.0957, 0.0795, 0.1083, 0.0867, 0.0734, 0.2337, 0.0728, 0.0877, 0.0866,
         0.0755],
        [0.0949, 0.0974, 0.1260, 0.1112, 0.0758, 0.1241, 0.0630, 0.1034, 0.1234,
         0.0808],
        [0.0760, 0.0709, 0.1060, 0.1195, 0.0719, 0.0908, 0.1495, 0.1093, 0.0932,
         0.1128],
        [0.0600, 0.0881, 0.0828, 0.0975, 0.0972, 0.1039, 0.0774, 0.1035, 0.0954,
         0.1942],
        [0.0862, 0.1485, 0.0996, 0.0950, 0.0959, 0.0940, 0.0713, 0.1200, 0.1014,
         0.0881],
        [0.0728, 0.0855, 0.0913, 0.1037, 0.0875, 0.1227, 0.0693, 0.2031, 0.0797,
         0.0844],
        [0.0669, 0.0859, 0.0995, 0.1226, 0.0944, 0.1258, 0.0834, 0.1493, 0.0705,
         0.1017],
        [0.0914, 0.0860, 0.0799, 0.1012, 0.1633, 0.0983, 0.0668, 0.1131, 0.0827,
         0.1173],
        [0.0872, 0.0864, 0.0762, 0.1382, 0.0649, 0.1021, 0.0646, 0.0893, 0.1949,
         0.0963],
        [0.0980, 0.0768, 0.0870, 0.0978, 0.1514, 0.0996, 0.0714, 0.1313, 0.0837,
         0.1030],
        [0.0831, 0.1422, 0.1092, 0.0953, 0.0934, 0.0945, 0.0747, 0.1230, 0.0961,
         0.0887],
        [0.0545, 0.0782, 0.0748, 0.1109, 0.0906, 0.0973, 0.0739, 0.0973, 0.0828,
         0.2397],
        [0.1065, 0.0821, 0.0813, 0.1133, 0.0887, 0.1427, 0.0597, 0.1369, 0.0889,
         0.1000],
        [0.0918, 0.0917, 0.0899, 0.1216, 0.0808, 0.1171, 0.0626, 0.0997, 0.1630,
         0.0818],
        [0.1935, 0.0840, 0.0875, 0.0733, 0.0899, 0.1337, 0.0552, 0.1294, 0.0865,
         0.0670],
        [0.0757, 0.0987, 0.0814, 0.1120, 0.0880, 0.1247, 0.0603, 0.1054, 0.1050,
         0.1488],
        [0.1065, 0.0832, 0.0952, 0.1204, 0.0862, 0.1045, 0.1135, 0.1180, 0.0840,
         0.0885],
        [0.1090, 0.0705, 0.1080, 0.0970, 0.0828, 0.1036, 0.1493, 0.1253, 0.0681,
         0.0864],
        [0.0828, 0.0759, 0.0834, 0.0919, 0.0576, 0.3070, 0.0688, 0.1041, 0.0626,
         0.0661],
        [0.0891, 0.0729, 0.0765, 0.1845, 0.0693, 0.1464, 0.0614, 0.0831, 0.1065,
         0.1104],
        [0.0848, 0.0804, 0.1618, 0.0918, 0.0802, 0.1297, 0.0638, 0.1247, 0.0921,
         0.0907],
        [0.0868, 0.0781, 0.0822, 0.0860, 0.0672, 0.3021, 0.0640, 0.1044, 0.0632,
         0.0661],
        [0.0902, 0.1499, 0.1109, 0.1056, 0.0824, 0.1078, 0.0612, 0.1034, 0.1016,
         0.0870],
        [0.0824, 0.0884, 0.1340, 0.0923, 0.0902, 0.1233, 0.0754, 0.1192, 0.1100,
         0.0849],
        [0.0547, 0.0789, 0.0777, 0.0920, 0.0921, 0.0950, 0.0741, 0.0992, 0.0891,
         0.2473],
        [0.2002, 0.0853, 0.0971, 0.0761, 0.0822, 0.1357, 0.0613, 0.1323, 0.0695,
         0.0605],
        [0.0798, 0.0773, 0.0965, 0.2049, 0.0634, 0.1340, 0.0714, 0.1099, 0.0757,
         0.0873],
        [0.0763, 0.0834, 0.0778, 0.1163, 0.0897, 0.1148, 0.0636, 0.0942, 0.1002,
         0.1837],
        [0.0795, 0.0800, 0.1111, 0.0801, 0.0593, 0.2720, 0.0712, 0.0940, 0.0801,
         0.0727]], device='cuda:0', grad_fn=<SoftmaxBackward>)
>> best accuracy: 90.51666666666667	best epoch: 5

>> final recovery rate: 19.955555555555556%
