noise type: uniform
noise level: 0.6
when_to_apply_epoch: 25
total clean data num: 17950
probability transition matrix:
[[0.4        0.06666667 0.06666667 0.06666667 0.06666667 0.06666667
  0.06666667 0.06666667 0.06666667 0.06666667]
 [0.06666667 0.4        0.06666667 0.06666667 0.06666667 0.06666667
  0.06666667 0.06666667 0.06666667 0.06666667]
 [0.06666667 0.06666667 0.4        0.06666667 0.06666667 0.06666667
  0.06666667 0.06666667 0.06666667 0.06666667]
 [0.06666667 0.06666667 0.06666667 0.4        0.06666667 0.06666667
  0.06666667 0.06666667 0.06666667 0.06666667]
 [0.06666667 0.06666667 0.06666667 0.06666667 0.4        0.06666667
  0.06666667 0.06666667 0.06666667 0.06666667]
 [0.06666667 0.06666667 0.06666667 0.06666667 0.06666667 0.4
  0.06666667 0.06666667 0.06666667 0.06666667]
 [0.06666667 0.06666667 0.06666667 0.06666667 0.06666667 0.06666667
  0.4        0.06666667 0.06666667 0.06666667]
 [0.06666667 0.06666667 0.06666667 0.06666667 0.06666667 0.06666667
  0.06666667 0.4        0.06666667 0.06666667]
 [0.06666667 0.06666667 0.06666667 0.06666667 0.06666667 0.06666667
  0.06666667 0.06666667 0.4        0.06666667]
 [0.06666667 0.06666667 0.06666667 0.06666667 0.06666667 0.06666667
  0.06666667 0.06666667 0.06666667 0.4       ]]
>> val epoch: 0
>> current accuracy: 33.5%
outputs: tensor([[0.0608, 0.0998, 0.0773, 0.1301, 0.1006, 0.1226, 0.1378, 0.1182, 0.0704,
         0.0824],
        [0.0668, 0.1251, 0.0605, 0.0788, 0.0896, 0.0713, 0.0850, 0.1592, 0.0832,
         0.1804],
        [0.1091, 0.1061, 0.0608, 0.1200, 0.0699, 0.1459, 0.0752, 0.0975, 0.1014,
         0.1140],
        [0.0486, 0.1194, 0.0580, 0.1291, 0.0654, 0.1113, 0.1918, 0.0889, 0.0641,
         0.1234],
        [0.0582, 0.0881, 0.0881, 0.1102, 0.0974, 0.0959, 0.1534, 0.1099, 0.0799,
         0.1188],
        [0.0506, 0.0984, 0.0531, 0.1461, 0.0839, 0.1401, 0.1232, 0.1368, 0.0633,
         0.1046],
        [0.0467, 0.1013, 0.0536, 0.1420, 0.0969, 0.1390, 0.1223, 0.1169, 0.0738,
         0.1075],
        [0.0374, 0.0969, 0.0988, 0.1162, 0.1131, 0.0751, 0.2159, 0.0791, 0.0747,
         0.0929],
        [0.0740, 0.0737, 0.0951, 0.1249, 0.0949, 0.1269, 0.0868, 0.1208, 0.0807,
         0.1222],
        [0.0666, 0.0784, 0.0877, 0.1502, 0.0947, 0.1545, 0.0747, 0.1114, 0.0688,
         0.1128],
        [0.0772, 0.0988, 0.0817, 0.1021, 0.0863, 0.1191, 0.0725, 0.0759, 0.1824,
         0.1040],
        [0.0988, 0.1598, 0.0524, 0.0680, 0.0638, 0.0768, 0.0574, 0.0743, 0.2083,
         0.1403],
        [0.0915, 0.2139, 0.0519, 0.0585, 0.0684, 0.0686, 0.0522, 0.0914, 0.1616,
         0.1419],
        [0.0983, 0.1097, 0.0560, 0.0724, 0.0576, 0.0857, 0.0757, 0.0720, 0.2305,
         0.1420],
        [0.1031, 0.1650, 0.0556, 0.0667, 0.0604, 0.0762, 0.0561, 0.0761, 0.1941,
         0.1466],
        [0.1110, 0.1535, 0.0621, 0.0629, 0.0744, 0.0775, 0.0570, 0.0825, 0.2169,
         0.1021],
        [0.0694, 0.0781, 0.0899, 0.1460, 0.1204, 0.1364, 0.0889, 0.0969, 0.0893,
         0.0847],
        [0.0663, 0.0753, 0.1072, 0.1130, 0.1250, 0.0983, 0.1161, 0.1044, 0.0962,
         0.0982],
        [0.0879, 0.2161, 0.0473, 0.0603, 0.0515, 0.0756, 0.0538, 0.0754, 0.1152,
         0.2169],
        [0.0858, 0.1739, 0.0478, 0.0886, 0.0603, 0.1090, 0.0687, 0.1078, 0.0854,
         0.1726],
        [0.0683, 0.1076, 0.0563, 0.1048, 0.0705, 0.1159, 0.0903, 0.1420, 0.0651,
         0.1793],
        [0.1029, 0.0922, 0.0975, 0.0898, 0.0752, 0.1091, 0.0759, 0.0847, 0.1513,
         0.1212],
        [0.0490, 0.0889, 0.0791, 0.1401, 0.1165, 0.1293, 0.1078, 0.1105, 0.0772,
         0.1018],
        [0.0433, 0.1456, 0.0712, 0.1061, 0.0691, 0.0876, 0.2041, 0.0694, 0.0747,
         0.1289],
        [0.1045, 0.1387, 0.0674, 0.0589, 0.0697, 0.0688, 0.0491, 0.0777, 0.2737,
         0.0915],
        [0.1010, 0.1089, 0.0688, 0.0916, 0.0703, 0.1054, 0.0738, 0.1097, 0.1092,
         0.1614],
        [0.0534, 0.0895, 0.0545, 0.1345, 0.0884, 0.1390, 0.1127, 0.1570, 0.0611,
         0.1100],
        [0.0689, 0.1824, 0.0454, 0.0805, 0.0506, 0.0902, 0.0880, 0.1019, 0.0770,
         0.2151],
        [0.0500, 0.0999, 0.0897, 0.1174, 0.0938, 0.0973, 0.1879, 0.0923, 0.0745,
         0.0973],
        [0.0556, 0.1263, 0.0630, 0.1244, 0.0979, 0.1335, 0.1022, 0.0840, 0.1243,
         0.0888],
        [0.0929, 0.1905, 0.0544, 0.0681, 0.0721, 0.0836, 0.0731, 0.0922, 0.1332,
         0.1399],
        [0.0395, 0.0831, 0.0763, 0.1117, 0.1415, 0.0967, 0.1461, 0.1325, 0.0823,
         0.0903],
        [0.0454, 0.0772, 0.1223, 0.1025, 0.1269, 0.0768, 0.2112, 0.0853, 0.0709,
         0.0815],
        [0.1276, 0.0733, 0.0839, 0.0886, 0.0766, 0.1184, 0.0653, 0.0748, 0.2045,
         0.0869],
        [0.0787, 0.1859, 0.0408, 0.0692, 0.0558, 0.0843, 0.0553, 0.0706, 0.1574,
         0.2019],
        [0.0490, 0.0879, 0.0977, 0.1131, 0.1164, 0.0877, 0.1820, 0.0993, 0.0733,
         0.0937],
        [0.1071, 0.1036, 0.0801, 0.0887, 0.0703, 0.1121, 0.0687, 0.1032, 0.1009,
         0.1653],
        [0.0564, 0.0974, 0.0603, 0.1275, 0.1087, 0.1264, 0.1084, 0.1459, 0.0700,
         0.0990],
        [0.1153, 0.0975, 0.0572, 0.0835, 0.0680, 0.0984, 0.0709, 0.0718, 0.2134,
         0.1240],
        [0.0415, 0.0886, 0.1213, 0.1239, 0.1245, 0.0871, 0.1786, 0.0659, 0.0864,
         0.0824],
        [0.1466, 0.0503, 0.0809, 0.1234, 0.0820, 0.1607, 0.0636, 0.0602, 0.1656,
         0.0667],
        [0.0652, 0.1184, 0.0623, 0.1010, 0.0907, 0.1079, 0.1154, 0.1425, 0.0733,
         0.1233],
        [0.0704, 0.1334, 0.0548, 0.1044, 0.0640, 0.1207, 0.0742, 0.0811, 0.0988,
         0.1983],
        [0.0402, 0.0750, 0.0917, 0.1321, 0.1127, 0.0969, 0.1936, 0.0825, 0.0787,
         0.0965],
        [0.0616, 0.1225, 0.0684, 0.1147, 0.0903, 0.1086, 0.1166, 0.1093, 0.0902,
         0.1177],
        [0.0637, 0.2279, 0.0581, 0.0829, 0.0801, 0.0886, 0.1003, 0.0836, 0.0967,
         0.1180],
        [0.0536, 0.0808, 0.1072, 0.0915, 0.1441, 0.0849, 0.1146, 0.1232, 0.0895,
         0.1106],
        [0.1061, 0.1530, 0.0531, 0.0819, 0.0554, 0.0972, 0.0695, 0.0787, 0.1287,
         0.1765],
        [0.0395, 0.0770, 0.0878, 0.1449, 0.1107, 0.0961, 0.1889, 0.0853, 0.0792,
         0.0908],
        [0.0382, 0.0832, 0.1014, 0.1066, 0.1526, 0.0816, 0.1760, 0.0884, 0.0856,
         0.0864],
        [0.0690, 0.2492, 0.0440, 0.0705, 0.0554, 0.0934, 0.0755, 0.0854, 0.0924,
         0.1650],
        [0.0562, 0.0971, 0.0621, 0.1221, 0.0933, 0.1190, 0.1234, 0.1412, 0.0653,
         0.1202],
        [0.0513, 0.0754, 0.0613, 0.1689, 0.0914, 0.1899, 0.1133, 0.0977, 0.0736,
         0.0771],
        [0.0471, 0.0994, 0.0800, 0.1252, 0.1198, 0.1066, 0.1475, 0.0950, 0.0867,
         0.0926],
        [0.0779, 0.1719, 0.0445, 0.0881, 0.0481, 0.1056, 0.0786, 0.0841, 0.0789,
         0.2223],
        [0.1472, 0.0432, 0.1041, 0.0963, 0.0694, 0.1153, 0.0709, 0.0562, 0.2349,
         0.0625],
        [0.0630, 0.1664, 0.0506, 0.1007, 0.0546, 0.1090, 0.1175, 0.0963, 0.0734,
         0.1685],
        [0.1689, 0.0465, 0.1133, 0.1033, 0.0739, 0.1366, 0.0701, 0.0661, 0.1428,
         0.0785],
        [0.0581, 0.1015, 0.0569, 0.1268, 0.0848, 0.1313, 0.1251, 0.1493, 0.0598,
         0.1064],
        [0.0536, 0.0983, 0.0618, 0.1198, 0.1194, 0.1283, 0.1134, 0.1358, 0.0820,
         0.0875],
        [0.0567, 0.1070, 0.0593, 0.1353, 0.0662, 0.1242, 0.1324, 0.1016, 0.0666,
         0.1506],
        [0.0759, 0.1946, 0.0661, 0.0805, 0.0858, 0.0866, 0.0955, 0.0811, 0.1230,
         0.1108],
        [0.0425, 0.0857, 0.0960, 0.1425, 0.0891, 0.1076, 0.2065, 0.0691, 0.0718,
         0.0891],
        [0.0880, 0.1697, 0.0431, 0.0662, 0.0546, 0.0757, 0.0633, 0.0696, 0.2048,
         0.1650],
        [0.0382, 0.0656, 0.1532, 0.1122, 0.1239, 0.0747, 0.2171, 0.0534, 0.0756,
         0.0861],
        [0.1552, 0.0500, 0.1184, 0.0992, 0.0708, 0.1264, 0.0688, 0.0630, 0.1697,
         0.0785],
        [0.1105, 0.1482, 0.0557, 0.0660, 0.0628, 0.0761, 0.0558, 0.0759, 0.2252,
         0.1237],
        [0.0783, 0.1060, 0.0702, 0.1013, 0.0607, 0.1250, 0.0817, 0.0989, 0.0827,
         0.1951],
        [0.0404, 0.0809, 0.1067, 0.1243, 0.0941, 0.0802, 0.2293, 0.0730, 0.0668,
         0.1042],
        [0.0741, 0.1586, 0.0538, 0.0969, 0.0653, 0.1124, 0.1082, 0.1111, 0.0660,
         0.1536],
        [0.0434, 0.0898, 0.0903, 0.0884, 0.1898, 0.0735, 0.1291, 0.1387, 0.0869,
         0.0701],
        [0.0484, 0.0890, 0.0738, 0.1165, 0.1253, 0.1049, 0.1424, 0.1447, 0.0696,
         0.0855]], device='cuda:0', grad_fn=<SoftmaxBackward>)
>> best accuracy: 33.5	best epoch: 0

>> final recovery rate: 39.88888888888889%
>> val epoch: 5
>> current accuracy: 57.120000000000005%
outputs: tensor([[0.1175, 0.0622, 0.0745, 0.0734, 0.1216, 0.0692, 0.0574, 0.2935, 0.0559,
         0.0748],
        [0.1209, 0.0782, 0.1033, 0.1366, 0.1033, 0.0938, 0.0704, 0.1001, 0.0746,
         0.1187],
        [0.2573, 0.1068, 0.0901, 0.0882, 0.0788, 0.0671, 0.0617, 0.0632, 0.1023,
         0.0845],
        [0.1150, 0.0947, 0.1481, 0.1286, 0.1262, 0.0776, 0.0586, 0.0793, 0.0748,
         0.0972],
        [0.1082, 0.0878, 0.0915, 0.1291, 0.0785, 0.0804, 0.0623, 0.0620, 0.1804,
         0.1198],
        [0.0612, 0.0673, 0.0929, 0.2621, 0.0617, 0.2143, 0.0502, 0.0706, 0.0550,
         0.0648],
        [0.0694, 0.0625, 0.2621, 0.1123, 0.1187, 0.0830, 0.1187, 0.0512, 0.0651,
         0.0570],
        [0.0793, 0.1834, 0.0765, 0.1043, 0.0545, 0.0640, 0.0768, 0.0609, 0.0594,
         0.2408],
        [0.0887, 0.1091, 0.0824, 0.1098, 0.1015, 0.0671, 0.1555, 0.1273, 0.0567,
         0.1019],
        [0.0675, 0.0785, 0.1004, 0.2060, 0.0642, 0.1176, 0.1528, 0.0874, 0.0531,
         0.0724],
        [0.0916, 0.1083, 0.1150, 0.1708, 0.0888, 0.1382, 0.0553, 0.0688, 0.0817,
         0.0814],
        [0.0738, 0.0674, 0.1217, 0.1789, 0.1297, 0.1316, 0.0705, 0.0870, 0.0806,
         0.0588],
        [0.1242, 0.2388, 0.0790, 0.0916, 0.0628, 0.0641, 0.0674, 0.0613, 0.0767,
         0.1341],
        [0.1905, 0.0846, 0.0733, 0.0969, 0.0690, 0.0648, 0.0642, 0.0661, 0.1318,
         0.1587],
        [0.2661, 0.0696, 0.1095, 0.0809, 0.0986, 0.0699, 0.0619, 0.0674, 0.1045,
         0.0716],
        [0.0625, 0.0767, 0.0960, 0.2258, 0.1093, 0.1457, 0.0586, 0.0834, 0.0683,
         0.0738],
        [0.0968, 0.0897, 0.0851, 0.1189, 0.1211, 0.1002, 0.0610, 0.1917, 0.0593,
         0.0762],
        [0.0660, 0.0755, 0.1577, 0.1809, 0.0841, 0.1146, 0.1169, 0.0802, 0.0577,
         0.0664],
        [0.0759, 0.0621, 0.0949, 0.1886, 0.0761, 0.1738, 0.0549, 0.1107, 0.0794,
         0.0837],
        [0.3160, 0.0623, 0.0830, 0.0764, 0.0798, 0.0597, 0.0613, 0.0621, 0.1277,
         0.0717],
        [0.0756, 0.2043, 0.0840, 0.1015, 0.0655, 0.0648, 0.0821, 0.0651, 0.0613,
         0.1957],
        [0.0751, 0.0800, 0.1334, 0.1419, 0.0753, 0.1125, 0.0540, 0.0828, 0.0869,
         0.1581],
        [0.1333, 0.0506, 0.0791, 0.1007, 0.0682, 0.0672, 0.0582, 0.0592, 0.3094,
         0.0743],
        [0.0853, 0.0791, 0.1282, 0.1712, 0.0720, 0.1043, 0.0566, 0.0877, 0.0642,
         0.1515],
        [0.0695, 0.0734, 0.1182, 0.1885, 0.1004, 0.1567, 0.0596, 0.1115, 0.0612,
         0.0609],
        [0.0666, 0.0803, 0.1267, 0.1814, 0.1173, 0.1150, 0.0950, 0.0972, 0.0608,
         0.0598],
        [0.0700, 0.0620, 0.2201, 0.1347, 0.1289, 0.0755, 0.0835, 0.0638, 0.1072,
         0.0543],
        [0.0615, 0.0771, 0.0747, 0.2013, 0.0534, 0.2652, 0.0473, 0.0792, 0.0662,
         0.0741],
        [0.0776, 0.0575, 0.2601, 0.1154, 0.1308, 0.0956, 0.0669, 0.0823, 0.0518,
         0.0620],
        [0.1136, 0.1293, 0.1074, 0.1182, 0.0879, 0.0809, 0.0856, 0.1040, 0.0824,
         0.0906],
        [0.0863, 0.0676, 0.0635, 0.0890, 0.0477, 0.0550, 0.0565, 0.0548, 0.3805,
         0.0991],
        [0.0755, 0.0614, 0.0649, 0.0902, 0.0524, 0.0611, 0.0500, 0.0564, 0.4152,
         0.0729],
        [0.2072, 0.0717, 0.0813, 0.1031, 0.0722, 0.0652, 0.0594, 0.0593, 0.1794,
         0.1013],
        [0.0636, 0.0785, 0.1481, 0.1946, 0.1406, 0.0917, 0.0741, 0.0956, 0.0504,
         0.0630],
        [0.0657, 0.0556, 0.0598, 0.0996, 0.0483, 0.0632, 0.0547, 0.0509, 0.4224,
         0.0798],
        [0.0679, 0.0881, 0.0701, 0.1131, 0.0480, 0.0636, 0.0545, 0.0567, 0.0762,
         0.3618],
        [0.0604, 0.0674, 0.2662, 0.0937, 0.1991, 0.0706, 0.0800, 0.0510, 0.0629,
         0.0488],
        [0.0575, 0.0701, 0.0693, 0.0958, 0.0541, 0.0563, 0.0505, 0.0529, 0.0971,
         0.3965],
        [0.0864, 0.0722, 0.1006, 0.1706, 0.0767, 0.1644, 0.0728, 0.1176, 0.0616,
         0.0772],
        [0.0807, 0.0597, 0.0521, 0.0765, 0.0744, 0.1003, 0.0555, 0.3959, 0.0461,
         0.0588],
        [0.2684, 0.1019, 0.0786, 0.0903, 0.0736, 0.0578, 0.0628, 0.0591, 0.1171,
         0.0905],
        [0.0822, 0.0700, 0.1112, 0.1985, 0.0836, 0.1919, 0.0561, 0.0756, 0.0603,
         0.0707],
        [0.0648, 0.1086, 0.0762, 0.1000, 0.0522, 0.0569, 0.0494, 0.0536, 0.0697,
         0.3687],
        [0.1064, 0.0620, 0.0626, 0.0866, 0.1338, 0.0614, 0.0763, 0.2375, 0.0681,
         0.1053],
        [0.0683, 0.0744, 0.1104, 0.1797, 0.0901, 0.1657, 0.0606, 0.1362, 0.0523,
         0.0623],
        [0.0807, 0.0666, 0.0694, 0.0828, 0.0622, 0.0565, 0.0562, 0.0613, 0.3890,
         0.0753],
        [0.0968, 0.2999, 0.0683, 0.0837, 0.0578, 0.0557, 0.0567, 0.0611, 0.1187,
         0.1013],
        [0.0711, 0.1164, 0.1459, 0.1873, 0.0831, 0.0938, 0.0898, 0.0772, 0.0657,
         0.0696],
        [0.0648, 0.0736, 0.0734, 0.2247, 0.0561, 0.2309, 0.0522, 0.0894, 0.0647,
         0.0702],
        [0.0666, 0.0749, 0.0740, 0.2054, 0.0684, 0.2151, 0.0675, 0.1080, 0.0572,
         0.0630],
        [0.0614, 0.0839, 0.0845, 0.1344, 0.0920, 0.1166, 0.2001, 0.0847, 0.0680,
         0.0744],
        [0.0862, 0.0606, 0.0614, 0.0765, 0.0498, 0.0533, 0.0542, 0.0561, 0.4250,
         0.0768],
        [0.0604, 0.0679, 0.1008, 0.2646, 0.0569, 0.1741, 0.0546, 0.0895, 0.0523,
         0.0790],
        [0.0522, 0.0740, 0.2845, 0.1265, 0.1031, 0.0680, 0.1340, 0.0520, 0.0487,
         0.0570],
        [0.1955, 0.0726, 0.0818, 0.0890, 0.0716, 0.0632, 0.0657, 0.0669, 0.2039,
         0.0898],
        [0.1147, 0.2682, 0.0886, 0.0865, 0.0585, 0.0689, 0.0615, 0.0587, 0.0945,
         0.0999],
        [0.0579, 0.0808, 0.1136, 0.1554, 0.1060, 0.0974, 0.1984, 0.0679, 0.0609,
         0.0617],
        [0.0943, 0.3272, 0.0646, 0.0801, 0.0523, 0.0548, 0.0626, 0.0612, 0.1003,
         0.1027],
        [0.0519, 0.0767, 0.0937, 0.0989, 0.0836, 0.0585, 0.3559, 0.0642, 0.0580,
         0.0586],
        [0.1782, 0.1218, 0.0822, 0.1154, 0.0684, 0.0878, 0.0679, 0.1058, 0.0609,
         0.1116],
        [0.0689, 0.0763, 0.1313, 0.1380, 0.0989, 0.0669, 0.2196, 0.0732, 0.0647,
         0.0623],
        [0.0900, 0.0739, 0.0748, 0.1022, 0.0599, 0.0616, 0.0644, 0.0596, 0.3183,
         0.0953],
        [0.2048, 0.1541, 0.0862, 0.1002, 0.0666, 0.0647, 0.0591, 0.0600, 0.0915,
         0.1129],
        [0.1812, 0.0921, 0.0912, 0.0939, 0.0726, 0.0651, 0.0744, 0.0638, 0.1624,
         0.1033],
        [0.0669, 0.0797, 0.0880, 0.2182, 0.0704, 0.1992, 0.0475, 0.0772, 0.0642,
         0.0887],
        [0.0727, 0.2262, 0.0981, 0.1062, 0.1336, 0.0602, 0.0630, 0.0810, 0.0632,
         0.0958],
        [0.0714, 0.3124, 0.0811, 0.0919, 0.0788, 0.0615, 0.0820, 0.0548, 0.0614,
         0.1048],
        [0.0790, 0.1025, 0.0803, 0.1205, 0.1076, 0.0695, 0.0693, 0.1147, 0.0614,
         0.1952],
        [0.0685, 0.0595, 0.2620, 0.1158, 0.1204, 0.1249, 0.0645, 0.0683, 0.0577,
         0.0584],
        [0.0806, 0.0763, 0.1369, 0.1446, 0.1129, 0.1577, 0.0591, 0.1093, 0.0597,
         0.0629],
        [0.1370, 0.0906, 0.0891, 0.0834, 0.0635, 0.0611, 0.0612, 0.0615, 0.2495,
         0.1031],
        [0.0587, 0.0755, 0.1056, 0.2236, 0.0897, 0.1973, 0.0645, 0.0668, 0.0643,
         0.0539]], device='cuda:0', grad_fn=<SoftmaxBackward>)
>> best accuracy: 57.120000000000005	best epoch: 5

>> final recovery rate: 39.88888888888889%
>> val epoch: 10
>> current accuracy: 66.52%
outputs: tensor([[0.0867, 0.0613, 0.4681, 0.0602, 0.0602, 0.0504, 0.0552, 0.0423, 0.0565,
         0.0591],
        [0.0814, 0.0907, 0.0666, 0.0573, 0.0547, 0.0414, 0.0503, 0.0493, 0.0624,
         0.4459],
        [0.0831, 0.0596, 0.0713, 0.0611, 0.0418, 0.4715, 0.0548, 0.0625, 0.0548,
         0.0396],
        [0.0785, 0.1004, 0.0694, 0.0913, 0.0649, 0.0528, 0.0727, 0.0575, 0.3629,
         0.0498],
        [0.0840, 0.1378, 0.0684, 0.0894, 0.0581, 0.0657, 0.0603, 0.0461, 0.3006,
         0.0896],
        [0.3289, 0.0726, 0.1393, 0.0627, 0.1132, 0.0438, 0.0617, 0.0503, 0.0734,
         0.0543],
        [0.1519, 0.0924, 0.0791, 0.0911, 0.0555, 0.0983, 0.1185, 0.1417, 0.0559,
         0.1156],
        [0.1131, 0.0670, 0.0870, 0.0823, 0.0506, 0.3243, 0.0916, 0.0752, 0.0540,
         0.0548],
        [0.1532, 0.1745, 0.0616, 0.0732, 0.0678, 0.0539, 0.0661, 0.0648, 0.2133,
         0.0716],
        [0.1086, 0.0925, 0.0744, 0.1925, 0.0551, 0.1954, 0.0937, 0.0707, 0.0664,
         0.0507],
        [0.0826, 0.0707, 0.1489, 0.1780, 0.1002, 0.0721, 0.1752, 0.0562, 0.0588,
         0.0572],
        [0.1633, 0.1090, 0.0638, 0.0807, 0.0827, 0.0500, 0.0689, 0.0725, 0.2459,
         0.0631],
        [0.0951, 0.0682, 0.0762, 0.1096, 0.0881, 0.0480, 0.3134, 0.0530, 0.0780,
         0.0704],
        [0.1138, 0.0715, 0.3330, 0.0907, 0.1248, 0.0513, 0.0645, 0.0383, 0.0544,
         0.0578],
        [0.1345, 0.0684, 0.3913, 0.0563, 0.0588, 0.0556, 0.0646, 0.0544, 0.0499,
         0.0663],
        [0.1129, 0.0955, 0.0864, 0.1492, 0.0767, 0.1221, 0.1474, 0.0780, 0.0682,
         0.0637],
        [0.0991, 0.1100, 0.0704, 0.0785, 0.0789, 0.0686, 0.0647, 0.0642, 0.3081,
         0.0574],
        [0.0642, 0.0820, 0.2822, 0.0620, 0.2512, 0.0430, 0.0536, 0.0421, 0.0614,
         0.0582],
        [0.1628, 0.2268, 0.0611, 0.0866, 0.0527, 0.0535, 0.0735, 0.0541, 0.1257,
         0.1032],
        [0.1460, 0.0875, 0.0863, 0.0760, 0.0873, 0.0552, 0.0699, 0.0679, 0.1403,
         0.1836],
        [0.1145, 0.0822, 0.0557, 0.0625, 0.1381, 0.0450, 0.0790, 0.2753, 0.0758,
         0.0718],
        [0.0980, 0.3855, 0.0808, 0.0771, 0.0415, 0.0500, 0.0772, 0.0629, 0.0662,
         0.0609],
        [0.1013, 0.0655, 0.0942, 0.2278, 0.1050, 0.0941, 0.1395, 0.0488, 0.0662,
         0.0576],
        [0.0919, 0.0846, 0.2176, 0.1015, 0.0661, 0.1419, 0.0831, 0.0719, 0.0775,
         0.0639],
        [0.0956, 0.0682, 0.0851, 0.2261, 0.0641, 0.1095, 0.1758, 0.0544, 0.0586,
         0.0625],
        [0.0996, 0.0724, 0.0563, 0.1617, 0.0563, 0.3037, 0.0715, 0.0695, 0.0586,
         0.0503],
        [0.2671, 0.0995, 0.0616, 0.0811, 0.0871, 0.0476, 0.0639, 0.0632, 0.1575,
         0.0715],
        [0.1483, 0.1389, 0.0838, 0.0642, 0.0577, 0.0484, 0.0561, 0.0469, 0.0928,
         0.2628],
        [0.0989, 0.0732, 0.0975, 0.0889, 0.0723, 0.0432, 0.3125, 0.0585, 0.0775,
         0.0775],
        [0.1007, 0.1048, 0.0746, 0.0916, 0.0946, 0.1181, 0.0567, 0.2106, 0.0871,
         0.0612],
        [0.1504, 0.1006, 0.0636, 0.0819, 0.0793, 0.0548, 0.0674, 0.0613, 0.2717,
         0.0690],
        [0.0786, 0.0753, 0.0535, 0.0756, 0.0636, 0.0578, 0.0619, 0.0537, 0.4280,
         0.0521],
        [0.1354, 0.0788, 0.1389, 0.0793, 0.0834, 0.1563, 0.0673, 0.1231, 0.0701,
         0.0675],
        [0.0857, 0.1078, 0.0653, 0.0777, 0.2591, 0.0409, 0.0781, 0.1544, 0.0689,
         0.0620],
        [0.0840, 0.0715, 0.0913, 0.2831, 0.0748, 0.0797, 0.1540, 0.0483, 0.0526,
         0.0607],
        [0.0992, 0.3557, 0.0693, 0.0759, 0.0602, 0.0479, 0.0621, 0.0662, 0.0725,
         0.0910],
        [0.0733, 0.0677, 0.0666, 0.1178, 0.0841, 0.0451, 0.3884, 0.0401, 0.0580,
         0.0590],
        [0.0967, 0.0941, 0.0549, 0.0724, 0.1636, 0.0437, 0.1112, 0.2177, 0.0740,
         0.0717],
        [0.1810, 0.2704, 0.0647, 0.0835, 0.0551, 0.0595, 0.1095, 0.0562, 0.0680,
         0.0521],
        [0.1283, 0.0912, 0.1217, 0.0776, 0.1265, 0.0510, 0.1373, 0.0503, 0.1094,
         0.1067],
        [0.1125, 0.0823, 0.0573, 0.0594, 0.0648, 0.0716, 0.0706, 0.3324, 0.0733,
         0.0756],
        [0.1383, 0.0741, 0.1223, 0.0738, 0.2117, 0.0550, 0.1067, 0.0925, 0.0672,
         0.0584],
        [0.1294, 0.0771, 0.3490, 0.0571, 0.0624, 0.0741, 0.0576, 0.0586, 0.0750,
         0.0597],
        [0.0820, 0.2063, 0.1357, 0.0917, 0.0636, 0.0838, 0.0519, 0.0568, 0.1074,
         0.1209],
        [0.1182, 0.2345, 0.0932, 0.0682, 0.0622, 0.0497, 0.0590, 0.0510, 0.1382,
         0.1258],
        [0.1588, 0.0712, 0.0868, 0.1543, 0.0715, 0.1644, 0.0845, 0.0656, 0.0727,
         0.0702],
        [0.0708, 0.0768, 0.1002, 0.0825, 0.4169, 0.0414, 0.0651, 0.0536, 0.0495,
         0.0431],
        [0.1344, 0.3529, 0.0578, 0.0687, 0.0541, 0.0488, 0.0689, 0.0718, 0.0739,
         0.0688],
        [0.1013, 0.0780, 0.0749, 0.0579, 0.0596, 0.1530, 0.0658, 0.2893, 0.0650,
         0.0552],
        [0.0930, 0.0825, 0.1229, 0.1620, 0.0868, 0.0625, 0.2092, 0.0538, 0.0693,
         0.0580],
        [0.0947, 0.0756, 0.1484, 0.1023, 0.1415, 0.0567, 0.1917, 0.0546, 0.0676,
         0.0669],
        [0.0662, 0.0664, 0.4507, 0.0521, 0.1364, 0.0411, 0.0506, 0.0299, 0.0504,
         0.0564],
        [0.1456, 0.0901, 0.0553, 0.0726, 0.0557, 0.0552, 0.0748, 0.0561, 0.1283,
         0.2663],
        [0.0903, 0.0668, 0.1106, 0.2167, 0.0688, 0.1187, 0.1397, 0.0631, 0.0549,
         0.0704],
        [0.1012, 0.1019, 0.0629, 0.0881, 0.1237, 0.0702, 0.0837, 0.2399, 0.0706,
         0.0578],
        [0.1039, 0.0690, 0.0784, 0.0999, 0.0574, 0.2857, 0.0623, 0.1274, 0.0627,
         0.0533],
        [0.0833, 0.0961, 0.0518, 0.0639, 0.3091, 0.0363, 0.0927, 0.1419, 0.0623,
         0.0625],
        [0.1007, 0.2168, 0.0883, 0.0717, 0.0516, 0.0556, 0.0540, 0.0531, 0.0989,
         0.2095],
        [0.1082, 0.2183, 0.0859, 0.1136, 0.0666, 0.0625, 0.0923, 0.0534, 0.1336,
         0.0656],
        [0.1023, 0.0828, 0.0911, 0.1349, 0.0727, 0.1086, 0.1955, 0.0684, 0.0728,
         0.0708],
        [0.0952, 0.0894, 0.0827, 0.0903, 0.1180, 0.0534, 0.1101, 0.0587, 0.2465,
         0.0557],
        [0.0982, 0.0873, 0.0862, 0.0818, 0.0618, 0.0418, 0.0655, 0.0459, 0.1337,
         0.2978],
        [0.1258, 0.0822, 0.1094, 0.0686, 0.0729, 0.0468, 0.0626, 0.0487, 0.1190,
         0.2639],
        [0.1086, 0.3856, 0.0649, 0.0747, 0.0682, 0.0513, 0.0936, 0.0444, 0.0637,
         0.0449],
        [0.1062, 0.0940, 0.2040, 0.0725, 0.1644, 0.0422, 0.0573, 0.1137, 0.0658,
         0.0799],
        [0.1620, 0.0737, 0.1649, 0.1012, 0.0846, 0.0981, 0.1062, 0.0876, 0.0611,
         0.0606],
        [0.0887, 0.3960, 0.0605, 0.0732, 0.0508, 0.0561, 0.0660, 0.0755, 0.0678,
         0.0654],
        [0.1037, 0.0685, 0.0766, 0.0745, 0.0440, 0.3907, 0.0532, 0.0845, 0.0537,
         0.0506],
        [0.1163, 0.1453, 0.0974, 0.0914, 0.1209, 0.0566, 0.1302, 0.0681, 0.0625,
         0.1113],
        [0.0943, 0.0992, 0.0789, 0.1001, 0.0822, 0.1027, 0.1051, 0.1858, 0.0711,
         0.0805],
        [0.0814, 0.1262, 0.0635, 0.0681, 0.0538, 0.0493, 0.0571, 0.0431, 0.0930,
         0.3646],
        [0.0818, 0.4422, 0.0562, 0.0632, 0.0398, 0.0480, 0.0508, 0.0444, 0.0507,
         0.1228]], device='cuda:0', grad_fn=<SoftmaxBackward>)
>> best accuracy: 66.52	best epoch: 10

>> final recovery rate: 39.88888888888889%
>> val epoch: 15
>> current accuracy: 67.74%
outputs: tensor([[0.1019, 0.0702, 0.0505, 0.0847, 0.0670, 0.0649, 0.0954, 0.0602, 0.3427,
         0.0625],
        [0.0842, 0.0797, 0.1146, 0.0953, 0.0962, 0.0849, 0.0621, 0.0929, 0.0653,
         0.2248],
        [0.1044, 0.0819, 0.0888, 0.1689, 0.0975, 0.1010, 0.1470, 0.0912, 0.0639,
         0.0553],
        [0.0829, 0.0677, 0.0485, 0.0729, 0.0799, 0.0679, 0.0827, 0.0659, 0.3765,
         0.0551],
        [0.2962, 0.0672, 0.0884, 0.0649, 0.0774, 0.0722, 0.1109, 0.0673, 0.0604,
         0.0951],
        [0.0593, 0.0826, 0.1408, 0.0731, 0.1344, 0.0648, 0.2291, 0.0979, 0.0482,
         0.0699],
        [0.1022, 0.0630, 0.0658, 0.2130, 0.0897, 0.1327, 0.0780, 0.0803, 0.0875,
         0.0878],
        [0.0580, 0.4438, 0.0575, 0.0685, 0.0518, 0.0672, 0.0600, 0.0776, 0.0599,
         0.0556],
        [0.0949, 0.0631, 0.0838, 0.0822, 0.0946, 0.2331, 0.0718, 0.1336, 0.0647,
         0.0781],
        [0.1424, 0.2254, 0.0636, 0.0652, 0.0583, 0.0659, 0.0851, 0.0664, 0.1467,
         0.0808],
        [0.0740, 0.0605, 0.0489, 0.3944, 0.0839, 0.0897, 0.0758, 0.0504, 0.0450,
         0.0775],
        [0.1102, 0.0615, 0.0807, 0.1044, 0.0723, 0.2466, 0.0735, 0.1021, 0.0561,
         0.0926],
        [0.0675, 0.4055, 0.0713, 0.0711, 0.0536, 0.0665, 0.0721, 0.0785, 0.0553,
         0.0587],
        [0.0719, 0.0639, 0.0623, 0.0776, 0.0635, 0.3772, 0.0573, 0.0961, 0.0671,
         0.0630],
        [0.2519, 0.0934, 0.0832, 0.0685, 0.0666, 0.0688, 0.0707, 0.0715, 0.1724,
         0.0530],
        [0.0922, 0.0742, 0.0921, 0.0704, 0.2260, 0.0818, 0.1379, 0.0774, 0.0736,
         0.0744],
        [0.1617, 0.0731, 0.0695, 0.1607, 0.0635, 0.1798, 0.0731, 0.0680, 0.0533,
         0.0974],
        [0.0923, 0.0693, 0.0708, 0.1695, 0.0998, 0.1636, 0.0902, 0.0745, 0.0607,
         0.1094],
        [0.0971, 0.0653, 0.1337, 0.0717, 0.0903, 0.1523, 0.0809, 0.1527, 0.0798,
         0.0762],
        [0.0972, 0.0567, 0.3719, 0.0781, 0.0691, 0.0662, 0.0840, 0.0558, 0.0478,
         0.0733],
        [0.5089, 0.0364, 0.0687, 0.0533, 0.0649, 0.0618, 0.0591, 0.0424, 0.0610,
         0.0437],
        [0.1117, 0.3257, 0.0641, 0.0627, 0.0702, 0.0723, 0.0806, 0.0650, 0.0672,
         0.0804],
        [0.0670, 0.0695, 0.0551, 0.0549, 0.2283, 0.0567, 0.0725, 0.2595, 0.0631,
         0.0734],
        [0.0893, 0.0698, 0.2636, 0.0753, 0.1259, 0.0733, 0.0736, 0.0790, 0.0611,
         0.0892],
        [0.3926, 0.0654, 0.0998, 0.0581, 0.0719, 0.0541, 0.0660, 0.0585, 0.0845,
         0.0489],
        [0.0692, 0.0714, 0.0938, 0.0794, 0.0860, 0.0691, 0.3199, 0.0840, 0.0567,
         0.0706],
        [0.0630, 0.0826, 0.1140, 0.0811, 0.2210, 0.0942, 0.0919, 0.1374, 0.0505,
         0.0643],
        [0.0629, 0.0897, 0.0694, 0.0824, 0.0739, 0.1357, 0.0639, 0.0774, 0.0500,
         0.2946],
        [0.0800, 0.0650, 0.0626, 0.2155, 0.0812, 0.2126, 0.0764, 0.0646, 0.0685,
         0.0735],
        [0.1024, 0.0607, 0.0731, 0.1983, 0.0791, 0.2299, 0.0667, 0.0728, 0.0587,
         0.0584],
        [0.0843, 0.0731, 0.0638, 0.2742, 0.0793, 0.0982, 0.1174, 0.0618, 0.0563,
         0.0915],
        [0.0693, 0.1189, 0.0629, 0.0750, 0.0724, 0.0731, 0.0876, 0.0718, 0.2692,
         0.0997],
        [0.0723, 0.0585, 0.0588, 0.3234, 0.0694, 0.1490, 0.0872, 0.0534, 0.0593,
         0.0688],
        [0.0665, 0.0795, 0.0463, 0.0774, 0.0873, 0.0721, 0.0938, 0.0735, 0.3470,
         0.0565],
        [0.1534, 0.3009, 0.0683, 0.0650, 0.0616, 0.0697, 0.0742, 0.0804, 0.0446,
         0.0818],
        [0.3015, 0.0654, 0.0712, 0.0613, 0.0729, 0.0735, 0.0787, 0.0552, 0.1699,
         0.0505],
        [0.0592, 0.0548, 0.0510, 0.0766, 0.0689, 0.0718, 0.3863, 0.0835, 0.0668,
         0.0811],
        [0.5422, 0.0336, 0.0636, 0.0447, 0.0632, 0.0555, 0.0544, 0.0380, 0.0616,
         0.0432],
        [0.1167, 0.0780, 0.1421, 0.0929, 0.0651, 0.1587, 0.0774, 0.1075, 0.0792,
         0.0825],
        [0.0807, 0.1048, 0.0518, 0.0770, 0.0722, 0.0629, 0.0838, 0.0668, 0.3396,
         0.0606],
        [0.0724, 0.0757, 0.1000, 0.2050, 0.0874, 0.0873, 0.1390, 0.0994, 0.0483,
         0.0856],
        [0.0862, 0.1088, 0.0667, 0.1212, 0.0960, 0.0972, 0.0705, 0.1004, 0.0548,
         0.1982],
        [0.2724, 0.0456, 0.1157, 0.0649, 0.2105, 0.0526, 0.0518, 0.0708, 0.0629,
         0.0530],
        [0.0982, 0.0660, 0.0697, 0.0572, 0.0779, 0.0885, 0.0833, 0.2939, 0.0849,
         0.0805],
        [0.0926, 0.0652, 0.2151, 0.1007, 0.0747, 0.0894, 0.1596, 0.0649, 0.0627,
         0.0750],
        [0.1100, 0.0623, 0.0817, 0.0567, 0.1251, 0.0712, 0.0741, 0.2642, 0.0772,
         0.0775],
        [0.3878, 0.0450, 0.1381, 0.1075, 0.0484, 0.0614, 0.0496, 0.0460, 0.0624,
         0.0538],
        [0.0864, 0.0857, 0.0868, 0.1104, 0.1254, 0.1075, 0.1697, 0.0936, 0.0686,
         0.0658],
        [0.1312, 0.0945, 0.0766, 0.0702, 0.2579, 0.0669, 0.0886, 0.0710, 0.0721,
         0.0709],
        [0.0630, 0.0743, 0.0723, 0.0961, 0.2738, 0.0829, 0.1032, 0.1101, 0.0541,
         0.0701],
        [0.0678, 0.0903, 0.0608, 0.0812, 0.0843, 0.0784, 0.0614, 0.0663, 0.0587,
         0.3507],
        [0.0987, 0.0634, 0.0508, 0.0705, 0.0688, 0.0674, 0.0951, 0.0658, 0.3666,
         0.0528],
        [0.0721, 0.0866, 0.0842, 0.1486, 0.0768, 0.1764, 0.0791, 0.1060, 0.0604,
         0.1098],
        [0.1032, 0.0648, 0.0553, 0.1177, 0.0705, 0.2836, 0.0632, 0.0744, 0.0830,
         0.0844],
        [0.0734, 0.3600, 0.0667, 0.0672, 0.0592, 0.0814, 0.0694, 0.0842, 0.0613,
         0.0771],
        [0.0816, 0.0668, 0.0556, 0.0531, 0.1116, 0.0863, 0.0795, 0.3085, 0.0772,
         0.0798],
        [0.0718, 0.0859, 0.0807, 0.1128, 0.1395, 0.0716, 0.0703, 0.1761, 0.0683,
         0.1230],
        [0.0588, 0.0736, 0.0532, 0.2162, 0.0937, 0.0555, 0.2453, 0.0661, 0.0580,
         0.0797],
        [0.0774, 0.0758, 0.0582, 0.2620, 0.0733, 0.1487, 0.0715, 0.0833, 0.0757,
         0.0743],
        [0.0549, 0.0722, 0.0550, 0.0858, 0.0693, 0.0752, 0.3860, 0.0783, 0.0591,
         0.0641],
        [0.0731, 0.0993, 0.0507, 0.0735, 0.0743, 0.0665, 0.0918, 0.0763, 0.3248,
         0.0698],
        [0.0794, 0.0568, 0.0521, 0.3267, 0.0774, 0.1346, 0.0629, 0.0614, 0.0477,
         0.1009],
        [0.0620, 0.2002, 0.0844, 0.0622, 0.0517, 0.0761, 0.2558, 0.0746, 0.0518,
         0.0811],
        [0.3683, 0.0484, 0.0746, 0.0814, 0.0816, 0.0688, 0.0716, 0.0672, 0.0868,
         0.0513],
        [0.0362, 0.0462, 0.0247, 0.0383, 0.6393, 0.0229, 0.0523, 0.0551, 0.0302,
         0.0549],
        [0.2809, 0.0611, 0.1104, 0.0675, 0.1313, 0.0550, 0.0550, 0.0893, 0.0851,
         0.0644],
        [0.0788, 0.0815, 0.0543, 0.0651, 0.0814, 0.0785, 0.0613, 0.0810, 0.0766,
         0.3414],
        [0.0723, 0.0638, 0.0655, 0.1272, 0.0833, 0.3129, 0.0743, 0.0717, 0.0600,
         0.0689],
        [0.0854, 0.0588, 0.0724, 0.2042, 0.0943, 0.2027, 0.0694, 0.0765, 0.0586,
         0.0776],
        [0.0813, 0.0675, 0.0822, 0.1514, 0.0744, 0.2210, 0.0635, 0.1027, 0.0604,
         0.0956],
        [0.0652, 0.1310, 0.0703, 0.0767, 0.0901, 0.0822, 0.1087, 0.0807, 0.2337,
         0.0615],
        [0.0851, 0.0681, 0.0985, 0.1105, 0.1350, 0.1485, 0.0874, 0.1333, 0.0645,
         0.0690]], device='cuda:0', grad_fn=<SoftmaxBackward>)
>> best accuracy: 67.74	best epoch: 15

>> final recovery rate: 39.88888888888889%
>> val epoch: 20
>> current accuracy: 68.56%
outputs: tensor([[0.0725, 0.0726, 0.0762, 0.0713, 0.0898, 0.0700, 0.0874, 0.0638, 0.3166,
         0.0798],
        [0.0556, 0.0968, 0.0857, 0.0909, 0.2620, 0.0655, 0.1566, 0.0747, 0.0614,
         0.0508],
        [0.0705, 0.0655, 0.0788, 0.1735, 0.1141, 0.2322, 0.0733, 0.0553, 0.0724,
         0.0644],
        [0.0615, 0.0618, 0.1337, 0.0620, 0.4237, 0.0550, 0.0559, 0.0418, 0.0531,
         0.0516],
        [0.1261, 0.1212, 0.0703, 0.0849, 0.0662, 0.0634, 0.0590, 0.0667, 0.0716,
         0.2706],
        [0.0785, 0.0960, 0.0961, 0.1947, 0.1021, 0.1218, 0.0962, 0.0954, 0.0589,
         0.0603],
        [0.1625, 0.1641, 0.0695, 0.0804, 0.0918, 0.0798, 0.0856, 0.0677, 0.0712,
         0.1274],
        [0.0554, 0.0656, 0.0451, 0.0504, 0.0788, 0.0610, 0.4521, 0.0595, 0.0741,
         0.0579],
        [0.0806, 0.0650, 0.0790, 0.1867, 0.1192, 0.1812, 0.0730, 0.0625, 0.0705,
         0.0822],
        [0.0626, 0.0678, 0.2802, 0.0453, 0.0577, 0.0511, 0.1827, 0.0663, 0.1129,
         0.0734],
        [0.0525, 0.0731, 0.0596, 0.0575, 0.0679, 0.0527, 0.0535, 0.0747, 0.0676,
         0.4407],
        [0.0489, 0.0612, 0.0448, 0.0412, 0.5443, 0.0315, 0.0635, 0.0497, 0.0600,
         0.0550],
        [0.2225, 0.0713, 0.0681, 0.0985, 0.1105, 0.0542, 0.0794, 0.0575, 0.1695,
         0.0685],
        [0.0628, 0.0572, 0.0644, 0.0666, 0.0684, 0.0600, 0.0527, 0.0608, 0.0605,
         0.4467],
        [0.0875, 0.0796, 0.0764, 0.2692, 0.1274, 0.0995, 0.0836, 0.0576, 0.0630,
         0.0563],
        [0.0635, 0.0552, 0.0655, 0.0739, 0.0909, 0.0657, 0.0652, 0.0927, 0.0772,
         0.3503],
        [0.0731, 0.0719, 0.0691, 0.1227, 0.1061, 0.2380, 0.0588, 0.1324, 0.0700,
         0.0580],
        [0.0832, 0.0681, 0.0896, 0.0680, 0.1099, 0.2710, 0.0672, 0.0738, 0.1049,
         0.0644],
        [0.0590, 0.0578, 0.0569, 0.0647, 0.0750, 0.0567, 0.0539, 0.0687, 0.0692,
         0.4381],
        [0.0724, 0.0758, 0.1021, 0.0894, 0.0744, 0.1600, 0.2171, 0.0629, 0.0765,
         0.0694],
        [0.1091, 0.1110, 0.0683, 0.1439, 0.1191, 0.0516, 0.0828, 0.0753, 0.1351,
         0.1038],
        [0.0631, 0.0673, 0.0605, 0.0627, 0.1123, 0.0715, 0.0915, 0.0614, 0.3384,
         0.0713],
        [0.0587, 0.0668, 0.4484, 0.0484, 0.0572, 0.0460, 0.0703, 0.0708, 0.0651,
         0.0682],
        [0.0370, 0.3343, 0.0548, 0.0520, 0.0486, 0.0560, 0.0385, 0.0527, 0.0867,
         0.2394],
        [0.0561, 0.0814, 0.0589, 0.0709, 0.0709, 0.0909, 0.0531, 0.0798, 0.0656,
         0.3724],
        [0.1702, 0.0642, 0.1314, 0.0912, 0.1013, 0.0605, 0.1163, 0.0647, 0.1365,
         0.0636],
        [0.0562, 0.0705, 0.0818, 0.0813, 0.3420, 0.0726, 0.0520, 0.1269, 0.0576,
         0.0592],
        [0.0551, 0.0823, 0.0654, 0.0587, 0.0872, 0.0662, 0.0678, 0.0556, 0.3773,
         0.0844],
        [0.0801, 0.0895, 0.2658, 0.0871, 0.0843, 0.0612, 0.1078, 0.0956, 0.0684,
         0.0601],
        [0.0623, 0.0739, 0.1233, 0.0730, 0.0966, 0.0889, 0.0542, 0.0499, 0.3267,
         0.0512],
        [0.0770, 0.0821, 0.0643, 0.0580, 0.0630, 0.1068, 0.0709, 0.3439, 0.0725,
         0.0615],
        [0.0818, 0.1416, 0.0556, 0.0951, 0.0885, 0.1221, 0.0654, 0.1291, 0.0819,
         0.1390],
        [0.0796, 0.0727, 0.1518, 0.1201, 0.1613, 0.0670, 0.0909, 0.0965, 0.0930,
         0.0671],
        [0.0682, 0.0679, 0.1051, 0.0683, 0.0882, 0.1385, 0.0539, 0.0486, 0.2099,
         0.1514],
        [0.0671, 0.1468, 0.0665, 0.1122, 0.0915, 0.1102, 0.2069, 0.0622, 0.0743,
         0.0622],
        [0.0830, 0.0701, 0.0573, 0.0418, 0.0557, 0.0561, 0.0658, 0.4421, 0.0729,
         0.0551],
        [0.0841, 0.0891, 0.0770, 0.0551, 0.0724, 0.1167, 0.0786, 0.2659, 0.0926,
         0.0686],
        [0.1950, 0.0664, 0.0852, 0.0781, 0.1313, 0.0621, 0.0780, 0.0853, 0.1016,
         0.1169],
        [0.0659, 0.0839, 0.0859, 0.0942, 0.1144, 0.0529, 0.3169, 0.0629, 0.0777,
         0.0452],
        [0.1045, 0.1952, 0.0697, 0.0490, 0.0821, 0.0616, 0.0859, 0.1197, 0.0787,
         0.1536],
        [0.0866, 0.0654, 0.0637, 0.0624, 0.0800, 0.0676, 0.0736, 0.0548, 0.3588,
         0.0869],
        [0.0584, 0.1563, 0.0613, 0.0682, 0.0681, 0.0782, 0.0600, 0.0797, 0.0660,
         0.3038],
        [0.0832, 0.0825, 0.0611, 0.0494, 0.0641, 0.0715, 0.0730, 0.3306, 0.0990,
         0.0855],
        [0.0600, 0.0826, 0.0644, 0.0614, 0.0660, 0.0640, 0.0573, 0.0691, 0.0657,
         0.4096],
        [0.0514, 0.0691, 0.0614, 0.0604, 0.0871, 0.0573, 0.4303, 0.0584, 0.0754,
         0.0491],
        [0.1560, 0.0723, 0.2162, 0.1027, 0.0655, 0.0613, 0.0692, 0.1149, 0.0732,
         0.0685],
        [0.0543, 0.0836, 0.2039, 0.0724, 0.1605, 0.1323, 0.0686, 0.1036, 0.0606,
         0.0603],
        [0.0555, 0.0770, 0.2844, 0.0750, 0.0783, 0.0527, 0.1287, 0.1196, 0.0698,
         0.0589],
        [0.0909, 0.0741, 0.0675, 0.0496, 0.0601, 0.0676, 0.0835, 0.3445, 0.0892,
         0.0730],
        [0.0917, 0.0724, 0.0998, 0.1985, 0.0943, 0.1587, 0.0748, 0.0673, 0.0655,
         0.0770],
        [0.0901, 0.0748, 0.1210, 0.0871, 0.0936, 0.2058, 0.0769, 0.0890, 0.0852,
         0.0765],
        [0.1329, 0.0792, 0.1597, 0.0738, 0.1382, 0.0668, 0.0567, 0.1492, 0.0739,
         0.0695],
        [0.0764, 0.0781, 0.0742, 0.0523, 0.0808, 0.0547, 0.0541, 0.0744, 0.0812,
         0.3738],
        [0.0922, 0.0836, 0.2199, 0.0905, 0.0894, 0.0673, 0.1213, 0.0847, 0.0871,
         0.0639],
        [0.0662, 0.0936, 0.0875, 0.2013, 0.0966, 0.1234, 0.1299, 0.0706, 0.0651,
         0.0658],
        [0.0627, 0.0739, 0.0731, 0.2330, 0.0825, 0.1308, 0.0721, 0.0826, 0.0696,
         0.1196],
        [0.4078, 0.0576, 0.0574, 0.0544, 0.0794, 0.0520, 0.1112, 0.0606, 0.0538,
         0.0659],
        [0.0494, 0.0629, 0.0683, 0.0588, 0.0713, 0.0487, 0.4573, 0.0717, 0.0648,
         0.0468],
        [0.0837, 0.0803, 0.1375, 0.1570, 0.1054, 0.1087, 0.0522, 0.0962, 0.0666,
         0.1124],
        [0.0706, 0.0843, 0.0876, 0.0544, 0.0901, 0.0663, 0.0862, 0.3035, 0.0917,
         0.0651],
        [0.0394, 0.0566, 0.0696, 0.0432, 0.5895, 0.0333, 0.0482, 0.0342, 0.0474,
         0.0387],
        [0.1502, 0.1178, 0.0805, 0.1914, 0.0794, 0.1157, 0.0657, 0.0727, 0.0608,
         0.0658],
        [0.2291, 0.1206, 0.0805, 0.0961, 0.0810, 0.0648, 0.0719, 0.0655, 0.1045,
         0.0859],
        [0.0416, 0.0553, 0.5552, 0.0338, 0.0457, 0.0346, 0.0727, 0.0393, 0.0660,
         0.0558],
        [0.0648, 0.1090, 0.0675, 0.0597, 0.0782, 0.0706, 0.0706, 0.0527, 0.3620,
         0.0648],
        [0.0717, 0.0671, 0.1655, 0.0472, 0.0893, 0.2786, 0.0750, 0.0511, 0.1000,
         0.0547],
        [0.0496, 0.0697, 0.0539, 0.0550, 0.0859, 0.0540, 0.4532, 0.0646, 0.0634,
         0.0506],
        [0.0718, 0.0740, 0.0892, 0.2091, 0.1036, 0.1563, 0.0874, 0.0674, 0.0704,
         0.0709],
        [0.0625, 0.0949, 0.0727, 0.1792, 0.2657, 0.0779, 0.0637, 0.0543, 0.0677,
         0.0614],
        [0.0588, 0.0728, 0.0861, 0.1817, 0.2308, 0.0970, 0.0860, 0.0532, 0.0818,
         0.0517],
        [0.0606, 0.0646, 0.0627, 0.0420, 0.0960, 0.0489, 0.4350, 0.0677, 0.0730,
         0.0495],
        [0.1050, 0.2714, 0.0626, 0.0714, 0.1094, 0.0639, 0.0986, 0.0726, 0.0829,
         0.0624]], device='cuda:0', grad_fn=<SoftmaxBackward>)
>> best accuracy: 68.56	best epoch: 20

>> final recovery rate: 39.88888888888889%
>> val epoch: 25
>> current accuracy: 72.76%
outputs: tensor([[0.3604, 0.0437, 0.0660, 0.0693, 0.0746, 0.0720, 0.0604, 0.0983, 0.0619,
         0.0932],
        [0.1057, 0.0929, 0.0750, 0.0968, 0.1003, 0.0985, 0.1128, 0.1442, 0.0427,
         0.1311],
        [0.0786, 0.3560, 0.0557, 0.0779, 0.0782, 0.0587, 0.0768, 0.0955, 0.0707,
         0.0518],
        [0.1478, 0.2237, 0.0538, 0.0830, 0.1218, 0.0707, 0.0590, 0.0920, 0.0690,
         0.0791],
        [0.0942, 0.0601, 0.0562, 0.1304, 0.1709, 0.2088, 0.0766, 0.0727, 0.0635,
         0.0667],
        [0.0795, 0.0701, 0.0607, 0.1072, 0.0775, 0.3607, 0.0745, 0.0483, 0.0547,
         0.0668],
        [0.0841, 0.0599, 0.0657, 0.2505, 0.0743, 0.1660, 0.0963, 0.0645, 0.0683,
         0.0704],
        [0.0647, 0.4617, 0.0536, 0.0654, 0.0538, 0.0499, 0.0672, 0.0795, 0.0525,
         0.0517],
        [0.0865, 0.0609, 0.0577, 0.0765, 0.0743, 0.0712, 0.0672, 0.1064, 0.0538,
         0.3456],
        [0.0792, 0.0650, 0.0547, 0.0701, 0.0602, 0.1482, 0.0727, 0.3246, 0.0580,
         0.0672],
        [0.0689, 0.0468, 0.4912, 0.0354, 0.0475, 0.0572, 0.0482, 0.0581, 0.0570,
         0.0896],
        [0.0714, 0.3860, 0.0512, 0.0767, 0.0638, 0.0550, 0.0612, 0.0847, 0.0884,
         0.0616],
        [0.5760, 0.0256, 0.0424, 0.0672, 0.0554, 0.0510, 0.0364, 0.0457, 0.0449,
         0.0553],
        [0.0649, 0.0560, 0.0613, 0.1084, 0.2278, 0.1756, 0.0461, 0.1603, 0.0535,
         0.0460],
        [0.0986, 0.3958, 0.0547, 0.0744, 0.0594, 0.0522, 0.0749, 0.0883, 0.0544,
         0.0472],
        [0.1162, 0.0713, 0.1019, 0.0885, 0.0888, 0.0738, 0.1403, 0.0820, 0.1879,
         0.0495],
        [0.0738, 0.0580, 0.1796, 0.1167, 0.1380, 0.1711, 0.0623, 0.0939, 0.0411,
         0.0656],
        [0.0793, 0.0608, 0.1188, 0.0867, 0.0853, 0.1922, 0.1656, 0.0884, 0.0468,
         0.0762],
        [0.0764, 0.0575, 0.1562, 0.0566, 0.0678, 0.0694, 0.0637, 0.0749, 0.0490,
         0.3285],
        [0.0846, 0.0682, 0.0521, 0.0673, 0.0723, 0.0878, 0.0653, 0.0980, 0.0572,
         0.3472],
        [0.0725, 0.0712, 0.0486, 0.0473, 0.0512, 0.2353, 0.0517, 0.2994, 0.0651,
         0.0577],
