noise type: uniform
noise level: 0.6
when_to_apply_epoch: 20
total clean data num: 17915
probability transition matrix:
[[0.4        0.06666667 0.06666667 0.06666667 0.06666667 0.06666667
  0.06666667 0.06666667 0.06666667 0.06666667]
 [0.06666667 0.4        0.06666667 0.06666667 0.06666667 0.06666667
  0.06666667 0.06666667 0.06666667 0.06666667]
 [0.06666667 0.06666667 0.4        0.06666667 0.06666667 0.06666667
  0.06666667 0.06666667 0.06666667 0.06666667]
 [0.06666667 0.06666667 0.06666667 0.4        0.06666667 0.06666667
  0.06666667 0.06666667 0.06666667 0.06666667]
 [0.06666667 0.06666667 0.06666667 0.06666667 0.4        0.06666667
  0.06666667 0.06666667 0.06666667 0.06666667]
 [0.06666667 0.06666667 0.06666667 0.06666667 0.06666667 0.4
  0.06666667 0.06666667 0.06666667 0.06666667]
 [0.06666667 0.06666667 0.06666667 0.06666667 0.06666667 0.06666667
  0.4        0.06666667 0.06666667 0.06666667]
 [0.06666667 0.06666667 0.06666667 0.06666667 0.06666667 0.06666667
  0.06666667 0.4        0.06666667 0.06666667]
 [0.06666667 0.06666667 0.06666667 0.06666667 0.06666667 0.06666667
  0.06666667 0.06666667 0.4        0.06666667]
 [0.06666667 0.06666667 0.06666667 0.06666667 0.06666667 0.06666667
  0.06666667 0.06666667 0.06666667 0.4       ]]
>> val epoch: 0
>> current accuracy: 33.36%
outputs: tensor([[0.0662, 0.0819, 0.1535, 0.0589, 0.1315, 0.0971, 0.1280, 0.1423, 0.0552,
         0.0853],
        [0.1616, 0.1924, 0.0634, 0.0586, 0.0596, 0.0537, 0.0711, 0.0860, 0.1348,
         0.1188],
        [0.1707, 0.1352, 0.0874, 0.0701, 0.0745, 0.0780, 0.0652, 0.1190, 0.1055,
         0.0945],
        [0.0868, 0.0984, 0.1051, 0.0768, 0.1185, 0.0872, 0.1333, 0.1306, 0.0711,
         0.0923],
        [0.1085, 0.1075, 0.0913, 0.0986, 0.0783, 0.1017, 0.0701, 0.1453, 0.0883,
         0.1104],
        [0.0893, 0.0907, 0.1079, 0.1131, 0.0827, 0.1261, 0.0616, 0.1586, 0.0749,
         0.0951],
        [0.0675, 0.0786, 0.1383, 0.0825, 0.1504, 0.1046, 0.1078, 0.1073, 0.0795,
         0.0834],
        [0.0603, 0.0481, 0.1260, 0.1594, 0.1046, 0.2175, 0.0567, 0.1298, 0.0413,
         0.0563],
        [0.0938, 0.0659, 0.1018, 0.1539, 0.0937, 0.1669, 0.0613, 0.1286, 0.0618,
         0.0723],
        [0.0735, 0.0894, 0.1080, 0.0506, 0.1256, 0.0842, 0.0701, 0.2672, 0.0564,
         0.0750],
        [0.1181, 0.1080, 0.0953, 0.0997, 0.1196, 0.0891, 0.0601, 0.1277, 0.1050,
         0.0774],
        [0.1484, 0.2028, 0.0598, 0.0561, 0.0550, 0.0618, 0.0752, 0.0726, 0.1306,
         0.1376],
        [0.1264, 0.0756, 0.1450, 0.1254, 0.1147, 0.1008, 0.0550, 0.1213, 0.0738,
         0.0620],
        [0.0731, 0.1182, 0.0970, 0.0552, 0.0855, 0.0774, 0.1915, 0.1105, 0.0686,
         0.1230],
        [0.0646, 0.0815, 0.0988, 0.0597, 0.1138, 0.1097, 0.0791, 0.2841, 0.0385,
         0.0702],
        [0.0832, 0.1656, 0.0856, 0.0527, 0.0714, 0.0700, 0.1387, 0.1058, 0.1076,
         0.1193],
        [0.0823, 0.0833, 0.1579, 0.1067, 0.1468, 0.0929, 0.0613, 0.1091, 0.0918,
         0.0678],
        [0.0681, 0.0845, 0.0945, 0.0576, 0.1177, 0.0890, 0.1966, 0.1321, 0.0616,
         0.0982],
        [0.0674, 0.0825, 0.1153, 0.0550, 0.1204, 0.0963, 0.1286, 0.1792, 0.0734,
         0.0818],
        [0.0726, 0.0984, 0.1082, 0.0646, 0.1206, 0.0946, 0.1414, 0.1295, 0.0672,
         0.1029],
        [0.1307, 0.2748, 0.0608, 0.0457, 0.0414, 0.0459, 0.0633, 0.0775, 0.0921,
         0.1680],
        [0.0823, 0.1337, 0.1135, 0.0883, 0.0934, 0.1036, 0.0792, 0.1174, 0.0903,
         0.0984],
        [0.1202, 0.1649, 0.0911, 0.0573, 0.0762, 0.0642, 0.0786, 0.1236, 0.0811,
         0.1427],
        [0.1650, 0.0946, 0.1035, 0.1127, 0.1139, 0.0791, 0.0471, 0.1093, 0.1013,
         0.0734],
        [0.1631, 0.1099, 0.1154, 0.0918, 0.0989, 0.0791, 0.0512, 0.1086, 0.1088,
         0.0733],
        [0.0853, 0.1196, 0.0719, 0.0685, 0.0733, 0.0850, 0.1036, 0.1851, 0.0782,
         0.1294],
        [0.1388, 0.0887, 0.1041, 0.1083, 0.1067, 0.1173, 0.0596, 0.1065, 0.0919,
         0.0781],
        [0.0619, 0.0681, 0.1212, 0.1186, 0.1127, 0.1845, 0.0675, 0.1427, 0.0558,
         0.0670],
        [0.1481, 0.1250, 0.0770, 0.0876, 0.0824, 0.0655, 0.0481, 0.1066, 0.1794,
         0.0803],
        [0.1181, 0.1528, 0.0686, 0.0715, 0.0532, 0.0699, 0.0603, 0.0800, 0.2282,
         0.0973],
        [0.1160, 0.2788, 0.0668, 0.0513, 0.0489, 0.0543, 0.0739, 0.0853, 0.0865,
         0.1382],
        [0.0685, 0.0787, 0.1340, 0.0996, 0.1080, 0.1298, 0.1107, 0.1309, 0.0624,
         0.0774],
        [0.0762, 0.0864, 0.1036, 0.1110, 0.0967, 0.1528, 0.0742, 0.1435, 0.0579,
         0.0977],
        [0.0728, 0.0776, 0.0884, 0.1037, 0.0990, 0.1269, 0.1256, 0.1526, 0.0600,
         0.0934],
        [0.1523, 0.1780, 0.0723, 0.0741, 0.0496, 0.0789, 0.0718, 0.1246, 0.0897,
         0.1088],
        [0.0712, 0.0763, 0.0988, 0.1399, 0.1038, 0.1736, 0.0569, 0.1254, 0.0748,
         0.0791],
        [0.1114, 0.1767, 0.0903, 0.0654, 0.0634, 0.0944, 0.0876, 0.1108, 0.0776,
         0.1224],
        [0.1268, 0.1419, 0.0838, 0.0777, 0.0910, 0.0742, 0.0569, 0.1143, 0.1434,
         0.0899],
        [0.0892, 0.1398, 0.0719, 0.0614, 0.0680, 0.0843, 0.0766, 0.2225, 0.0513,
         0.1351],
        [0.0866, 0.1657, 0.0940, 0.0626, 0.0725, 0.0765, 0.1197, 0.0835, 0.1319,
         0.1070],
        [0.1274, 0.1216, 0.0868, 0.0880, 0.0946, 0.0801, 0.0558, 0.1160, 0.1495,
         0.0802],
        [0.1064, 0.1263, 0.0841, 0.0747, 0.0728, 0.0839, 0.0908, 0.1636, 0.0747,
         0.1227],
        [0.0979, 0.2225, 0.0695, 0.0502, 0.0556, 0.0652, 0.1001, 0.0917, 0.0824,
         0.1649],
        [0.1851, 0.1082, 0.0875, 0.0832, 0.1246, 0.0599, 0.0547, 0.0758, 0.1623,
         0.0588],
        [0.1381, 0.1812, 0.0640, 0.0689, 0.0820, 0.0564, 0.0560, 0.0907, 0.1628,
         0.0998],
        [0.1921, 0.1069, 0.0556, 0.0825, 0.1106, 0.0494, 0.0396, 0.0748, 0.2424,
         0.0460],
        [0.1269, 0.1327, 0.0756, 0.0578, 0.0654, 0.0680, 0.0917, 0.1457, 0.0899,
         0.1463],
        [0.0968, 0.1373, 0.0823, 0.0718, 0.0582, 0.0795, 0.1124, 0.1227, 0.0930,
         0.1460],
        [0.0572, 0.0506, 0.1213, 0.1510, 0.1029, 0.2233, 0.0730, 0.1208, 0.0393,
         0.0606],
        [0.0823, 0.0680, 0.0732, 0.1185, 0.0631, 0.1298, 0.0732, 0.2518, 0.0512,
         0.0889],
        [0.1017, 0.0829, 0.1244, 0.1202, 0.1126, 0.1205, 0.0648, 0.1275, 0.0669,
         0.0784],
        [0.1379, 0.1616, 0.0555, 0.0619, 0.0540, 0.0597, 0.0654, 0.0602, 0.2547,
         0.0891],
        [0.0639, 0.0887, 0.1665, 0.1060, 0.1436, 0.0966, 0.0873, 0.0805, 0.0882,
         0.0787],
        [0.1050, 0.1097, 0.1231, 0.0795, 0.0810, 0.0926, 0.0717, 0.1500, 0.0705,
         0.1170],
        [0.0725, 0.0876, 0.1359, 0.0681, 0.1242, 0.1170, 0.1213, 0.1226, 0.0635,
         0.0874],
        [0.0594, 0.0633, 0.1109, 0.1054, 0.1083, 0.1875, 0.1061, 0.1348, 0.0474,
         0.0770],
        [0.0662, 0.0870, 0.1185, 0.0612, 0.1238, 0.1041, 0.0919, 0.2099, 0.0599,
         0.0774],
        [0.1101, 0.1779, 0.0798, 0.0653, 0.0608, 0.0754, 0.0845, 0.1165, 0.0787,
         0.1509],
        [0.1346, 0.1230, 0.1061, 0.0834, 0.0936, 0.0794, 0.0528, 0.0971, 0.1411,
         0.0891],
        [0.1001, 0.0595, 0.1251, 0.1459, 0.0975, 0.1565, 0.0552, 0.1452, 0.0518,
         0.0633],
        [0.0635, 0.0739, 0.1141, 0.0999, 0.1144, 0.1346, 0.0895, 0.1720, 0.0520,
         0.0862],
        [0.1009, 0.0770, 0.1176, 0.1311, 0.0851, 0.1242, 0.0684, 0.1541, 0.0555,
         0.0861],
        [0.0732, 0.0576, 0.0860, 0.1317, 0.0909, 0.1456, 0.0886, 0.2130, 0.0436,
         0.0697],
        [0.0633, 0.0797, 0.1128, 0.0697, 0.1309, 0.0934, 0.0936, 0.2269, 0.0582,
         0.0715],
        [0.0979, 0.0961, 0.1078, 0.1174, 0.0844, 0.1313, 0.0656, 0.1453, 0.0563,
         0.0979],
        [0.1276, 0.1222, 0.0808, 0.0660, 0.0687, 0.0764, 0.1121, 0.0955, 0.1356,
         0.1151],
        [0.0625, 0.0876, 0.1276, 0.0869, 0.1162, 0.1116, 0.1437, 0.0989, 0.0658,
         0.0991],
        [0.0662, 0.0832, 0.1728, 0.0860, 0.1817, 0.0971, 0.0711, 0.0919, 0.0793,
         0.0708],
        [0.0613, 0.0874, 0.1482, 0.0435, 0.1575, 0.0973, 0.0987, 0.1691, 0.0590,
         0.0781],
        [0.0754, 0.1159, 0.1319, 0.0341, 0.1475, 0.0693, 0.0873, 0.1950, 0.0535,
         0.0902],
        [0.1388, 0.1085, 0.0996, 0.0838, 0.1038, 0.0902, 0.0666, 0.1464, 0.0850,
         0.0773],
        [0.1321, 0.2212, 0.0803, 0.0551, 0.0582, 0.0614, 0.0822, 0.0996, 0.0843,
         0.1255]], device='cuda:0', grad_fn=<SoftmaxBackward>)
>> best accuracy: 33.36	best epoch: 0

>> final recovery rate: 39.81111111111112%
>> val epoch: 5
>> current accuracy: 53.779999999999994%
outputs: tensor([[0.0792, 0.3725, 0.0441, 0.0637, 0.0701, 0.0766, 0.0589, 0.0890, 0.0647,
         0.0813],
        [0.0945, 0.0974, 0.0705, 0.0437, 0.1130, 0.0646, 0.0630, 0.1204, 0.0665,
         0.2663],
        [0.0641, 0.0457, 0.0994, 0.0850, 0.1150, 0.1344, 0.0651, 0.2352, 0.0897,
         0.0664],
        [0.0913, 0.0437, 0.1822, 0.1350, 0.0693, 0.1146, 0.0882, 0.1140, 0.0957,
         0.0659],
        [0.0651, 0.0509, 0.0846, 0.1329, 0.0714, 0.2821, 0.0618, 0.1066, 0.0727,
         0.0719],
        [0.0618, 0.0556, 0.1215, 0.1091, 0.1274, 0.0825, 0.1438, 0.1100, 0.1169,
         0.0713],
        [0.1079, 0.2871, 0.0468, 0.0556, 0.0846, 0.0757, 0.0560, 0.0950, 0.0667,
         0.1247],
        [0.1067, 0.0570, 0.1390, 0.1022, 0.0550, 0.1598, 0.0767, 0.1481, 0.0880,
         0.0674],
        [0.0671, 0.0461, 0.0969, 0.1110, 0.1126, 0.2023, 0.0713, 0.1340, 0.0800,
         0.0788],
        [0.1365, 0.0631, 0.0800, 0.0554, 0.0902, 0.0624, 0.0684, 0.0655, 0.1341,
         0.2445],
        [0.0754, 0.3568, 0.0437, 0.0553, 0.0698, 0.0744, 0.0534, 0.1112, 0.0604,
         0.0996],
        [0.0804, 0.0550, 0.1155, 0.1379, 0.1108, 0.1638, 0.0883, 0.0952, 0.0811,
         0.0721],
        [0.0507, 0.0292, 0.3013, 0.0674, 0.1890, 0.0862, 0.0494, 0.0861, 0.0652,
         0.0755],
        [0.2078, 0.0921, 0.1017, 0.0686, 0.0613, 0.0870, 0.1263, 0.0982, 0.0848,
         0.0722],
        [0.0535, 0.0392, 0.1350, 0.0538, 0.3144, 0.0525, 0.0656, 0.1373, 0.0879,
         0.0609],
        [0.0665, 0.0700, 0.0752, 0.0656, 0.1231, 0.0568, 0.1018, 0.1084, 0.2679,
         0.0646],
        [0.2219, 0.0873, 0.0779, 0.0604, 0.0741, 0.0766, 0.0657, 0.0680, 0.1420,
         0.1260],
        [0.0603, 0.0547, 0.0754, 0.0492, 0.1062, 0.0610, 0.0600, 0.3265, 0.0710,
         0.1357],
        [0.1126, 0.0463, 0.1333, 0.0713, 0.0826, 0.0832, 0.0727, 0.0717, 0.2529,
         0.0733],
        [0.1463, 0.0541, 0.0780, 0.0585, 0.0697, 0.0775, 0.0668, 0.0696, 0.3122,
         0.0672],
        [0.3112, 0.0648, 0.0729, 0.0476, 0.0650, 0.0656, 0.0694, 0.0624, 0.1522,
         0.0889],
        [0.1355, 0.1428, 0.0856, 0.0536, 0.0815, 0.0740, 0.0653, 0.0991, 0.0847,
         0.1780],
        [0.1193, 0.2545, 0.0631, 0.0654, 0.0856, 0.0794, 0.0692, 0.0933, 0.0726,
         0.0975],
        [0.0669, 0.0601, 0.1081, 0.0541, 0.2528, 0.0605, 0.1301, 0.0955, 0.0950,
         0.0769],
        [0.0703, 0.0503, 0.0991, 0.0713, 0.1508, 0.1063, 0.0744, 0.1936, 0.0815,
         0.1025],
        [0.2064, 0.1493, 0.0599, 0.0577, 0.0691, 0.0763, 0.0720, 0.0830, 0.1373,
         0.0891],
        [0.0788, 0.0490, 0.0935, 0.0631, 0.1215, 0.0524, 0.2691, 0.0905, 0.0731,
         0.1089],
        [0.1154, 0.0534, 0.1042, 0.0671, 0.0860, 0.0667, 0.0763, 0.1814, 0.0787,
         0.1707],
        [0.0664, 0.0584, 0.0779, 0.1356, 0.1149, 0.1471, 0.1416, 0.0936, 0.0753,
         0.0891],
        [0.2752, 0.0604, 0.0814, 0.0569, 0.0591, 0.0734, 0.0740, 0.0658, 0.1827,
         0.0711],
        [0.0803, 0.0553, 0.0908, 0.0928, 0.1144, 0.1335, 0.0903, 0.1301, 0.1054,
         0.1071],
        [0.0859, 0.0641, 0.1365, 0.1077, 0.1298, 0.1066, 0.1321, 0.0996, 0.0730,
         0.0646],
        [0.0989, 0.0552, 0.1511, 0.0822, 0.1485, 0.0830, 0.1183, 0.0907, 0.1007,
         0.0713],
        [0.0807, 0.2755, 0.0445, 0.0510, 0.0934, 0.0660, 0.0465, 0.0955, 0.0561,
         0.1907],
        [0.0625, 0.0591, 0.0841, 0.1265, 0.1210, 0.1447, 0.1159, 0.1362, 0.0822,
         0.0678],
        [0.0737, 0.1744, 0.0775, 0.0709, 0.1263, 0.0705, 0.0868, 0.1034, 0.0723,
         0.1442],
        [0.2241, 0.1592, 0.0693, 0.0538, 0.0685, 0.0747, 0.0658, 0.0676, 0.1057,
         0.1113],
        [0.0521, 0.0457, 0.0840, 0.0498, 0.3237, 0.0536, 0.0991, 0.1301, 0.0917,
         0.0701],
        [0.1233, 0.0515, 0.0907, 0.0525, 0.0950, 0.0675, 0.0749, 0.0682, 0.1251,
         0.2513],
        [0.0642, 0.0537, 0.0822, 0.1022, 0.1964, 0.1114, 0.1065, 0.1212, 0.0840,
         0.0782],
        [0.1240, 0.0865, 0.0700, 0.0631, 0.0837, 0.0729, 0.0674, 0.1090, 0.0961,
         0.2275],
        [0.3260, 0.0869, 0.0626, 0.0435, 0.0709, 0.0662, 0.0594, 0.0706, 0.1382,
         0.0757],
        [0.1468, 0.0480, 0.2058, 0.0743, 0.0770, 0.0813, 0.0730, 0.0875, 0.1120,
         0.0942],
        [0.0728, 0.0568, 0.0916, 0.1450, 0.0942, 0.2069, 0.0918, 0.0967, 0.0784,
         0.0658],
        [0.0725, 0.2106, 0.0759, 0.0748, 0.1038, 0.0881, 0.0738, 0.1025, 0.0935,
         0.1046],
        [0.1510, 0.0566, 0.0685, 0.0600, 0.0665, 0.0750, 0.0621, 0.0623, 0.3347,
         0.0633],
        [0.0985, 0.1205, 0.0632, 0.0811, 0.0811, 0.0943, 0.0736, 0.0955, 0.0811,
         0.2112],
        [0.2198, 0.1790, 0.0554, 0.0499, 0.0645, 0.0826, 0.0764, 0.0795, 0.0929,
         0.0999],
        [0.0451, 0.0509, 0.0478, 0.0355, 0.0771, 0.0525, 0.0341, 0.5496, 0.0610,
         0.0463],
        [0.0841, 0.0455, 0.2219, 0.0899, 0.0827, 0.0816, 0.0645, 0.0934, 0.0864,
         0.1501],
        [0.1540, 0.0494, 0.0916, 0.0573, 0.0841, 0.0863, 0.0621, 0.0704, 0.2738,
         0.0710],
        [0.0855, 0.0447, 0.2180, 0.1204, 0.0901, 0.1363, 0.0709, 0.0787, 0.0870,
         0.0685],
        [0.0457, 0.0479, 0.0449, 0.0353, 0.0688, 0.0521, 0.0381, 0.5601, 0.0598,
         0.0474],
        [0.1188, 0.1397, 0.1214, 0.0805, 0.0821, 0.0882, 0.0776, 0.0881, 0.0870,
         0.1165],
        [0.1142, 0.0899, 0.1136, 0.0803, 0.0972, 0.1266, 0.0746, 0.1465, 0.0838,
         0.0733],
        [0.0711, 0.0591, 0.1141, 0.1789, 0.0571, 0.1784, 0.0855, 0.1005, 0.0983,
         0.0570],
        [0.0544, 0.0487, 0.1092, 0.0595, 0.2829, 0.0664, 0.1279, 0.0946, 0.0811,
         0.0752],
        [0.1680, 0.0619, 0.1170, 0.0834, 0.0861, 0.1151, 0.0823, 0.0975, 0.0850,
         0.1038],
        [0.0658, 0.0696, 0.0741, 0.0610, 0.0805, 0.0765, 0.0598, 0.0838, 0.0683,
         0.3605],
        [0.0693, 0.0591, 0.1559, 0.1182, 0.0942, 0.0735, 0.1507, 0.0782, 0.1015,
         0.0994],
        [0.0640, 0.0496, 0.0960, 0.1005, 0.2003, 0.1748, 0.0827, 0.0806, 0.0746,
         0.0769],
        [0.0734, 0.0558, 0.1422, 0.0883, 0.1617, 0.0825, 0.1300, 0.0817, 0.1142,
         0.0703],
        [0.1318, 0.0624, 0.1552, 0.0899, 0.1005, 0.0824, 0.1106, 0.0935, 0.1062,
         0.0674],
        [0.0722, 0.0592, 0.0810, 0.0620, 0.1728, 0.0743, 0.1150, 0.1293, 0.0858,
         0.1486],
        [0.1033, 0.1322, 0.0662, 0.0499, 0.1063, 0.0745, 0.0657, 0.1406, 0.0782,
         0.1830],
        [0.0790, 0.0800, 0.0649, 0.0472, 0.0954, 0.0663, 0.0487, 0.3663, 0.0775,
         0.0748],
        [0.0979, 0.0544, 0.0945, 0.1029, 0.0963, 0.1314, 0.0814, 0.1701, 0.0886,
         0.0825],
        [0.0896, 0.0715, 0.0784, 0.0827, 0.0812, 0.0685, 0.2455, 0.0786, 0.1244,
         0.0795],
        [0.0786, 0.0506, 0.0963, 0.0978, 0.1031, 0.1377, 0.0780, 0.1976, 0.0775,
         0.0827],
        [0.1463, 0.1403, 0.0614, 0.0630, 0.0979, 0.0793, 0.0700, 0.0822, 0.1289,
         0.1307],
        [0.0801, 0.3428, 0.0504, 0.0593, 0.0864, 0.0770, 0.0600, 0.0839, 0.0694,
         0.0908],
        [0.0619, 0.0630, 0.1286, 0.1444, 0.0742, 0.1027, 0.1869, 0.0887, 0.0813,
         0.0684]], device='cuda:0', grad_fn=<SoftmaxBackward>)
>> best accuracy: 53.779999999999994	best epoch: 5

>> final recovery rate: 39.81111111111112%
>> val epoch: 10
>> current accuracy: 63.94%
outputs: tensor([[0.2041, 0.0804, 0.1137, 0.0846, 0.0734, 0.0869, 0.0855, 0.0595, 0.0801,
         0.1316],
        [0.0684, 0.0465, 0.2414, 0.1059, 0.1399, 0.0755, 0.0808, 0.0843, 0.0898,
         0.0675],
        [0.0731, 0.2474, 0.0838, 0.0836, 0.0664, 0.0966, 0.0891, 0.0637, 0.0766,
         0.1198],
        [0.0454, 0.1982, 0.1373, 0.1040, 0.0819, 0.1157, 0.0773, 0.0669, 0.0765,
         0.0968],
        [0.1407, 0.2253, 0.0862, 0.0753, 0.0582, 0.0944, 0.0707, 0.0469, 0.0856,
         0.1167],
        [0.0598, 0.0809, 0.1250, 0.0847, 0.0718, 0.1017, 0.0863, 0.0606, 0.0715,
         0.2575],
        [0.0841, 0.0921, 0.0799, 0.0806, 0.0708, 0.1070, 0.0685, 0.0609, 0.0832,
         0.2727],
        [0.1747, 0.1839, 0.0867, 0.0739, 0.0580, 0.1013, 0.0765, 0.0523, 0.0911,
         0.1017],
        [0.0688, 0.0778, 0.1025, 0.1145, 0.0914, 0.0968, 0.0788, 0.0770, 0.2292,
         0.0633],
        [0.0559, 0.0611, 0.1497, 0.0726, 0.1913, 0.0771, 0.2087, 0.0557, 0.0515,
         0.0764],
        [0.0417, 0.0375, 0.1757, 0.2588, 0.0710, 0.1334, 0.0829, 0.0787, 0.0688,
         0.0515],
        [0.0721, 0.0666, 0.0890, 0.1390, 0.0729, 0.1964, 0.0918, 0.1284, 0.0689,
         0.0748],
        [0.0784, 0.3592, 0.0721, 0.0651, 0.0537, 0.1036, 0.0677, 0.0609, 0.0689,
         0.0704],
        [0.0615, 0.0674, 0.1058, 0.1155, 0.1453, 0.1882, 0.0755, 0.1167, 0.0683,
         0.0558],
        [0.0665, 0.0595, 0.1264, 0.1071, 0.0955, 0.0720, 0.2662, 0.0627, 0.0727,
         0.0714],
        [0.0936, 0.0788, 0.0766, 0.0828, 0.0638, 0.1104, 0.0766, 0.0625, 0.2824,
         0.0725],
        [0.0490, 0.0595, 0.0683, 0.2386, 0.0779, 0.2410, 0.0821, 0.0720, 0.0533,
         0.0584],
        [0.0794, 0.0915, 0.0766, 0.0873, 0.0639, 0.1083, 0.0843, 0.0456, 0.1251,
         0.2381],
        [0.3661, 0.0609, 0.0866, 0.0705, 0.0581, 0.0829, 0.0572, 0.0543, 0.0929,
         0.0704],
        [0.0583, 0.0497, 0.2755, 0.0855, 0.1183, 0.0893, 0.1292, 0.0800, 0.0566,
         0.0576],
        [0.0578, 0.0878, 0.0851, 0.0771, 0.0740, 0.0913, 0.0839, 0.0531, 0.0636,
         0.3263],
        [0.1253, 0.1333, 0.1305, 0.0804, 0.0738, 0.0908, 0.0600, 0.0654, 0.0796,
         0.1608],
        [0.0520, 0.0764, 0.1237, 0.0613, 0.2403, 0.0949, 0.1156, 0.1102, 0.0646,
         0.0611],
        [0.0397, 0.0471, 0.0480, 0.1534, 0.0406, 0.4094, 0.0770, 0.0758, 0.0606,
         0.0484],
        [0.0522, 0.0583, 0.0781, 0.1574, 0.0698, 0.2561, 0.1244, 0.0811, 0.0631,
         0.0595],
        [0.0518, 0.0906, 0.1099, 0.0604, 0.1336, 0.0992, 0.0792, 0.2166, 0.0981,
         0.0606],
        [0.0737, 0.1735, 0.1015, 0.0820, 0.0760, 0.1343, 0.0684, 0.1017, 0.0868,
         0.1020],
        [0.0542, 0.0647, 0.0848, 0.2070, 0.0687, 0.1856, 0.1666, 0.0501, 0.0496,
         0.0688],
        [0.0804, 0.3398, 0.0743, 0.0637, 0.0603, 0.0930, 0.0691, 0.0631, 0.0661,
         0.0903],
        [0.0800, 0.0380, 0.2176, 0.1481, 0.0910, 0.1182, 0.0666, 0.1175, 0.0718,
         0.0509],
        [0.1203, 0.0888, 0.1664, 0.0874, 0.0544, 0.0818, 0.1481, 0.0683, 0.1087,
         0.0759],
        [0.1050, 0.1906, 0.0970, 0.0872, 0.0666, 0.0968, 0.0703, 0.1008, 0.0913,
         0.0944],
        [0.0558, 0.0458, 0.0687, 0.2648, 0.0440, 0.2241, 0.0988, 0.0870, 0.0525,
         0.0586],
        [0.0955, 0.0749, 0.1098, 0.1520, 0.0741, 0.1223, 0.0760, 0.0645, 0.1649,
         0.0661],
        [0.0699, 0.0715, 0.1539, 0.0640, 0.1316, 0.0758, 0.2366, 0.0622, 0.0501,
         0.0845],
        [0.0703, 0.1813, 0.0841, 0.0724, 0.0686, 0.0947, 0.0777, 0.0459, 0.0660,
         0.2391],
        [0.0565, 0.0659, 0.1341, 0.0834, 0.2424, 0.0829, 0.1620, 0.0525, 0.0497,
         0.0707],
        [0.1451, 0.0632, 0.1643, 0.1123, 0.1208, 0.1273, 0.0950, 0.0490, 0.0560,
         0.0670],
        [0.0903, 0.3161, 0.0928, 0.0656, 0.0549, 0.0903, 0.0725, 0.0395, 0.0922,
         0.0858],
        [0.0451, 0.0504, 0.1236, 0.2459, 0.0727, 0.1691, 0.0965, 0.0902, 0.0576,
         0.0491],
        [0.0688, 0.0474, 0.3601, 0.0886, 0.0794, 0.0652, 0.0493, 0.0805, 0.0779,
         0.0827],
        [0.0490, 0.0497, 0.0864, 0.2082, 0.0606, 0.2839, 0.0681, 0.0866, 0.0585,
         0.0491],
        [0.0765, 0.0739, 0.1194, 0.0700, 0.0837, 0.0777, 0.2789, 0.0709, 0.0622,
         0.0867],
        [0.0540, 0.0464, 0.3461, 0.0903, 0.1319, 0.0832, 0.0483, 0.0650, 0.0717,
         0.0632],
        [0.3886, 0.0582, 0.0717, 0.0844, 0.0521, 0.0999, 0.0577, 0.0487, 0.0685,
         0.0701],
        [0.0429, 0.0470, 0.0846, 0.2038, 0.0428, 0.2731, 0.0672, 0.1057, 0.0778,
         0.0550],
        [0.0650, 0.3772, 0.0688, 0.0650, 0.0642, 0.0797, 0.0800, 0.0516, 0.0558,
         0.0928],
        [0.0766, 0.0842, 0.0686, 0.0880, 0.0630, 0.1013, 0.0716, 0.0568, 0.3057,
         0.0840],
        [0.0840, 0.3824, 0.0748, 0.0560, 0.0559, 0.0855, 0.0664, 0.0457, 0.0674,
         0.0818],
        [0.0507, 0.0882, 0.1012, 0.0595, 0.0972, 0.0906, 0.0973, 0.0468, 0.0589,
         0.3098],
        [0.0513, 0.0627, 0.0912, 0.1727, 0.0654, 0.1047, 0.2690, 0.0600, 0.0490,
         0.0740],
        [0.3537, 0.0668, 0.0877, 0.0640, 0.0637, 0.0832, 0.0579, 0.0496, 0.0779,
         0.0954],
        [0.0644, 0.0645, 0.0841, 0.1466, 0.1049, 0.0992, 0.2571, 0.0559, 0.0519,
         0.0715],
        [0.0530, 0.4036, 0.0761, 0.0710, 0.0433, 0.0996, 0.0702, 0.0454, 0.0571,
         0.0806],
        [0.1988, 0.0608, 0.1101, 0.1157, 0.0830, 0.1303, 0.0725, 0.0531, 0.0958,
         0.0799],
        [0.0503, 0.0736, 0.0950, 0.1297, 0.1185, 0.1989, 0.1287, 0.0771, 0.0618,
         0.0663],
        [0.0530, 0.0931, 0.0980, 0.0618, 0.1880, 0.0988, 0.0891, 0.1783, 0.0825,
         0.0573],
        [0.0444, 0.0891, 0.1218, 0.0729, 0.1135, 0.1804, 0.0767, 0.1514, 0.0798,
         0.0701],
        [0.0579, 0.0820, 0.0744, 0.0985, 0.0733, 0.1333, 0.0842, 0.2009, 0.1035,
         0.0921],
        [0.0617, 0.0987, 0.1625, 0.1348, 0.0812, 0.1051, 0.0832, 0.0773, 0.0984,
         0.0971],
        [0.0411, 0.0443, 0.3719, 0.1111, 0.1107, 0.1007, 0.0424, 0.0615, 0.0511,
         0.0652],
        [0.4122, 0.0645, 0.0777, 0.0640, 0.0499, 0.0842, 0.0593, 0.0425, 0.0674,
         0.0783],
        [0.0524, 0.1042, 0.0668, 0.0911, 0.0570, 0.1045, 0.0858, 0.0574, 0.2681,
         0.1128],
        [0.1459, 0.0853, 0.1640, 0.0996, 0.0552, 0.0887, 0.1287, 0.0837, 0.0596,
         0.0894],
        [0.0905, 0.1530, 0.0965, 0.0871, 0.0580, 0.0963, 0.0793, 0.0639, 0.2081,
         0.0673],
        [0.0577, 0.0897, 0.0596, 0.0672, 0.0615, 0.0894, 0.0775, 0.0521, 0.0565,
         0.3887],
        [0.0367, 0.0753, 0.0765, 0.1099, 0.0462, 0.2832, 0.0749, 0.1601, 0.0859,
         0.0513],
        [0.0526, 0.0960, 0.0890, 0.0696, 0.0803, 0.1114, 0.0909, 0.2323, 0.0967,
         0.0814],
        [0.0634, 0.0743, 0.1168, 0.0973, 0.1282, 0.0910, 0.2239, 0.0579, 0.0596,
         0.0877],
        [0.0602, 0.0577, 0.0581, 0.2499, 0.0455, 0.2936, 0.0705, 0.0633, 0.0494,
         0.0518],
        [0.0681, 0.1142, 0.0624, 0.0613, 0.0624, 0.0886, 0.0677, 0.0530, 0.0646,
         0.3576],
        [0.0963, 0.0732, 0.1291, 0.1276, 0.1287, 0.1066, 0.0706, 0.1149, 0.0929,
         0.0600]], device='cuda:0', grad_fn=<SoftmaxBackward>)
>> best accuracy: 63.94	best epoch: 10

>> final recovery rate: 39.81111111111112%
>> val epoch: 15
>> current accuracy: 59.3%
outputs: tensor([[0.0731, 0.3907, 0.0549, 0.0678, 0.0707, 0.0596, 0.0710, 0.0756, 0.0758,
         0.0608],
        [0.0719, 0.0681, 0.0465, 0.1791, 0.0637, 0.2622, 0.0849, 0.0717, 0.0713,
         0.0807],
        [0.0522, 0.0710, 0.0589, 0.1173, 0.1781, 0.0965, 0.0785, 0.1894, 0.0888,
         0.0695],
        [0.0554, 0.0596, 0.0461, 0.0554, 0.0538, 0.0449, 0.4706, 0.0813, 0.0600,
         0.0729],
        [0.0732, 0.0794, 0.0650, 0.0735, 0.0993, 0.0627, 0.0738, 0.2876, 0.0750,
         0.1105],
        [0.0600, 0.0567, 0.0545, 0.1266, 0.0855, 0.3349, 0.0737, 0.0740, 0.0676,
         0.0663],
        [0.2223, 0.0642, 0.1238, 0.0738, 0.0562, 0.0824, 0.1219, 0.0893, 0.0747,
         0.0915],
        [0.0757, 0.0982, 0.0550, 0.1323, 0.0582, 0.1014, 0.0970, 0.0727, 0.1900,
         0.1196],
        [0.1159, 0.0748, 0.0539, 0.0725, 0.0983, 0.0748, 0.0730, 0.0568, 0.2829,
         0.0971],
        [0.0624, 0.0897, 0.0582, 0.0856, 0.1001, 0.0654, 0.0892, 0.0703, 0.2862,
         0.0930],
        [0.0570, 0.0615, 0.0603, 0.1045, 0.0980, 0.2150, 0.0742, 0.1516, 0.0920,
         0.0858],
        [0.0789, 0.0613, 0.0822, 0.2175, 0.0611, 0.2168, 0.0647, 0.0797, 0.0687,
         0.0690],
        [0.3274, 0.0748, 0.0860, 0.0575, 0.0756, 0.0536, 0.0700, 0.0710, 0.0606,
         0.1234],
        [0.0436, 0.0420, 0.0352, 0.0765, 0.5044, 0.0458, 0.0714, 0.0691, 0.0552,
         0.0567],
        [0.1135, 0.0912, 0.1600, 0.0985, 0.0667, 0.0859, 0.0868, 0.0871, 0.1240,
         0.0865],
        [0.0422, 0.0504, 0.0969, 0.1067, 0.4128, 0.0489, 0.0619, 0.0519, 0.0634,
         0.0649],
        [0.0462, 0.0553, 0.0515, 0.0531, 0.0619, 0.0449, 0.0567, 0.4810, 0.0845,
         0.0649],
        [0.0461, 0.0737, 0.0649, 0.0579, 0.0984, 0.0812, 0.0752, 0.3291, 0.0931,
         0.0803],
        [0.0426, 0.0613, 0.1078, 0.2388, 0.1488, 0.0984, 0.0908, 0.0689, 0.0761,
         0.0664],
        [0.0320, 0.0570, 0.0459, 0.0576, 0.0545, 0.0629, 0.0744, 0.0638, 0.0708,
         0.4812],
        [0.0644, 0.0631, 0.0563, 0.3563, 0.0486, 0.1463, 0.0624, 0.0785, 0.0545,
         0.0697],
        [0.3158, 0.0763, 0.1095, 0.0591, 0.0800, 0.0449, 0.0798, 0.0720, 0.0821,
         0.0805],
        [0.0754, 0.0774, 0.0864, 0.0808, 0.0752, 0.0625, 0.0777, 0.0742, 0.2823,
         0.1081],
        [0.2568, 0.0857, 0.1034, 0.0769, 0.0632, 0.0513, 0.1130, 0.0835, 0.0907,
         0.0756],
        [0.0419, 0.0499, 0.0737, 0.0902, 0.3805, 0.0639, 0.0691, 0.1017, 0.0708,
         0.0582],
        [0.0441, 0.0621, 0.0481, 0.1791, 0.2977, 0.0633, 0.1242, 0.0557, 0.0556,
         0.0701],
        [0.0778, 0.0908, 0.0643, 0.0970, 0.0784, 0.0693, 0.0873, 0.0731, 0.2856,
         0.0765],
        [0.0403, 0.0558, 0.0490, 0.0503, 0.0584, 0.0464, 0.0640, 0.0743, 0.0623,
         0.4992],
        [0.0784, 0.0779, 0.0964, 0.0902, 0.0728, 0.1155, 0.1492, 0.1510, 0.0943,
         0.0743],
        [0.0687, 0.0609, 0.0753, 0.2024, 0.0629, 0.1638, 0.0939, 0.0878, 0.1198,
         0.0644],
        [0.2223, 0.0614, 0.1644, 0.0766, 0.0885, 0.0412, 0.0819, 0.0835, 0.0781,
         0.1022],
        [0.0456, 0.0678, 0.2385, 0.1317, 0.0894, 0.0932, 0.0734, 0.1110, 0.0892,
         0.0602],
        [0.2689, 0.0830, 0.0665, 0.0722, 0.0635, 0.0560, 0.1065, 0.0678, 0.1015,
         0.1140],
        [0.0397, 0.0630, 0.0458, 0.0569, 0.0656, 0.0421, 0.0773, 0.0667, 0.0682,
         0.4746],
        [0.0500, 0.0636, 0.0509, 0.0680, 0.1000, 0.0416, 0.4365, 0.0621, 0.0599,
         0.0674],
        [0.1342, 0.2857, 0.0695, 0.0698, 0.0722, 0.0616, 0.0645, 0.0597, 0.0883,
         0.0944],
        [0.2921, 0.0601, 0.1065, 0.0630, 0.0804, 0.0420, 0.0839, 0.0890, 0.0896,
         0.0933],
        [0.0499, 0.0708, 0.1001, 0.2018, 0.0927, 0.1012, 0.0617, 0.1449, 0.1123,
         0.0648],
        [0.2327, 0.0882, 0.1015, 0.0699, 0.0779, 0.0567, 0.0714, 0.0716, 0.0559,
         0.1742],
        [0.0270, 0.0310, 0.0393, 0.0602, 0.6208, 0.0383, 0.0575, 0.0407, 0.0464,
         0.0387],
        [0.1004, 0.1512, 0.1148, 0.0976, 0.1070, 0.0609, 0.1300, 0.0737, 0.0867,
         0.0778],
        [0.0534, 0.1040, 0.0641, 0.0731, 0.0551, 0.0692, 0.0753, 0.3031, 0.0991,
         0.1037],
        [0.3374, 0.0594, 0.0861, 0.0663, 0.0662, 0.0524, 0.0735, 0.0749, 0.0621,
         0.1216],
        [0.0615, 0.2847, 0.0587, 0.0680, 0.1021, 0.0559, 0.0920, 0.0773, 0.0821,
         0.1176],
        [0.3632, 0.0538, 0.1137, 0.0640, 0.0669, 0.0440, 0.0790, 0.0663, 0.0733,
         0.0757],
        [0.0545, 0.0564, 0.0552, 0.1608, 0.0705, 0.2699, 0.0709, 0.1149, 0.0771,
         0.0699],
        [0.0487, 0.0521, 0.0558, 0.1820, 0.1986, 0.1625, 0.0802, 0.0705, 0.0761,
         0.0733],
        [0.0425, 0.0525, 0.0659, 0.0952, 0.1480, 0.0442, 0.3416, 0.0682, 0.0660,
         0.0759],
        [0.0579, 0.0699, 0.0541, 0.0539, 0.0672, 0.0520, 0.0719, 0.0633, 0.0718,
         0.4380],
        [0.0493, 0.0538, 0.0469, 0.0748, 0.0601, 0.0491, 0.4682, 0.0656, 0.0670,
         0.0651],
        [0.0601, 0.0533, 0.0536, 0.1757, 0.0671, 0.2953, 0.0771, 0.0779, 0.0750,
         0.0649],
        [0.0615, 0.2671, 0.0637, 0.0742, 0.0979, 0.0553, 0.0728, 0.0840, 0.0903,
         0.1332],
        [0.2352, 0.0548, 0.1068, 0.0834, 0.0993, 0.0518, 0.0763, 0.0602, 0.1602,
         0.0720],
        [0.0432, 0.0438, 0.0315, 0.1058, 0.0968, 0.0382, 0.4442, 0.0648, 0.0592,
         0.0724],
        [0.0572, 0.0617, 0.0625, 0.1133, 0.0708, 0.3018, 0.0695, 0.1117, 0.0839,
         0.0677],
        [0.0602, 0.0499, 0.0573, 0.1533, 0.0587, 0.1070, 0.0828, 0.2595, 0.1001,
         0.0713],
        [0.0685, 0.0581, 0.1438, 0.1278, 0.0833, 0.1989, 0.0673, 0.0959, 0.0835,
         0.0728],
        [0.1034, 0.2469, 0.0566, 0.0725, 0.0969, 0.0532, 0.0776, 0.0513, 0.1121,
         0.1295],
        [0.0432, 0.0642, 0.0637, 0.0514, 0.0909, 0.0592, 0.0706, 0.3924, 0.0942,
         0.0703],
        [0.0726, 0.0579, 0.1250, 0.2118, 0.1343, 0.0676, 0.0673, 0.0772, 0.1135,
         0.0728],
        [0.0640, 0.0851, 0.0496, 0.1514, 0.0592, 0.2079, 0.0891, 0.0665, 0.0821,
         0.1451],
        [0.0502, 0.0658, 0.0614, 0.0637, 0.1057, 0.0576, 0.0677, 0.3474, 0.0857,
         0.0947],
        [0.1930, 0.0608, 0.1258, 0.0718, 0.1549, 0.0391, 0.0720, 0.0658, 0.1449,
         0.0720],
        [0.0625, 0.0787, 0.0585, 0.0735, 0.0762, 0.0613, 0.0912, 0.0603, 0.3490,
         0.0887],
        [0.0544, 0.0560, 0.0568, 0.1364, 0.0620, 0.2753, 0.0663, 0.1544, 0.0764,
         0.0619],
        [0.0566, 0.0549, 0.0721, 0.1764, 0.1092, 0.2336, 0.0754, 0.0741, 0.0717,
         0.0759],
        [0.0476, 0.0900, 0.0658, 0.0995, 0.0654, 0.0610, 0.3542, 0.0680, 0.0760,
         0.0726],
        [0.1369, 0.0808, 0.1628, 0.0888, 0.0708, 0.0502, 0.1054, 0.0832, 0.1204,
         0.1007],
        [0.0600, 0.0815, 0.0760, 0.0694, 0.0931, 0.1179, 0.0750, 0.1306, 0.0995,
         0.1969],
        [0.2814, 0.0650, 0.0740, 0.0666, 0.0940, 0.0555, 0.0780, 0.0664, 0.1376,
         0.0816],
        [0.0660, 0.0970, 0.0560, 0.0764, 0.1137, 0.0659, 0.0856, 0.0772, 0.1083,
         0.2539],
        [0.0640, 0.3613, 0.0511, 0.0676, 0.0649, 0.0574, 0.0783, 0.0569, 0.1016,
         0.0968]], device='cuda:0', grad_fn=<SoftmaxBackward>)
>> best accuracy: 63.94	best epoch: 10

>> final recovery rate: 39.81111111111112%
>> val epoch: 20
>> current accuracy: 68.56%
outputs: tensor([[0.0505, 0.0620, 0.0923, 0.1154, 0.0565, 0.3933, 0.0597, 0.0793, 0.0489,
         0.0421],
        [0.0497, 0.0613, 0.0513, 0.1038, 0.0674, 0.0625, 0.4055, 0.0711, 0.0513,
         0.0762],
        [0.0532, 0.0523, 0.0443, 0.0645, 0.0587, 0.0648, 0.0420, 0.0556, 0.4969,
         0.0677],
        [0.3421, 0.0695, 0.0866, 0.0477, 0.0645, 0.0826, 0.0547, 0.0865, 0.0463,
         0.1195],
        [0.0815, 0.0972, 0.0540, 0.0700, 0.0604, 0.0698, 0.0628, 0.0731, 0.3606,
         0.0706],
        [0.0545, 0.0570, 0.0783, 0.0707, 0.0344, 0.4575, 0.0597, 0.0820, 0.0639,
         0.0420],
        [0.0719, 0.5087, 0.0695, 0.0521, 0.0693, 0.0425, 0.0402, 0.0639, 0.0429,
         0.0389],
        [0.1149, 0.1018, 0.0767, 0.1468, 0.0672, 0.1010, 0.1649, 0.0635, 0.0695,
         0.0938],
        [0.0826, 0.0879, 0.1057, 0.0749, 0.1165, 0.1026, 0.1193, 0.1796, 0.0691,
         0.0618],
        [0.0613, 0.0745, 0.1018, 0.0668, 0.1556, 0.1360, 0.0805, 0.1895, 0.0690,
         0.0650],
        [0.1300, 0.0567, 0.1830, 0.1629, 0.0597, 0.0915, 0.0617, 0.0941, 0.0919,
         0.0687],
        [0.0820, 0.0629, 0.0938, 0.0617, 0.0474, 0.0920, 0.0499, 0.3941, 0.0561,
         0.0602],
        [0.0763, 0.2007, 0.0485, 0.0926, 0.0525, 0.0907, 0.0515, 0.1119, 0.2169,
         0.0584],
        [0.0854, 0.0844, 0.0691, 0.0747, 0.1339, 0.1284, 0.0643, 0.1753, 0.0701,
         0.1145],
        [0.0545, 0.0759, 0.0765, 0.1132, 0.0966, 0.0889, 0.2740, 0.0848, 0.0609,
         0.0747],
        [0.1189, 0.3793, 0.0529, 0.0569, 0.0650, 0.0623, 0.0452, 0.0657, 0.1119,
         0.0418],
        [0.0430, 0.0698, 0.0519, 0.0564, 0.0480, 0.0596, 0.0442, 0.0750, 0.4900,
         0.0621],
        [0.0570, 0.0858, 0.0555, 0.0593, 0.0838, 0.0686, 0.0466, 0.0792, 0.0618,
         0.4025],
        [0.0651, 0.0610, 0.0543, 0.3499, 0.0526, 0.2093, 0.0424, 0.0783, 0.0305,
         0.0566],
        [0.0451, 0.0747, 0.3698, 0.0666, 0.0913, 0.0613, 0.0876, 0.0765, 0.0403,
         0.0869],
        [0.0604, 0.0852, 0.1019, 0.0910, 0.0594, 0.1148, 0.2696, 0.0970, 0.0628,
         0.0580],
        [0.0840, 0.1736, 0.0624, 0.1702, 0.0898, 0.1511, 0.0666, 0.0673, 0.0532,
         0.0817],
        [0.0699, 0.5227, 0.0484, 0.0657, 0.0510, 0.0555, 0.0347, 0.0496, 0.0542,
         0.0483],
        [0.0640, 0.0717, 0.1581, 0.0796, 0.1151, 0.1624, 0.0789, 0.1481, 0.0655,
         0.0565],
        [0.0741, 0.0664, 0.0833, 0.0978, 0.1686, 0.1124, 0.0716, 0.0894, 0.0603,
         0.1761],
        [0.0897, 0.2200, 0.1122, 0.1024, 0.0640, 0.0838, 0.0800, 0.0487, 0.0680,
         0.1312],
        [0.3965, 0.0679, 0.0572, 0.0476, 0.0659, 0.0616, 0.0530, 0.0707, 0.1360,
         0.0436],
        [0.0847, 0.0614, 0.2611, 0.0951, 0.0589, 0.1792, 0.0467, 0.1050, 0.0437,
         0.0641],
        [0.0476, 0.0670, 0.0652, 0.1174, 0.0495, 0.0795, 0.3752, 0.0755, 0.0566,
         0.0664],
        [0.0686, 0.0735, 0.0739, 0.0444, 0.0765, 0.0616, 0.0530, 0.4072, 0.0839,
         0.0574],
        [0.0596, 0.0526, 0.0671, 0.0653, 0.0995, 0.0720, 0.0631, 0.0935, 0.0602,
         0.3670],
        [0.1363, 0.0575, 0.0610, 0.1390, 0.1237, 0.0782, 0.0693, 0.0573, 0.2168,
         0.0608],
        [0.0442, 0.0631, 0.0551, 0.1258, 0.0459, 0.0821, 0.3761, 0.0754, 0.0528,
         0.0796],
        [0.0555, 0.0508, 0.0762, 0.0730, 0.4361, 0.0760, 0.0583, 0.0633, 0.0499,
         0.0609],
        [0.0611, 0.0656, 0.0688, 0.1524, 0.0762, 0.2399, 0.1188, 0.0999, 0.0547,
         0.0625],
        [0.0789, 0.0639, 0.0641, 0.1008, 0.1031, 0.3074, 0.0613, 0.1077, 0.0586,
         0.0543],
        [0.0574, 0.0667, 0.0631, 0.1138, 0.0881, 0.3651, 0.0606, 0.0714, 0.0548,
         0.0590],
        [0.1104, 0.1105, 0.0674, 0.0682, 0.0913, 0.0848, 0.0595, 0.0648, 0.0936,
         0.2496],
        [0.0563, 0.0714, 0.2139, 0.1412, 0.0811, 0.0875, 0.0984, 0.1175, 0.0666,
         0.0661],
        [0.1162, 0.0877, 0.0719, 0.1129, 0.1408, 0.0931, 0.1506, 0.0884, 0.0803,
         0.0580],
        [0.0603, 0.0638, 0.4422, 0.0709, 0.0596, 0.0588, 0.0487, 0.0738, 0.0606,
         0.0613],
        [0.0562, 0.0710, 0.1341, 0.1287, 0.2266, 0.1060, 0.0572, 0.0928, 0.0703,
         0.0570],
        [0.1101, 0.1581, 0.0563, 0.0831, 0.0670, 0.0970, 0.0572, 0.0753, 0.2182,
         0.0777],
        [0.0966, 0.0592, 0.1597, 0.0942, 0.0567, 0.2747, 0.0647, 0.0660, 0.0682,
         0.0600],
        [0.0719, 0.3283, 0.0676, 0.0609, 0.0791, 0.0716, 0.0652, 0.0505, 0.0855,
         0.1193],
        [0.1458, 0.0887, 0.0650, 0.0599, 0.1009, 0.0773, 0.0568, 0.2411, 0.0867,
         0.0777],
        [0.0590, 0.0761, 0.0716, 0.0713, 0.1392, 0.1238, 0.0713, 0.2467, 0.0821,
         0.0589],
        [0.0808, 0.1413, 0.0755, 0.0802, 0.0929, 0.0984, 0.0730, 0.0479, 0.0627,
         0.2474],
        [0.0474, 0.3418, 0.0699, 0.1096, 0.1166, 0.0751, 0.0673, 0.0579, 0.0572,
         0.0571],
        [0.0610, 0.0864, 0.0728, 0.0571, 0.0626, 0.0964, 0.0504, 0.3182, 0.0764,
         0.1187],
        [0.0547, 0.4867, 0.0739, 0.0548, 0.0720, 0.0518, 0.0467, 0.0654, 0.0507,
         0.0433],
        [0.1087, 0.0664, 0.1157, 0.1335, 0.0696, 0.1348, 0.0656, 0.1382, 0.0599,
         0.1075],
        [0.0640, 0.1143, 0.0524, 0.0657, 0.0860, 0.0628, 0.0626, 0.0712, 0.1040,
         0.3170],
        [0.0424, 0.0642, 0.0439, 0.0733, 0.0393, 0.0553, 0.4878, 0.0686, 0.0521,
         0.0731],
        [0.0554, 0.0549, 0.0409, 0.4515, 0.0383, 0.1716, 0.0337, 0.0710, 0.0310,
         0.0517],
        [0.1194, 0.0523, 0.3302, 0.0860, 0.0771, 0.0666, 0.0607, 0.0650, 0.0892,
         0.0535],
        [0.0671, 0.0857, 0.0965, 0.0703, 0.0572, 0.0935, 0.0504, 0.3270, 0.0790,
         0.0735],
        [0.0713, 0.0608, 0.0521, 0.1167, 0.0670, 0.3970, 0.0592, 0.0554, 0.0496,
         0.0708],
        [0.0639, 0.1026, 0.0551, 0.1916, 0.0933, 0.1051, 0.1250, 0.0623, 0.1403,
         0.0609],
        [0.0878, 0.0492, 0.0600, 0.3023, 0.0354, 0.1686, 0.0570, 0.1552, 0.0516,
         0.0329],
        [0.0699, 0.0800, 0.0789, 0.0530, 0.0848, 0.0827, 0.0574, 0.3406, 0.0795,
         0.0732],
        [0.0775, 0.0738, 0.0856, 0.0735, 0.0708, 0.2338, 0.0641, 0.1901, 0.0798,
         0.0510],
        [0.1621, 0.1073, 0.0601, 0.0603, 0.0852, 0.0758, 0.0709, 0.0813, 0.2270,
         0.0700],
        [0.2815, 0.1209, 0.0610, 0.0715, 0.0705, 0.0920, 0.0603, 0.0573, 0.0966,
         0.0882],
        [0.0728, 0.0760, 0.0771, 0.0760, 0.0947, 0.0941, 0.0795, 0.1201, 0.0768,
         0.2329],
        [0.0510, 0.0631, 0.0934, 0.0683, 0.0596, 0.0687, 0.3562, 0.0943, 0.0591,
         0.0863],
        [0.0509, 0.0593, 0.0545, 0.0657, 0.0572, 0.0532, 0.4426, 0.0868, 0.0463,
         0.0836],
        [0.0622, 0.0729, 0.0739, 0.0663, 0.1298, 0.1102, 0.0657, 0.2769, 0.0885,
         0.0537],
        [0.1850, 0.0703, 0.1263, 0.0749, 0.1181, 0.0659, 0.1171, 0.0729, 0.0952,
         0.0743],
        [0.0653, 0.0551, 0.0603, 0.1215, 0.0650, 0.3707, 0.0660, 0.0890, 0.0548,
         0.0524],
        [0.0591, 0.0583, 0.3835, 0.0716, 0.0823, 0.0576, 0.0623, 0.0843, 0.0704,
         0.0705],
        [0.4444, 0.0701, 0.0688, 0.0504, 0.0618, 0.0594, 0.0571, 0.0620, 0.0862,
         0.0398]], device='cuda:0', grad_fn=<SoftmaxBackward>)
>> best accuracy: 68.56	best epoch: 20

>> final recovery rate: 39.81111111111112%
>> val epoch: 25
>> current accuracy: 72.58%
outputs: tensor([[0.1746, 0.0737, 0.2257, 0.0892, 0.0593, 0.0738, 0.0708, 0.0774, 0.0854,
         0.0702],
        [0.0675, 0.3885, 0.0781, 0.0672, 0.0847, 0.0668, 0.0620, 0.0871, 0.0497,
         0.0484],
        [0.0866, 0.0743, 0.0775, 0.1083, 0.0614, 0.3001, 0.0713, 0.0658, 0.0793,
         0.0754],
        [0.0534, 0.0576, 0.0564, 0.3929, 0.0594, 0.0937, 0.0786, 0.0768, 0.0677,
         0.0635],
        [0.1567, 0.0723, 0.1861, 0.0511, 0.0587, 0.0573, 0.1012, 0.0790, 0.0816,
         0.1559],
        [0.0761, 0.0650, 0.0777, 0.0956, 0.2678, 0.0673, 0.1198, 0.0742, 0.0765,
         0.0799],
        [0.0552, 0.0671, 0.0773, 0.2302, 0.0725, 0.1781, 0.0860, 0.0880, 0.0735,
         0.0721],
        [0.0449, 0.0508, 0.0633, 0.0451, 0.0512, 0.0490, 0.0551, 0.4844, 0.0909,
         0.0655],
        [0.0527, 0.0606, 0.1194, 0.0464, 0.3535, 0.0710, 0.0706, 0.0614, 0.0853,
         0.0792],
        [0.4297, 0.0501, 0.0506, 0.0690, 0.0446, 0.0786, 0.0845, 0.0801, 0.0520,
         0.0606],
        [0.0802, 0.0961, 0.1116, 0.1708, 0.0364, 0.0789, 0.0842, 0.1332, 0.0900,
         0.1187],
        [0.0606, 0.0712, 0.0897, 0.1632, 0.1414, 0.0850, 0.0807, 0.1390, 0.0956,
         0.0735],
        [0.1443, 0.0676, 0.1345, 0.1415, 0.0577, 0.0960, 0.0993, 0.1327, 0.0567,
         0.0696],
        [0.0565, 0.0475, 0.0762, 0.0743, 0.0619, 0.3894, 0.0822, 0.0738, 0.0769,
         0.0613],
        [0.1269, 0.1227, 0.1238, 0.0649, 0.0760, 0.0607, 0.1949, 0.0623, 0.0637,
         0.1041],
        [0.0595, 0.0651, 0.0760, 0.1363, 0.0500, 0.0881, 0.0590, 0.0711, 0.0613,
         0.3335],
        [0.0566, 0.0486, 0.0710, 0.0900, 0.0658, 0.0615, 0.1080, 0.0774, 0.3125,
         0.1086],
        [0.0578, 0.0632, 0.0631, 0.2520, 0.1301, 0.0954, 0.1106, 0.0863, 0.0580,
         0.0834],
        [0.0572, 0.2191, 0.0696, 0.0601, 0.0701, 0.0506, 0.0720, 0.0720, 0.1819,
         0.1472],
        [0.0533, 0.0830, 0.1331, 0.1723, 0.0679, 0.1474, 0.0733, 0.1237, 0.0799,
         0.0663],
        [0.2047, 0.1690, 0.0745, 0.0702, 0.0565, 0.0733, 0.0720, 0.0583, 0.0512,
         0.1703],
