noise type: uniform
noise level: 0.0
when_to_apply_epoch: 20
total clean data num: 45000
probability transition matrix:
[[1. 0. 0. 0. 0. 0. 0. 0. 0. 0.]
 [0. 1. 0. 0. 0. 0. 0. 0. 0. 0.]
 [0. 0. 1. 0. 0. 0. 0. 0. 0. 0.]
 [0. 0. 0. 1. 0. 0. 0. 0. 0. 0.]
 [0. 0. 0. 0. 1. 0. 0. 0. 0. 0.]
 [0. 0. 0. 0. 0. 1. 0. 0. 0. 0.]
 [0. 0. 0. 0. 0. 0. 1. 0. 0. 0.]
 [0. 0. 0. 0. 0. 0. 0. 1. 0. 0.]
 [0. 0. 0. 0. 0. 0. 0. 0. 1. 0.]
 [0. 0. 0. 0. 0. 0. 0. 0. 0. 1.]]
>> val epoch: 0
>> current accuracy: 26.779999999999998%
outputs: tensor([[0.0749, 0.1477, 0.0777, 0.0912, 0.0601, 0.0864, 0.0710, 0.1357, 0.0819,
         0.1734],
        [0.0309, 0.0714, 0.1121, 0.1277, 0.1405, 0.1329, 0.1660, 0.1341, 0.0335,
         0.0510],
        [0.0990, 0.0998, 0.0954, 0.0884, 0.0639, 0.0861, 0.0553, 0.1179, 0.1312,
         0.1631],
        [0.0256, 0.0485, 0.1519, 0.1281, 0.1678, 0.1217, 0.1955, 0.0992, 0.0263,
         0.0355],
        [0.0236, 0.0418, 0.1561, 0.1121, 0.2159, 0.1179, 0.1927, 0.0880, 0.0226,
         0.0294],
        [0.3295, 0.2711, 0.0118, 0.0056, 0.0027, 0.0034, 0.0010, 0.0101, 0.1859,
         0.1788],
        [0.0732, 0.1189, 0.0760, 0.0888, 0.0826, 0.1123, 0.0750, 0.1371, 0.0877,
         0.1484],
        [0.2341, 0.1220, 0.0445, 0.0315, 0.0222, 0.0242, 0.0095, 0.0415, 0.3359,
         0.1346],
        [0.0458, 0.1189, 0.0936, 0.1384, 0.0876, 0.1312, 0.1170, 0.1128, 0.0588,
         0.0960],
        [0.1833, 0.1383, 0.0527, 0.0393, 0.0257, 0.0310, 0.0107, 0.0586, 0.2717,
         0.1886],
        [0.3240, 0.1180, 0.0610, 0.0273, 0.0172, 0.0204, 0.0094, 0.0326, 0.2877,
         0.1024],
        [0.0768, 0.1017, 0.0848, 0.0880, 0.0744, 0.0981, 0.0843, 0.1500, 0.0921,
         0.1497],
        [0.0338, 0.0595, 0.1197, 0.1197, 0.1611, 0.1263, 0.1751, 0.1136, 0.0377,
         0.0534],
        [0.0883, 0.0900, 0.0772, 0.0614, 0.0547, 0.0669, 0.0419, 0.1452, 0.1617,
         0.2128],
        [0.0356, 0.0639, 0.1429, 0.1414, 0.1485, 0.1307, 0.1524, 0.1044, 0.0325,
         0.0478],
        [0.0565, 0.0862, 0.1047, 0.1027, 0.0952, 0.1102, 0.1110, 0.1468, 0.0717,
         0.1150],
        [0.0560, 0.1069, 0.1100, 0.1150, 0.0946, 0.1392, 0.1125, 0.1110, 0.0691,
         0.0857],
        [0.0967, 0.2007, 0.0746, 0.0936, 0.0443, 0.0654, 0.0464, 0.0941, 0.1110,
         0.1731],
        [0.2360, 0.1756, 0.0480, 0.0377, 0.0234, 0.0338, 0.0148, 0.0503, 0.2293,
         0.1512],
        [0.0344, 0.0642, 0.1368, 0.1296, 0.1430, 0.1393, 0.1537, 0.1113, 0.0406,
         0.0471],
        [0.1557, 0.1800, 0.0551, 0.0469, 0.0299, 0.0373, 0.0194, 0.0674, 0.1620,
         0.2463],
        [0.0696, 0.1118, 0.0887, 0.1034, 0.0862, 0.1211, 0.0871, 0.1331, 0.0804,
         0.1186],
        [0.0689, 0.1288, 0.1050, 0.1136, 0.0795, 0.1117, 0.0823, 0.1174, 0.0871,
         0.1058],
        [0.0239, 0.0448, 0.1444, 0.1274, 0.1888, 0.1208, 0.1908, 0.1016, 0.0247,
         0.0328],
        [0.3275, 0.0679, 0.0381, 0.0200, 0.0101, 0.0127, 0.0047, 0.0280, 0.3962,
         0.0947],
        [0.0307, 0.0610, 0.1324, 0.1387, 0.1464, 0.1290, 0.1722, 0.1078, 0.0293,
         0.0522],
        [0.0265, 0.0458, 0.1363, 0.1216, 0.1879, 0.1214, 0.1987, 0.1011, 0.0261,
         0.0346],
        [0.1807, 0.1430, 0.0721, 0.0658, 0.0363, 0.0611, 0.0406, 0.0757, 0.1736,
         0.1509],
        [0.0271, 0.0487, 0.1404, 0.1288, 0.1807, 0.1317, 0.1782, 0.1002, 0.0278,
         0.0365],
        [0.0271, 0.0536, 0.1365, 0.1190, 0.1680, 0.1277, 0.1819, 0.1102, 0.0285,
         0.0474],
        [0.3553, 0.0662, 0.0222, 0.0076, 0.0046, 0.0064, 0.0022, 0.0151, 0.4376,
         0.0830],
        [0.1316, 0.1440, 0.0669, 0.0613, 0.0407, 0.0606, 0.0318, 0.1054, 0.1703,
         0.1874],
        [0.0799, 0.1356, 0.0896, 0.1029, 0.0621, 0.1085, 0.0667, 0.1169, 0.0905,
         0.1474],
        [0.0378, 0.0879, 0.1020, 0.1038, 0.1140, 0.1189, 0.1269, 0.1589, 0.0504,
         0.0993],
        [0.2350, 0.1185, 0.0601, 0.0335, 0.0242, 0.0394, 0.0136, 0.0466, 0.3062,
         0.1228],
        [0.0262, 0.0458, 0.1488, 0.1202, 0.1929, 0.1236, 0.1876, 0.0939, 0.0279,
         0.0333],
        [0.0238, 0.0499, 0.1448, 0.1192, 0.1792, 0.1276, 0.1997, 0.0956, 0.0245,
         0.0355],
        [0.0230, 0.0379, 0.1573, 0.1106, 0.2075, 0.1130, 0.2154, 0.0842, 0.0203,
         0.0308],
        [0.0417, 0.0935, 0.1053, 0.1329, 0.1176, 0.1273, 0.1395, 0.1158, 0.0513,
         0.0752],
        [0.0240, 0.0462, 0.1499, 0.1167, 0.1803, 0.1250, 0.2064, 0.0907, 0.0260,
         0.0348],
        [0.0314, 0.0546, 0.1595, 0.1258, 0.1749, 0.1375, 0.1547, 0.0912, 0.0315,
         0.0389],
        [0.4478, 0.1079, 0.0275, 0.0089, 0.0055, 0.0071, 0.0022, 0.0118, 0.3093,
         0.0721],
        [0.0811, 0.1625, 0.0701, 0.0940, 0.0584, 0.1105, 0.0563, 0.1302, 0.0933,
         0.1436],
        [0.0327, 0.0787, 0.1253, 0.1343, 0.1285, 0.1325, 0.1685, 0.1078, 0.0328,
         0.0590],
        [0.0274, 0.0562, 0.1313, 0.1311, 0.1602, 0.1342, 0.1911, 0.1023, 0.0278,
         0.0383],
        [0.1362, 0.1959, 0.0850, 0.0668, 0.0432, 0.0690, 0.0315, 0.0801, 0.1306,
         0.1618],
        [0.3421, 0.2008, 0.0477, 0.0263, 0.0136, 0.0141, 0.0070, 0.0261, 0.1778,
         0.1445],
        [0.2822, 0.0516, 0.0327, 0.0116, 0.0067, 0.0097, 0.0026, 0.0130, 0.5343,
         0.0556],
        [0.2193, 0.1133, 0.0517, 0.0332, 0.0205, 0.0279, 0.0104, 0.0494, 0.3394,
         0.1350],
        [0.0216, 0.0456, 0.1401, 0.1195, 0.1966, 0.1226, 0.2022, 0.0989, 0.0224,
         0.0305],
        [0.0908, 0.1390, 0.0953, 0.0910, 0.0701, 0.1022, 0.0608, 0.1046, 0.1012,
         0.1450],
        [0.0416, 0.0762, 0.1150, 0.1219, 0.1336, 0.1233, 0.1397, 0.1287, 0.0490,
         0.0709],
        [0.0603, 0.0930, 0.0967, 0.0940, 0.0720, 0.1058, 0.0832, 0.1724, 0.0772,
         0.1455],
        [0.1032, 0.1245, 0.0823, 0.1064, 0.0710, 0.1005, 0.0638, 0.1118, 0.1340,
         0.1026],
        [0.0248, 0.0374, 0.1568, 0.1063, 0.2096, 0.1118, 0.2040, 0.0927, 0.0260,
         0.0307],
        [0.0302, 0.0575, 0.1368, 0.1351, 0.1639, 0.1334, 0.1702, 0.0947, 0.0337,
         0.0444],
        [0.1004, 0.1674, 0.1025, 0.1077, 0.0623, 0.1016, 0.0683, 0.0911, 0.1051,
         0.0936],
        [0.0218, 0.0365, 0.1485, 0.1183, 0.2120, 0.1161, 0.1961, 0.0930, 0.0262,
         0.0317],
        [0.2039, 0.1147, 0.0836, 0.0453, 0.0390, 0.0521, 0.0230, 0.0599, 0.2553,
         0.1231],
        [0.0501, 0.0763, 0.1163, 0.1163, 0.1242, 0.1398, 0.1237, 0.1130, 0.0651,
         0.0752],
        [0.1230, 0.1716, 0.1002, 0.0977, 0.0617, 0.0971, 0.0575, 0.0792, 0.1024,
         0.1097],
        [0.0265, 0.0486, 0.1358, 0.1353, 0.1588, 0.1253, 0.2016, 0.1033, 0.0260,
         0.0389],
        [0.0209, 0.0392, 0.1537, 0.1193, 0.2078, 0.1150, 0.2107, 0.0830, 0.0233,
         0.0271],
        [0.1149, 0.2800, 0.0437, 0.0513, 0.0256, 0.0534, 0.0252, 0.0800, 0.1118,
         0.2141],
        [0.0494, 0.1412, 0.0912, 0.1205, 0.1050, 0.1141, 0.1086, 0.1252, 0.0555,
         0.0894],
        [0.0529, 0.1107, 0.0971, 0.1183, 0.0824, 0.1026, 0.0928, 0.1400, 0.0668,
         0.1364],
        [0.2497, 0.1338, 0.0629, 0.0443, 0.0341, 0.0399, 0.0221, 0.0627, 0.2202,
         0.1304],
        [0.0320, 0.0654, 0.1274, 0.1330, 0.1379, 0.1347, 0.1760, 0.1075, 0.0322,
         0.0540],
        [0.0719, 0.1253, 0.0960, 0.0925, 0.0758, 0.1273, 0.0884, 0.1199, 0.0707,
         0.1322],
        [0.0318, 0.0612, 0.1342, 0.1352, 0.1467, 0.1323, 0.1742, 0.1022, 0.0331,
         0.0491],
        [0.0716, 0.1786, 0.0696, 0.0945, 0.0642, 0.0838, 0.0642, 0.1287, 0.0789,
         0.1658],
        [0.0533, 0.1054, 0.1107, 0.1275, 0.0984, 0.1310, 0.1144, 0.1115, 0.0552,
         0.0925]], device='cuda:0', grad_fn=<SoftmaxBackward>)
>> best accuracy: 26.779999999999998	best epoch: 0

>> final recovery rate: 100.0%
>> val epoch: 5
>> current accuracy: 48.94%
outputs: tensor([[0.0201, 0.3191, 0.0109, 0.0164, 0.0109, 0.0108, 0.0145, 0.0217, 0.0338,
         0.5418],
        [0.0209, 0.1218, 0.0219, 0.0207, 0.0336, 0.0271, 0.0405, 0.2769, 0.0080,
         0.4285],
        [0.0124, 0.0020, 0.5093, 0.0961, 0.2093, 0.0770, 0.0764, 0.0123, 0.0040,
         0.0012],
        [0.1552, 0.0516, 0.0609, 0.0307, 0.0912, 0.0425, 0.0237, 0.3985, 0.0148,
         0.1309],
        [0.0232, 0.0018, 0.1279, 0.0145, 0.3123, 0.0196, 0.0336, 0.4559, 0.0036,
         0.0075],
        [0.2323, 0.0676, 0.1602, 0.0757, 0.1145, 0.0570, 0.0408, 0.0545, 0.1404,
         0.0572],
        [0.0453, 0.0087, 0.2017, 0.1751, 0.1647, 0.1335, 0.1144, 0.1144, 0.0212,
         0.0210],
        [0.0110, 0.0070, 0.0872, 0.1777, 0.1242, 0.2191, 0.1771, 0.1809, 0.0052,
         0.0105],
        [0.1524, 0.0087, 0.3415, 0.0698, 0.1738, 0.0340, 0.0473, 0.0266, 0.1258,
         0.0198],
        [0.0122, 0.0210, 0.0650, 0.3293, 0.0674, 0.2331, 0.1775, 0.0648, 0.0095,
         0.0203],
        [0.0084, 0.0030, 0.1659, 0.1346, 0.2222, 0.0897, 0.3196, 0.0500, 0.0031,
         0.0035],
        [0.0049, 0.0031, 0.0609, 0.0580, 0.2029, 0.0400, 0.5303, 0.0931, 0.0015,
         0.0054],
        [0.0438, 0.0199, 0.2055, 0.2647, 0.1282, 0.1305, 0.0954, 0.0412, 0.0504,
         0.0203],
        [0.0092, 0.0063, 0.0502, 0.3091, 0.0484, 0.3922, 0.0758, 0.0989, 0.0045,
         0.0055],
        [0.0044, 0.0018, 0.0784, 0.0551, 0.2558, 0.1004, 0.1306, 0.3691, 0.0016,
         0.0029],
        [0.0034, 0.0007, 0.2543, 0.0151, 0.3900, 0.0098, 0.3103, 0.0151, 0.0008,
         0.0007],
        [0.2385, 0.4719, 0.0056, 0.0018, 0.0042, 0.0012, 0.0015, 0.0034, 0.1883,
         0.0838],
        [0.0956, 0.0162, 0.3188, 0.1075, 0.2224, 0.0889, 0.0574, 0.0601, 0.0250,
         0.0083],
        [0.0196, 0.0092, 0.1288, 0.2296, 0.1387, 0.1935, 0.1616, 0.0955, 0.0105,
         0.0130],
        [0.0267, 0.1049, 0.0045, 0.0047, 0.0073, 0.0056, 0.0068, 0.0675, 0.0052,
         0.7667],
        [0.2728, 0.0099, 0.1827, 0.0525, 0.0572, 0.0236, 0.0104, 0.0114, 0.3656,
         0.0138],
        [0.0620, 0.1098, 0.0053, 0.0042, 0.0057, 0.0014, 0.0022, 0.0037, 0.5108,
         0.2950],
        [0.0727, 0.0209, 0.2441, 0.1500, 0.1993, 0.1045, 0.0858, 0.0544, 0.0456,
         0.0228],
        [0.0046, 0.0031, 0.0633, 0.2759, 0.0788, 0.3204, 0.1565, 0.0927, 0.0021,
         0.0026],
        [0.0148, 0.0067, 0.0894, 0.0997, 0.1421, 0.1392, 0.0869, 0.3991, 0.0066,
         0.0156],
        [0.3959, 0.0069, 0.2811, 0.0551, 0.0840, 0.0387, 0.0156, 0.0244, 0.0856,
         0.0128],
        [0.0089, 0.0036, 0.1908, 0.1209, 0.1788, 0.1139, 0.3412, 0.0351, 0.0031,
         0.0037],
        [0.0954, 0.2403, 0.0126, 0.0127, 0.0085, 0.0056, 0.0051, 0.0064, 0.4280,
         0.1855],
        [0.0547, 0.0202, 0.1069, 0.1837, 0.0729, 0.2298, 0.0532, 0.2078, 0.0234,
         0.0474],
        [0.1073, 0.3882, 0.0043, 0.0011, 0.0029, 0.0009, 0.0018, 0.0048, 0.0163,
         0.4724],
        [0.4406, 0.0670, 0.0386, 0.0132, 0.0122, 0.0082, 0.0032, 0.0072, 0.3507,
         0.0592],
        [0.0302, 0.2827, 0.0050, 0.0037, 0.0041, 0.0037, 0.0038, 0.0144, 0.0157,
         0.6368],
        [0.0216, 0.7524, 0.0019, 0.0012, 0.0014, 0.0007, 0.0010, 0.0016, 0.0675,
         0.1506],
        [0.0607, 0.3653, 0.0040, 0.0025, 0.0026, 0.0011, 0.0013, 0.0013, 0.4149,
         0.1463],
        [0.0044, 0.0018, 0.1354, 0.0776, 0.2094, 0.0554, 0.4755, 0.0374, 0.0012,
         0.0020],
        [0.1430, 0.0543, 0.0450, 0.0292, 0.0229, 0.0186, 0.0093, 0.0114, 0.5518,
         0.1145],
        [0.7642, 0.0041, 0.0187, 0.0010, 0.0040, 0.0007, 0.0004, 0.0006, 0.2024,
         0.0038],
        [0.0119, 0.0067, 0.0865, 0.1026, 0.1992, 0.1094, 0.2538, 0.2149, 0.0037,
         0.0113],
        [0.0454, 0.0084, 0.2553, 0.1479, 0.1817, 0.1567, 0.0574, 0.1172, 0.0183,
         0.0116],
        [0.0381, 0.0025, 0.3223, 0.0419, 0.3613, 0.0466, 0.0453, 0.1304, 0.0073,
         0.0042],
        [0.0204, 0.0087, 0.0822, 0.3337, 0.0523, 0.3382, 0.0684, 0.0786, 0.0088,
         0.0087],
        [0.0130, 0.0014, 0.2175, 0.0311, 0.3790, 0.0380, 0.0535, 0.2600, 0.0030,
         0.0036],
        [0.0171, 0.6948, 0.0050, 0.0071, 0.0043, 0.0089, 0.0068, 0.0121, 0.0114,
         0.2324],
        [0.0216, 0.8326, 0.0017, 0.0016, 0.0011, 0.0010, 0.0008, 0.0010, 0.0647,
         0.0738],
        [0.0072, 0.0030, 0.1229, 0.1003, 0.2283, 0.0866, 0.3811, 0.0634, 0.0027,
         0.0045],
        [0.0062, 0.0032, 0.0793, 0.0840, 0.1839, 0.0534, 0.4998, 0.0830, 0.0022,
         0.0051],
        [0.0054, 0.0068, 0.0349, 0.2830, 0.0497, 0.3304, 0.1782, 0.1028, 0.0026,
         0.0062],
        [0.0530, 0.0693, 0.0664, 0.1933, 0.0482, 0.2077, 0.0669, 0.1300, 0.0405,
         0.1248],
        [0.0042, 0.8333, 0.0002, 0.0001, 0.0002, 0.0001, 0.0002, 0.0005, 0.0018,
         0.1594],
        [0.0064, 0.0049, 0.0474, 0.1900, 0.1010, 0.1923, 0.2780, 0.1704, 0.0025,
         0.0072],
        [0.2124, 0.0015, 0.0046, 0.0003, 0.0016, 0.0001, 0.0001, 0.0002, 0.7774,
         0.0017],
        [0.0033, 0.0021, 0.0787, 0.1338, 0.1404, 0.1197, 0.4714, 0.0473, 0.0012,
         0.0020],
        [0.0085, 0.0066, 0.0491, 0.2498, 0.0528, 0.4167, 0.0855, 0.1191, 0.0045,
         0.0075],
        [0.1400, 0.1015, 0.0356, 0.0223, 0.0281, 0.0147, 0.0150, 0.0286, 0.2235,
         0.3907],
        [0.3647, 0.0226, 0.1778, 0.1020, 0.0674, 0.0898, 0.0225, 0.0625, 0.0564,
         0.0345],
        [0.0098, 0.0060, 0.0859, 0.2674, 0.0725, 0.3715, 0.0914, 0.0832, 0.0062,
         0.0060],
        [0.1980, 0.0279, 0.0345, 0.0132, 0.0136, 0.0074, 0.0036, 0.0044, 0.6717,
         0.0257],
        [0.0274, 0.0549, 0.0330, 0.0827, 0.0437, 0.0952, 0.0744, 0.2822, 0.0125,
         0.2939],
        [0.0057, 0.0047, 0.0484, 0.2777, 0.0688, 0.3354, 0.1740, 0.0791, 0.0025,
         0.0037],
        [0.6989, 0.0123, 0.0697, 0.0097, 0.0194, 0.0075, 0.0034, 0.0047, 0.1635,
         0.0109],
        [0.2462, 0.1953, 0.0434, 0.0196, 0.0189, 0.0122, 0.0081, 0.0123, 0.3237,
         0.1203],
        [0.3063, 0.0049, 0.0886, 0.0106, 0.1202, 0.0100, 0.0077, 0.4054, 0.0144,
         0.0320],
        [0.0070, 0.0040, 0.0398, 0.0698, 0.1315, 0.0972, 0.1108, 0.5267, 0.0025,
         0.0105],
        [0.0116, 0.8776, 0.0017, 0.0012, 0.0010, 0.0014, 0.0013, 0.0039, 0.0035,
         0.0969],
        [0.0038, 0.0027, 0.0759, 0.0983, 0.1297, 0.0695, 0.5889, 0.0275, 0.0012,
         0.0024],
        [0.0125, 0.0070, 0.0780, 0.3201, 0.0612, 0.3659, 0.0715, 0.0717, 0.0064,
         0.0057],
        [0.0316, 0.1326, 0.0529, 0.1252, 0.0557, 0.1121, 0.1068, 0.1105, 0.0286,
         0.2440],
        [0.2572, 0.0029, 0.4828, 0.0396, 0.1130, 0.0266, 0.0162, 0.0150, 0.0421,
         0.0045],
        [0.0911, 0.0656, 0.0257, 0.0162, 0.0160, 0.0063, 0.0073, 0.0079, 0.5827,
         0.1811],
        [0.2154, 0.0784, 0.0503, 0.0240, 0.0269, 0.0106, 0.0111, 0.0106, 0.4822,
         0.0905],
        [0.1162, 0.4045, 0.0738, 0.0532, 0.0380, 0.0373, 0.0290, 0.0280, 0.1106,
         0.1094],
        [0.3174, 0.6018, 0.0042, 0.0011, 0.0036, 0.0012, 0.0010, 0.0035, 0.0251,
         0.0410]], device='cuda:0', grad_fn=<SoftmaxBackward>)
>> best accuracy: 48.94	best epoch: 5

>> final recovery rate: 100.0%
>> val epoch: 10
>> current accuracy: 61.44%
outputs: tensor([[3.7618e-01, 3.8652e-02, 2.0297e-02, 4.5488e-03, 4.5797e-03, 1.6659e-03,
         2.3051e-03, 1.5763e-03, 5.2320e-01, 2.6995e-02],
        [2.7659e-02, 6.8169e-03, 3.8680e-03, 3.7304e-03, 1.1219e-02, 2.0429e-03,
         3.4727e-03, 4.3385e-02, 2.8841e-02, 8.6897e-01],
        [2.2960e-01, 1.7585e-01, 8.6332e-02, 9.5741e-02, 3.2045e-02, 2.8301e-02,
         4.8774e-02, 3.0041e-02, 1.8483e-01, 8.8490e-02],
        [3.6696e-03, 1.5227e-03, 2.4754e-01, 6.3245e-02, 1.9169e-01, 2.2103e-02,
         4.6210e-01, 5.6928e-03, 1.2292e-03, 1.2017e-03],
        [2.2621e-03, 1.8129e-03, 3.6401e-02, 6.4041e-02, 8.1279e-02, 1.1705e-02,
         7.8998e-01, 8.4116e-03, 1.0544e-03, 3.0503e-03],
        [7.4243e-03, 6.8789e-01, 1.8856e-03, 2.1982e-03, 1.6566e-03, 8.0281e-04,
         4.3863e-03, 1.5964e-03, 1.1827e-02, 2.8034e-01],
        [4.8861e-02, 2.1435e-01, 7.7147e-02, 2.2756e-01, 3.0129e-02, 1.5881e-01,
         5.1661e-02, 5.7921e-02, 3.1581e-02, 1.0197e-01],
        [1.1410e-03, 8.8163e-04, 1.0755e-02, 2.0193e-01, 5.0752e-03, 7.4728e-01,
         1.5855e-03, 2.9702e-02, 7.9954e-04, 8.4937e-04],
        [1.3195e-02, 2.6775e-03, 9.3602e-02, 2.1880e-01, 6.9279e-02, 4.6167e-01,
         1.1002e-02, 1.1404e-01, 9.8610e-03, 5.8818e-03],
        [1.0798e-03, 1.5186e-04, 1.2995e-02, 3.1015e-03, 1.3634e-01, 1.6161e-02,
         4.4300e-04, 8.2856e-01, 2.7197e-04, 8.9605e-04],
        [5.7992e-03, 1.9845e-03, 1.9404e-01, 1.5876e-01, 3.0799e-01, 2.0566e-01,
         2.8961e-02, 9.1178e-02, 3.1929e-03, 2.4332e-03],
        [9.4506e-03, 8.0765e-01, 4.1323e-04, 3.1569e-04, 4.0790e-04, 2.6629e-04,
         3.4704e-04, 1.1980e-03, 9.1010e-04, 1.7904e-01],
        [6.4209e-02, 1.8849e-02, 1.0010e-01, 1.9156e-01, 4.9220e-02, 2.4899e-01,
         3.7892e-02, 2.2570e-01, 1.2782e-02, 5.0708e-02],
        [1.7072e-01, 1.3411e-03, 6.6621e-01, 2.4543e-02, 7.5117e-02, 9.9114e-03,
         2.9044e-02, 3.7245e-03, 1.7632e-02, 1.7593e-03],
        [7.1848e-01, 5.6633e-03, 1.6706e-01, 1.5614e-02, 2.6950e-02, 8.3571e-03,
         7.8608e-03, 7.9900e-03, 3.4657e-02, 7.3664e-03],
        [1.4342e-03, 8.8433e-01, 5.6925e-05, 6.5888e-05, 4.6742e-05, 4.7637e-05,
         6.2329e-05, 1.3984e-04, 4.4100e-04, 1.1338e-01],
        [1.7248e-01, 1.8317e-01, 2.1870e-02, 1.6824e-02, 1.1816e-02, 7.7470e-03,
         6.5165e-03, 1.0945e-02, 3.6463e-01, 2.0400e-01],
        [2.5207e-01, 7.5870e-03, 4.2006e-01, 6.1810e-02, 1.0511e-01, 3.4347e-02,
         4.1191e-02, 1.2990e-02, 5.8323e-02, 6.5144e-03],
        [4.5699e-03, 7.3561e-01, 8.6601e-04, 6.1788e-04, 1.1695e-03, 3.7602e-04,
         2.8152e-03, 1.1296e-03, 1.6927e-03, 2.5116e-01],
        [1.0762e-01, 2.2151e-03, 1.8723e-02, 6.0130e-03, 1.1419e-01, 9.3598e-03,
         1.0858e-03, 6.7059e-01, 1.4487e-02, 5.5720e-02],
        [8.3088e-02, 7.5197e-03, 1.3655e-02, 9.4018e-03, 4.8582e-03, 2.4735e-03,
         1.7853e-03, 2.4711e-03, 8.6109e-01, 1.3659e-02],
        [7.9274e-02, 7.8839e-03, 2.2331e-01, 2.3066e-01, 1.0627e-01, 1.8031e-01,
         4.3918e-02, 6.5327e-02, 4.4202e-02, 1.8845e-02],
        [2.5955e-03, 8.9162e-04, 4.0846e-02, 1.7689e-02, 2.9600e-01, 1.0564e-01,
         3.2331e-03, 5.2977e-01, 1.0831e-03, 2.2551e-03],
        [7.7128e-02, 5.2836e-01, 5.4527e-02, 3.3736e-02, 2.8762e-02, 3.0994e-02,
         2.7584e-02, 3.8058e-02, 1.5845e-02, 1.6501e-01],
        [1.0927e-02, 5.4783e-03, 5.1717e-02, 2.2922e-01, 1.2880e-01, 1.2849e-01,
         2.4701e-01, 1.7709e-01, 5.1166e-03, 1.6150e-02],
        [8.9089e-01, 2.7346e-03, 6.9748e-02, 2.9899e-03, 7.2994e-03, 2.0199e-03,
         1.6313e-03, 1.2385e-03, 1.8790e-02, 2.6563e-03],
        [3.4227e-02, 1.4109e-02, 2.4530e-03, 1.7091e-03, 3.4077e-03, 4.3579e-04,
         1.9505e-03, 1.1515e-03, 7.6672e-01, 1.7384e-01],
        [1.0370e-01, 8.8310e-03, 7.9542e-03, 2.7942e-03, 3.0527e-03, 7.5856e-04,
         1.3498e-03, 8.6092e-04, 8.5954e-01, 1.1153e-02],
        [3.2107e-02, 2.0006e-02, 1.3458e-01, 1.4535e-01, 1.7194e-01, 1.1132e-01,
         1.3740e-01, 1.6657e-01, 1.9968e-02, 6.0761e-02],
        [1.0841e-02, 9.3182e-03, 1.4168e-01, 2.2338e-01, 1.8459e-01, 2.6451e-01,
         5.4857e-02, 9.4891e-02, 6.2058e-03, 9.7266e-03],
        [2.0651e-03, 7.6349e-04, 1.2482e-01, 3.5511e-02, 1.8900e-01, 1.2057e-02,
         6.3015e-01, 4.3750e-03, 5.2131e-04, 7.4327e-04],
        [3.1388e-03, 2.8451e-03, 9.6877e-02, 1.3539e-01, 2.1889e-01, 6.3916e-02,
         4.4161e-01, 3.2060e-02, 1.7683e-03, 3.5072e-03],
        [1.4219e-03, 7.7519e-04, 2.5295e-02, 2.0596e-02, 2.6989e-01, 1.0782e-01,
         6.5465e-03, 5.6496e-01, 8.4688e-04, 1.8498e-03],
        [7.8139e-01, 3.5248e-02, 1.0946e-02, 1.2454e-03, 3.3679e-03, 6.6435e-04,
         9.1979e-04, 1.1685e-03, 1.5046e-01, 1.4591e-02],
        [2.7727e-03, 3.0766e-03, 2.9380e-02, 4.2163e-01, 1.4600e-02, 4.8429e-01,
         7.9137e-03, 3.0827e-02, 3.4811e-03, 2.0322e-03],
        [4.6797e-02, 8.8633e-02, 2.6065e-02, 9.9739e-02, 1.5594e-02, 1.0518e-01,
         1.1263e-02, 5.5148e-02, 1.5063e-01, 4.0095e-01],
        [2.0081e-02, 2.8684e-01, 5.5290e-02, 1.1590e-01, 5.2905e-02, 1.4760e-01,
         5.0362e-02, 1.5029e-01, 7.7407e-03, 1.1299e-01],
        [7.9329e-03, 3.6820e-03, 1.7166e-01, 1.1283e-01, 1.4293e-01, 4.1209e-02,
         4.9484e-01, 1.9140e-02, 2.4621e-03, 3.3167e-03],
        [1.7367e-02, 2.6604e-03, 3.2012e-01, 3.3765e-01, 6.0549e-02, 1.8748e-01,
         5.0175e-02, 1.2913e-02, 9.0040e-03, 2.0801e-03],
        [1.8829e-01, 3.9388e-01, 1.7582e-02, 9.6162e-03, 6.0278e-03, 7.3915e-03,
         6.4207e-03, 1.1576e-02, 2.9982e-02, 3.2924e-01],
        [2.0812e-03, 2.2126e-03, 5.3428e-02, 2.9887e-01, 7.1272e-02, 6.2782e-02,
         4.9702e-01, 9.6782e-03, 1.0745e-03, 1.5757e-03],
        [3.3864e-03, 2.4100e-03, 1.2231e-01, 4.1592e-01, 1.0007e-01, 1.3210e-01,
         2.0157e-01, 1.8713e-02, 1.8295e-03, 1.6893e-03],
        [1.9682e-03, 7.1149e-04, 6.4405e-02, 1.2790e-02, 6.9527e-01, 3.2100e-02,
         1.3046e-02, 1.7777e-01, 7.7477e-04, 1.1598e-03],
        [8.8441e-01, 2.2011e-03, 5.2983e-02, 2.7908e-03, 1.1488e-02, 1.7620e-03,
         1.9537e-03, 2.2890e-03, 3.5995e-02, 4.1316e-03],
        [6.0775e-04, 2.2408e-04, 8.6515e-03, 1.9769e-03, 8.5553e-01, 3.4984e-03,
         1.4301e-02, 1.1402e-01, 2.4319e-04, 9.4796e-04],
        [7.5158e-02, 1.1991e-02, 1.6430e-01, 2.1498e-01, 1.0242e-01, 1.6827e-01,
         6.8809e-02, 1.4945e-01, 2.0850e-02, 2.3760e-02],
        [2.4336e-02, 1.4658e-02, 1.7099e-01, 1.9551e-01, 1.0430e-01, 5.2976e-02,
         3.4962e-01, 2.1059e-02, 3.8016e-02, 2.8539e-02],
        [8.5330e-03, 4.0617e-03, 5.6187e-03, 4.6156e-03, 6.6776e-02, 6.4634e-03,
         3.5876e-03, 8.4580e-01, 1.6706e-03, 5.2869e-02],
        [7.5084e-03, 1.1070e-02, 7.9051e-03, 5.2778e-02, 1.5607e-02, 1.2635e-01,
         5.3557e-03, 5.1181e-01, 4.5344e-03, 2.5707e-01],
        [9.7208e-04, 8.7462e-01, 3.3343e-04, 1.5712e-03, 2.5758e-04, 6.5757e-04,
         1.6610e-03, 6.9018e-04, 7.2087e-04, 1.1852e-01],
        [4.2204e-03, 6.1218e-03, 4.1833e-02, 3.6313e-01, 5.5826e-02, 4.0964e-01,
         4.1721e-02, 6.9632e-02, 3.0655e-03, 4.8137e-03],
        [7.1394e-03, 3.0952e-02, 2.1211e-04, 2.7203e-04, 8.5113e-05, 4.2031e-05,
         6.4836e-05, 7.4199e-05, 9.5655e-01, 4.6071e-03],
        [7.9793e-02, 2.9235e-03, 5.9872e-01, 7.3691e-02, 1.2576e-01, 3.3183e-02,
         5.3698e-02, 1.2237e-02, 1.5819e-02, 4.1765e-03],
        [5.7252e-01, 6.5729e-02, 1.7157e-01, 1.7449e-02, 4.9971e-02, 1.0030e-02,
         2.8187e-02, 1.1208e-02, 5.3014e-02, 2.0318e-02],
        [2.8697e-01, 8.2513e-02, 1.4224e-01, 1.1882e-01, 3.7859e-02, 5.3995e-02,
         4.6603e-02, 3.7881e-02, 1.3430e-01, 5.8821e-02],
        [4.9052e-01, 3.2352e-01, 1.3670e-03, 1.8837e-04, 1.6647e-03, 1.9105e-04,
         3.6033e-04, 1.6762e-03, 6.2104e-03, 1.7430e-01],
        [3.4189e-03, 3.7808e-03, 9.5533e-02, 2.9094e-01, 6.2357e-02, 4.1843e-02,
         4.9145e-01, 6.7207e-03, 2.1213e-03, 1.8335e-03],
        [8.8324e-03, 6.8133e-03, 3.0994e-02, 8.7453e-02, 6.4223e-02, 2.9689e-01,
         8.5174e-03, 4.6138e-01, 5.1061e-03, 2.9783e-02],
        [3.3183e-03, 1.3039e-03, 1.6547e-01, 3.6129e-01, 8.5058e-02, 3.1053e-01,
         4.8203e-02, 2.2734e-02, 1.2250e-03, 8.6682e-04],
        [1.6345e-03, 1.6059e-03, 2.2028e-03, 2.5502e-03, 3.6512e-02, 1.2278e-02,
         5.7745e-04, 9.2590e-01, 4.2797e-04, 1.6311e-02],
        [8.1994e-03, 4.4329e-03, 1.7499e-01, 1.9181e-01, 1.3884e-01, 5.6850e-02,
         4.0067e-01, 1.5297e-02, 4.7951e-03, 4.1144e-03],
        [6.6760e-04, 5.4031e-04, 1.1718e-02, 9.5361e-03, 1.7102e-02, 9.3580e-04,
         9.5818e-01, 5.5722e-04, 1.7969e-04, 5.8864e-04],
        [4.0436e-03, 5.2609e-03, 6.0655e-02, 1.3193e-01, 1.5601e-01, 2.8568e-01,
         1.9509e-02, 3.3031e-01, 2.2929e-03, 4.2992e-03],
        [5.2566e-01, 3.2913e-02, 2.2452e-01, 1.6437e-02, 7.8773e-02, 6.9097e-03,
         4.5542e-02, 1.3136e-02, 4.1756e-02, 1.4357e-02],
        [1.2134e-03, 2.8523e-04, 1.8438e-05, 1.2891e-05, 1.3349e-05, 2.0786e-06,
         4.0007e-06, 3.4695e-06, 9.9786e-01, 5.8872e-04],
        [2.6294e-02, 2.0761e-02, 2.6920e-02, 8.8267e-02, 7.1335e-02, 5.6505e-02,
         8.4866e-02, 3.0778e-01, 1.5702e-02, 3.0157e-01],
        [9.0623e-03, 7.3285e-03, 1.6020e-01, 1.6518e-01, 2.1978e-01, 5.0283e-02,
         3.3935e-01, 3.5623e-02, 6.7667e-03, 6.4278e-03],
        [1.3245e-01, 7.2185e-03, 9.6872e-02, 5.1810e-02, 2.3274e-02, 1.6457e-02,
         1.2551e-02, 6.1900e-03, 6.3776e-01, 1.5419e-02],
        [6.7374e-01, 2.4273e-03, 3.0740e-02, 2.7547e-03, 5.1230e-03, 1.0965e-03,
         7.3950e-04, 6.0761e-04, 2.8024e-01, 2.5374e-03],
        [1.6024e-02, 3.2059e-01, 4.9487e-03, 1.0727e-02, 2.1361e-03, 2.1372e-03,
         4.7087e-03, 1.4408e-03, 5.7467e-01, 6.2624e-02],
        [5.1645e-03, 7.2385e-01, 5.7128e-04, 6.0818e-04, 3.4047e-04, 4.9154e-04,
         7.3392e-04, 9.2205e-04, 1.7797e-03, 2.6553e-01],
        [5.8687e-03, 1.1595e-03, 2.1147e-01, 4.5569e-02, 4.3507e-01, 1.4658e-01,
         8.5008e-03, 1.4234e-01, 1.9590e-03, 1.4924e-03]],
       device='cuda:0', grad_fn=<SoftmaxBackward>)
>> best accuracy: 61.44	best epoch: 10

>> final recovery rate: 100.0%
>> val epoch: 15
>> current accuracy: 67.60000000000001%
outputs: tensor([[1.0036e-03, 8.4669e-05, 2.7720e-03, 2.4870e-04, 1.5505e-01, 1.0914e-03,
         7.9538e-05, 8.3926e-01, 1.0037e-04, 3.1173e-04],
        [1.2966e-02, 1.8562e-04, 1.7764e-04, 1.2987e-04, 1.1206e-04, 3.0296e-05,
         1.7188e-05, 3.6903e-05, 9.8578e-01, 5.6184e-04],
        [4.0780e-02, 1.3674e-03, 8.7422e-02, 7.8062e-02, 8.0017e-02, 1.2535e-01,
         3.6238e-03, 5.6885e-01, 5.5301e-03, 8.9953e-03],
        [2.5775e-01, 2.7523e-03, 6.1796e-01, 2.8849e-02, 4.2472e-02, 1.1795e-02,
         1.9075e-02, 8.7263e-03, 8.7876e-03, 1.8334e-03],
        [3.0870e-01, 3.6414e-02, 7.3367e-02, 2.4101e-02, 9.1952e-02, 1.0380e-02,
         3.3290e-02, 2.1440e-02, 2.4919e-01, 1.5117e-01],
        [3.0332e-04, 2.4217e-02, 1.7332e-05, 3.6416e-05, 3.0481e-05, 2.1999e-05,
         3.7649e-05, 3.9284e-04, 7.0965e-05, 9.7487e-01],
        [8.8662e-04, 6.0985e-04, 5.1749e-02, 3.6088e-02, 7.3074e-01, 7.1224e-02,
         1.4717e-02, 9.2706e-02, 5.8582e-04, 6.9424e-04],
        [3.8262e-03, 1.0994e-03, 1.2798e-01, 3.8054e-02, 6.6478e-01, 4.5693e-02,
         1.4803e-02, 1.0000e-01, 1.8599e-03, 1.9017e-03],
        [4.6067e-03, 1.1110e-03, 3.0490e-02, 2.3756e-02, 5.4981e-01, 2.6072e-02,
         6.4186e-03, 3.5265e-01, 2.2968e-03, 2.7827e-03],
        [6.0014e-03, 4.2471e-04, 1.0546e-04, 1.9024e-04, 1.3277e-04, 3.5920e-05,
         2.9135e-05, 7.3926e-05, 9.9167e-01, 1.3390e-03],
        [8.2267e-03, 8.8357e-03, 9.0171e-02, 1.9166e-01, 3.1376e-01, 1.5086e-01,
         7.9701e-02, 1.2250e-01, 6.9765e-03, 2.7296e-02],
        [9.7752e-01, 1.3036e-03, 9.9649e-03, 4.0432e-04, 6.9966e-04, 2.0908e-04,
         2.4935e-04, 1.5888e-04, 8.9359e-03, 5.5150e-04],
        [2.1004e-02, 2.2580e-03, 5.9823e-04, 7.3826e-04, 3.0643e-04, 1.3699e-04,
         1.1121e-04, 1.9263e-04, 9.7244e-01, 2.2185e-03],
        [9.9894e-02, 1.5550e-02, 3.5148e-01, 2.9308e-01, 3.3723e-02, 8.2274e-02,
         5.8201e-02, 1.3089e-02, 4.7101e-02, 5.6033e-03],
        [1.9102e-03, 4.6300e-03, 1.0921e-04, 1.5571e-04, 2.7930e-04, 7.0007e-05,
         1.3340e-04, 8.5816e-04, 1.6954e-03, 9.9016e-01],
        [4.6652e-03, 2.4432e-03, 3.6192e-02, 2.0502e-02, 1.8078e-02, 2.7555e-03,
         9.1064e-01, 8.0286e-04, 1.1392e-03, 2.7808e-03],
        [1.6277e-02, 3.4298e-02, 4.0722e-02, 4.1395e-01, 5.3001e-02, 9.8087e-02,
         2.0348e-01, 3.3657e-02, 5.0350e-02, 5.6176e-02],
        [4.9999e-03, 2.1592e-03, 2.2764e-01, 3.3078e-01, 6.9128e-02, 2.9491e-01,
         5.0509e-02, 1.6031e-02, 2.2225e-03, 1.6151e-03],
        [7.6412e-03, 1.5918e-02, 4.6601e-02, 3.3000e-01, 6.3992e-02, 3.1275e-01,
         2.3539e-02, 1.8056e-01, 5.7437e-03, 1.3254e-02],
        [6.6446e-03, 3.7677e-03, 8.2169e-02, 2.4984e-01, 4.0433e-02, 2.4281e-02,
         5.8015e-01, 5.1392e-03, 3.7302e-03, 3.8522e-03],
        [9.6566e-02, 1.9646e-02, 6.4852e-02, 1.6309e-01, 6.5997e-02, 3.9592e-02,
         6.3597e-02, 4.2392e-02, 3.4369e-01, 1.0058e-01],
        [9.3366e-01, 1.8662e-03, 1.5175e-02, 2.1016e-03, 1.0938e-02, 1.9929e-03,
         4.1601e-04, 1.9407e-02, 6.4351e-03, 8.0113e-03],
        [3.5795e-04, 2.9969e-04, 1.7653e-02, 1.1887e-01, 2.4510e-02, 1.0004e-02,
         8.2716e-01, 8.0494e-04, 1.3344e-04, 2.0350e-04],
        [4.1760e-01, 1.1833e-02, 2.7206e-01, 8.4237e-02, 3.6609e-02, 3.2946e-02,
         1.0500e-01, 1.5481e-02, 1.0847e-02, 1.3393e-02],
        [7.2933e-04, 4.9510e-04, 5.8859e-02, 2.4992e-02, 8.0144e-01, 3.5454e-02,
         4.6931e-02, 3.0247e-02, 3.5535e-04, 4.9744e-04],
        [1.8347e-02, 4.0003e-01, 5.3404e-03, 1.9095e-02, 1.5341e-03, 2.4013e-02,
         2.0476e-03, 1.0165e-02, 2.0320e-02, 4.9911e-01],
        [6.7473e-01, 1.3244e-03, 2.2672e-02, 1.7783e-03, 9.5411e-03, 6.1071e-04,
         9.6306e-04, 1.2741e-03, 2.8235e-01, 4.7571e-03],
        [2.1808e-03, 3.1315e-03, 1.4897e-02, 2.5343e-01, 2.2026e-02, 5.7362e-01,
         9.5389e-03, 1.1281e-01, 1.6670e-03, 6.7014e-03],
        [1.9872e-03, 6.3343e-04, 6.3733e-05, 1.1790e-04, 7.0303e-05, 1.5482e-05,
         3.1065e-05, 2.7637e-05, 9.9419e-01, 2.8656e-03],
        [9.1677e-05, 9.9796e-01, 4.1184e-06, 4.0143e-06, 9.7023e-07, 4.8255e-06,
         2.7534e-06, 3.7654e-06, 7.6919e-05, 1.8532e-03],
        [4.6788e-04, 1.5409e-04, 5.5014e-03, 3.6503e-03, 1.8760e-01, 1.0909e-02,
         6.6755e-04, 7.9002e-01, 2.2670e-04, 7.9915e-04],
        [2.7947e-01, 6.2398e-02, 1.6136e-03, 9.9390e-04, 3.1737e-03, 3.5905e-04,
         8.1798e-04, 2.9424e-03, 6.8232e-02, 5.8000e-01],
        [1.2633e-03, 1.9890e-03, 2.4362e-02, 2.5882e-01, 1.4282e-01, 4.2683e-01,
         7.4304e-02, 6.6163e-02, 1.1646e-03, 2.2870e-03],
        [1.5722e-03, 5.1131e-04, 2.3806e-01, 3.1869e-02, 6.3394e-01, 5.5125e-02,
         2.1599e-02, 1.6258e-02, 6.0939e-04, 4.6269e-04],
        [5.9854e-03, 2.8845e-03, 9.2503e-02, 1.2352e-01, 2.4652e-01, 1.9713e-01,
         8.8477e-03, 3.1524e-01, 2.8811e-03, 4.4919e-03],
        [8.3582e-04, 8.1261e-04, 1.1225e-02, 5.9354e-01, 6.6542e-03, 3.5735e-01,
         1.9435e-02, 9.0875e-03, 4.9808e-04, 5.6311e-04],
        [2.5514e-02, 7.8376e-03, 5.6494e-02, 6.9557e-02, 4.3934e-01, 4.5755e-02,
         3.3444e-02, 2.5964e-01, 2.1587e-02, 4.0832e-02],
        [3.1137e-02, 9.2171e-01, 4.8416e-03, 2.0130e-03, 1.4251e-03, 9.1732e-04,
         4.0563e-03, 6.6234e-04, 2.1828e-02, 1.1407e-02],
        [1.5274e-04, 9.9621e-01, 9.2290e-06, 7.8706e-06, 2.6968e-06, 5.5315e-06,
         1.0054e-05, 3.1560e-06, 7.5237e-04, 2.8455e-03],
        [1.8876e-03, 8.6846e-04, 2.2495e-01, 5.8785e-02, 5.4237e-01, 8.3245e-02,
         1.4281e-02, 7.2124e-02, 8.6192e-04, 6.3203e-04],
        [2.0093e-03, 7.0325e-04, 2.4313e-02, 1.6857e-01, 9.2962e-03, 6.8090e-01,
         1.1176e-03, 1.1039e-01, 1.4944e-03, 1.2170e-03],
        [8.8987e-02, 3.7282e-03, 8.4892e-03, 8.7196e-03, 6.1753e-03, 1.8302e-03,
         1.7902e-03, 2.8880e-03, 8.6954e-01, 7.8493e-03],
        [8.8821e-03, 4.3611e-02, 4.0327e-02, 2.1157e-01, 5.6213e-02, 4.4230e-02,
         5.2233e-01, 1.9361e-02, 9.0682e-03, 4.4413e-02],
        [6.5774e-01, 9.4899e-04, 2.6999e-01, 3.2605e-03, 4.6350e-02, 1.6305e-03,
         4.7700e-03, 4.2703e-03, 9.3403e-03, 1.7021e-03],
        [1.6871e-02, 1.7465e-03, 2.6517e-01, 1.0205e-01, 3.5861e-01, 9.4504e-02,
         1.5134e-02, 1.3159e-01, 8.3239e-03, 6.0057e-03],
        [1.2000e-02, 2.0570e-02, 7.0830e-03, 3.1355e-02, 1.3658e-02, 7.3984e-02,
         2.3213e-03, 6.9142e-01, 2.6973e-03, 1.4491e-01],
        [4.5411e-03, 6.0441e-03, 2.7366e-02, 3.2192e-01, 8.5159e-03, 5.6496e-01,
         6.0422e-03, 5.2153e-02, 3.7199e-03, 4.7355e-03],
        [3.7235e-03, 6.8139e-04, 3.4539e-01, 1.0555e-01, 6.4214e-02, 1.9906e-02,
         4.5739e-01, 1.9959e-03, 8.2241e-04, 3.2532e-04],
        [5.3619e-02, 1.4725e-01, 5.6486e-03, 1.8983e-03, 8.6143e-03, 1.0953e-03,
         5.8649e-03, 6.5425e-03, 1.7126e-02, 7.5234e-01],
        [5.1451e-02, 3.1745e-03, 4.8711e-01, 1.9449e-01, 8.2986e-02, 9.9677e-02,
         4.2444e-02, 2.9288e-02, 6.8129e-03, 2.5686e-03],
        [1.7656e-01, 8.9240e-03, 3.5963e-01, 3.3597e-02, 2.0646e-01, 3.3300e-02,
         2.9346e-02, 1.3279e-01, 7.4197e-03, 1.1970e-02],
        [7.7792e-04, 1.8884e-04, 3.6487e-03, 1.9351e-03, 3.1515e-02, 1.0083e-02,
         1.5988e-04, 9.5097e-01, 1.3731e-04, 5.8875e-04],
        [3.1817e-02, 3.2908e-01, 6.8288e-03, 1.2118e-02, 2.8710e-03, 9.2680e-03,
         5.8826e-03, 1.8826e-02, 5.9295e-03, 5.7738e-01],
        [1.1284e-02, 9.3718e-01, 1.9600e-03, 1.1374e-03, 1.1726e-03, 9.0329e-04,
         2.0002e-03, 9.7624e-04, 7.3717e-03, 3.6016e-02],
        [6.7768e-03, 1.4405e-03, 1.6874e-01, 3.2565e-02, 5.9019e-01, 1.4340e-02,
         1.5856e-01, 2.3902e-02, 2.1251e-03, 1.3563e-03],
        [4.7358e-03, 1.0028e-03, 5.6252e-01, 1.8942e-01, 3.8870e-02, 3.0968e-02,
         1.6838e-01, 2.3169e-03, 1.3416e-03, 4.4356e-04],
        [2.3250e-01, 1.2648e-02, 6.6904e-02, 2.9603e-02, 5.2199e-02, 1.1390e-02,
         1.9328e-02, 1.3046e-02, 4.6347e-01, 9.8911e-02],
        [3.6855e-03, 1.0145e-02, 2.2221e-02, 3.1620e-01, 4.1221e-02, 4.2062e-01,
         2.8262e-02, 1.3484e-01, 3.1604e-03, 1.9646e-02],
        [5.6482e-01, 9.8774e-03, 1.8210e-01, 6.8525e-03, 1.6140e-02, 8.2206e-04,
         4.9122e-02, 9.3171e-04, 1.6609e-01, 3.2515e-03],
        [3.4822e-04, 9.9477e-01, 6.4365e-05, 5.5408e-05, 1.6160e-05, 5.2180e-05,
         7.0609e-05, 3.4632e-05, 1.6119e-04, 4.4237e-03],
        [9.0706e-04, 6.4234e-04, 1.4156e-02, 1.0526e-02, 2.0449e-02, 2.3759e-03,
         9.4944e-01, 7.4642e-04, 1.7051e-04, 5.9152e-04],
        [3.5695e-04, 5.0726e-02, 1.9630e-05, 3.3791e-05, 1.6575e-05, 2.5708e-05,
         2.6980e-05, 9.1080e-05, 3.5034e-04, 9.4835e-01],
        [1.7051e-01, 2.2122e-02, 6.6585e-02, 1.0257e-01, 8.4673e-02, 2.7951e-02,
         5.9345e-02, 9.2093e-02, 1.0324e-01, 2.7092e-01],
        [5.0001e-01, 5.9067e-03, 3.7871e-01, 2.6344e-02, 3.4200e-02, 1.7492e-02,
         9.4586e-03, 7.0191e-03, 1.7622e-02, 3.2352e-03],
        [4.3849e-02, 5.5994e-03, 4.4522e-03, 8.2554e-03, 2.1005e-03, 1.5009e-03,
         8.2614e-04, 1.6398e-03, 9.2563e-01, 6.1505e-03],
        [3.1909e-01, 1.8400e-02, 3.9887e-01, 6.5030e-02, 5.6174e-02, 2.1786e-02,
         4.9405e-02, 1.5801e-02, 4.5915e-02, 9.5255e-03],
        [5.1951e-02, 2.5372e-03, 2.9348e-01, 2.9375e-01, 7.8406e-02, 1.7527e-01,
         6.1355e-02, 1.8715e-02, 1.7668e-02, 6.8779e-03],
        [1.0775e-01, 2.9441e-03, 6.5954e-01, 1.1971e-02, 1.3107e-01, 6.9053e-03,
         6.7024e-02, 4.3507e-03, 6.2754e-03, 2.1720e-03],
        [9.7195e-03, 2.5907e-03, 1.1234e-01, 2.1103e-01, 1.3458e-01, 3.1332e-01,
         1.2922e-02, 1.9254e-01, 5.4596e-03, 5.4883e-03],
        [4.3360e-04, 4.3216e-04, 7.9999e-03, 1.5823e-01, 5.4526e-03, 7.8801e-01,
         1.4254e-03, 3.7051e-02, 4.1389e-04, 5.4612e-04],
        [1.6375e-03, 2.7128e-03, 2.4113e-02, 1.0549e-01, 2.4732e-01, 7.2197e-02,
         5.2208e-01, 2.0237e-02, 1.0334e-03, 3.1822e-03],
        [2.1196e-03, 3.4876e-01, 1.9633e-04, 4.1734e-04, 8.7272e-05, 2.3443e-04,
         3.1533e-04, 2.1389e-04, 3.7720e-03, 6.4389e-01]],
       device='cuda:0', grad_fn=<SoftmaxBackward>)
>> best accuracy: 67.60000000000001	best epoch: 15

>> final recovery rate: 100.0%
>> val epoch: 20
>> current accuracy: 70.52000000000001%
outputs: tensor([[6.0157e-03, 1.3568e-03, 3.4639e-02, 4.7087e-01, 1.4662e-02, 4.3572e-01,
         1.1659e-02, 2.0246e-02, 2.8606e-03, 1.9749e-03],
        [5.7671e-04, 2.4534e-03, 1.3432e-05, 2.6785e-05, 1.7956e-05, 8.9540e-06,
         2.6725e-05, 5.4131e-05, 8.2049e-04, 9.9600e-01],
        [2.9271e-03, 3.4123e-04, 7.5442e-05, 1.3231e-04, 5.7753e-05, 3.0273e-05,
         3.9712e-05, 1.8362e-05, 9.9534e-01, 1.0387e-03],
        [3.4872e-03, 1.8846e-04, 6.4182e-05, 5.4378e-05, 4.8970e-05, 1.1154e-05,
         1.3423e-05, 1.1259e-05, 9.9581e-01, 3.0650e-04],
        [5.4317e-02, 1.0480e-03, 8.5592e-01, 1.0550e-02, 5.5387e-02, 4.4297e-03,
         9.7142e-03, 5.7368e-03, 2.5588e-03, 3.4206e-04],
        [4.3884e-03, 1.3694e-01, 3.0953e-03, 2.1380e-02, 8.0680e-04, 1.3589e-02,
         1.0395e-02, 2.8087e-03, 4.9867e-03, 8.0161e-01],
        [1.2100e-03, 5.0581e-05, 1.1898e-04, 5.8278e-05, 5.6218e-05, 7.5005e-06,
         2.2212e-05, 5.8037e-06, 9.9841e-01, 5.5300e-05],
        [1.0755e-02, 2.2545e-02, 8.2838e-05, 4.5333e-05, 5.8909e-05, 2.5731e-05,
         3.5227e-05, 1.1177e-04, 2.0527e-02, 9.4581e-01],
        [2.6602e-02, 8.5700e-02, 7.9503e-02, 2.5296e-01, 1.7309e-02, 5.4746e-02,
         4.4485e-01, 7.7548e-03, 1.7137e-02, 1.3437e-02],
        [5.6704e-02, 2.8522e-02, 4.1564e-01, 6.5404e-02, 1.2596e-01, 9.7122e-02,
         1.3195e-01, 5.0034e-02, 4.6602e-03, 2.4001e-02],
        [1.9355e-02, 6.9989e-02, 9.6033e-03, 3.0068e-02, 1.7955e-02, 2.0072e-02,
         4.6825e-03, 5.0647e-01, 5.0671e-03, 3.1674e-01],
        [3.0286e-03, 3.7925e-04, 7.5880e-01, 7.0839e-02, 6.4200e-02, 8.4031e-02,
         4.9508e-03, 1.2680e-02, 8.6100e-04, 2.3362e-04],
        [1.1321e-02, 5.8049e-04, 6.0783e-01, 9.7195e-03, 1.0694e-01, 3.9512e-03,
         2.5784e-01, 6.7315e-04, 7.6561e-04, 3.7418e-04],
        [4.0378e-03, 8.1805e-04, 1.8956e-02, 3.1847e-01, 5.6782e-03, 6.2886e-01,
         5.0113e-03, 1.5775e-02, 1.4583e-03, 9.3375e-04],
        [1.8358e-02, 1.1326e-03, 4.7171e-01, 3.3577e-01, 2.1262e-02, 1.1321e-01,
         2.3634e-02, 1.1266e-02, 2.8497e-03, 8.1303e-04],
        [1.1688e-04, 4.2972e-05, 3.5705e-03, 9.3711e-04, 9.4962e-01, 3.3321e-03,
         1.4999e-03, 4.0736e-02, 6.2271e-05, 8.1089e-05],
        [1.9402e-01, 8.8001e-02, 1.5879e-01, 7.4399e-02, 1.3563e-01, 2.8087e-02,
         2.1933e-01, 3.4184e-02, 2.8087e-02, 3.9474e-02],
        [6.2334e-02, 5.5969e-03, 5.5424e-01, 7.3456e-02, 1.0060e-01, 2.4089e-02,
         1.4880e-01, 8.3742e-03, 1.8458e-02, 4.0467e-03],
        [9.2234e-01, 8.1525e-04, 5.0164e-02, 1.5779e-03, 9.0204e-03, 7.0841e-04,
         1.3783e-03, 1.2131e-03, 1.1707e-02, 1.0770e-03],
        [1.2545e-02, 4.3231e-01, 3.2393e-03, 1.9866e-02, 5.2803e-03, 5.3460e-03,
         1.3068e-02, 1.0404e-02, 1.1756e-01, 3.8038e-01],
        [3.7999e-02, 2.4677e-02, 3.4814e-03, 3.9869e-02, 5.9117e-03, 3.0526e-03,
         1.5291e-02, 5.3801e-03, 8.2235e-01, 4.1984e-02],
        [3.5075e-03, 3.8878e-03, 1.2555e-02, 7.5133e-02, 8.7404e-03, 4.2090e-01,
         1.4366e-03, 4.6539e-01, 1.2801e-03, 7.1701e-03],
        [3.6227e-02, 4.0017e-03, 6.6415e-02, 2.9361e-01, 2.0541e-02, 3.8853e-01,
         8.9967e-03, 1.5938e-01, 1.0304e-02, 1.1991e-02],
        [1.3273e-03, 1.2186e-03, 5.6317e-03, 4.1513e-01, 6.9081e-03, 5.4054e-01,
         1.1296e-02, 1.3164e-02, 1.3740e-03, 3.4041e-03],
        [1.3297e-03, 8.6919e-04, 3.0927e-02, 1.5386e-02, 3.6613e-01, 3.6890e-02,
         1.1329e-02, 5.3573e-01, 3.6783e-04, 1.0389e-03],
        [9.6768e-04, 7.0871e-04, 1.6408e-02, 1.7036e-02, 4.2463e-01, 3.7967e-02,
         1.3575e-02, 4.8707e-01, 2.9142e-04, 1.3435e-03],
        [8.3321e-02, 3.4367e-03, 1.0540e-03, 1.1190e-03, 5.3264e-04, 7.9706e-04,
         6.9338e-05, 1.1572e-02, 3.5622e-02, 8.6248e-01],
        [2.9976e-03, 6.2935e-04, 1.0886e-01, 1.5616e-02, 6.0901e-01, 2.5187e-02,
         5.6761e-03, 2.3052e-01, 7.7587e-04, 7.2461e-04],
        [1.0724e-01, 3.1000e-03, 4.9593e-01, 2.0076e-01, 2.6380e-02, 3.8950e-02,
         4.6001e-02, 7.8813e-03, 7.0174e-02, 3.5910e-03],
        [1.2422e-03, 1.7575e-03, 8.0022e-03, 2.9943e-01, 1.8569e-03, 6.6353e-01,
         1.5757e-03, 1.9990e-02, 1.2816e-03, 1.3424e-03],
        [1.9066e-03, 2.7105e-01, 4.4642e-04, 7.7337e-04, 3.1198e-04, 4.3165e-04,
         3.9127e-04, 1.7022e-03, 2.4851e-03, 7.2050e-01],
        [3.3504e-02, 6.8369e-04, 7.0568e-01, 9.9863e-02, 2.6662e-02, 1.0651e-01,
         3.9437e-03, 1.9808e-02, 2.5554e-03, 7.9761e-04],
