noise type: uniform
noise level: 0.4
when_to_apply_epoch: 10
total clean data num: 27067
probability transition matrix:
[[0.6        0.04444444 0.04444444 0.04444444 0.04444444 0.04444444
  0.04444444 0.04444444 0.04444444 0.04444444]
 [0.04444444 0.6        0.04444444 0.04444444 0.04444444 0.04444444
  0.04444444 0.04444444 0.04444444 0.04444444]
 [0.04444444 0.04444444 0.6        0.04444444 0.04444444 0.04444444
  0.04444444 0.04444444 0.04444444 0.04444444]
 [0.04444444 0.04444444 0.04444444 0.6        0.04444444 0.04444444
  0.04444444 0.04444444 0.04444444 0.04444444]
 [0.04444444 0.04444444 0.04444444 0.04444444 0.6        0.04444444
  0.04444444 0.04444444 0.04444444 0.04444444]
 [0.04444444 0.04444444 0.04444444 0.04444444 0.04444444 0.6
  0.04444444 0.04444444 0.04444444 0.04444444]
 [0.04444444 0.04444444 0.04444444 0.04444444 0.04444444 0.04444444
  0.6        0.04444444 0.04444444 0.04444444]
 [0.04444444 0.04444444 0.04444444 0.04444444 0.04444444 0.04444444
  0.04444444 0.6        0.04444444 0.04444444]
 [0.04444444 0.04444444 0.04444444 0.04444444 0.04444444 0.04444444
  0.04444444 0.04444444 0.6        0.04444444]
 [0.04444444 0.04444444 0.04444444 0.04444444 0.04444444 0.04444444
  0.04444444 0.04444444 0.04444444 0.6       ]]
>> val epoch: 0
>> current accuracy: 43.1%
outputs: tensor([[0.0370, 0.5122, 0.0251, 0.0398, 0.0384, 0.0501, 0.0319, 0.0965, 0.0590,
         0.1100],
        [0.0444, 0.0523, 0.0656, 0.1322, 0.1222, 0.1693, 0.0266, 0.2829, 0.0350,
         0.0695],
        [0.0567, 0.0513, 0.0911, 0.0959, 0.1266, 0.0717, 0.0596, 0.2528, 0.0411,
         0.1531],
        [0.0500, 0.3894, 0.0426, 0.0550, 0.0559, 0.0396, 0.0517, 0.0798, 0.0716,
         0.1644],
        [0.0428, 0.0367, 0.1157, 0.1084, 0.2768, 0.0556, 0.2471, 0.0449, 0.0364,
         0.0357],
        [0.0450, 0.0706, 0.0913, 0.1188, 0.1964, 0.1301, 0.0846, 0.1487, 0.0345,
         0.0799],
        [0.0601, 0.0698, 0.0945, 0.1818, 0.1195, 0.1328, 0.0985, 0.1094, 0.0457,
         0.0880],
        [0.0358, 0.0366, 0.1323, 0.0774, 0.3498, 0.0553, 0.1642, 0.0680, 0.0342,
         0.0464],
        [0.0444, 0.0641, 0.0760, 0.1913, 0.1452, 0.1524, 0.1076, 0.1135, 0.0424,
         0.0630],
        [0.1082, 0.1080, 0.0410, 0.0494, 0.0200, 0.0371, 0.0434, 0.0625, 0.4497,
         0.0807],
        [0.0810, 0.0664, 0.0829, 0.1978, 0.0682, 0.1399, 0.0512, 0.1461, 0.0700,
         0.0964],
        [0.0452, 0.0599, 0.0812, 0.2185, 0.1045, 0.1853, 0.0815, 0.1274, 0.0417,
         0.0548],
        [0.0664, 0.1640, 0.0816, 0.1388, 0.1082, 0.0936, 0.0636, 0.1056, 0.0662,
         0.1119],
        [0.0630, 0.3132, 0.0584, 0.0840, 0.0773, 0.0556, 0.0591, 0.0760, 0.0719,
         0.1416],
        [0.0595, 0.0561, 0.0776, 0.1224, 0.0947, 0.0937, 0.1115, 0.1805, 0.0523,
         0.1516],
        [0.1661, 0.0695, 0.0905, 0.0893, 0.0773, 0.0806, 0.0515, 0.1186, 0.1390,
         0.1174],
        [0.0957, 0.1013, 0.1004, 0.1434, 0.1304, 0.1114, 0.0553, 0.1300, 0.0645,
         0.0676],
        [0.0477, 0.0747, 0.0466, 0.1387, 0.1088, 0.0841, 0.3251, 0.0543, 0.0470,
         0.0729],
        [0.0716, 0.0660, 0.0750, 0.1843, 0.0730, 0.2410, 0.0482, 0.1334, 0.0434,
         0.0641],
        [0.0544, 0.0619, 0.0737, 0.1948, 0.1175, 0.1214, 0.2073, 0.0597, 0.0560,
         0.0533],
        [0.1053, 0.2236, 0.0488, 0.0981, 0.0462, 0.0844, 0.0517, 0.0937, 0.1259,
         0.1223],
        [0.0962, 0.1562, 0.0448, 0.0473, 0.0276, 0.0331, 0.0485, 0.0475, 0.3131,
         0.1857],
        [0.0546, 0.2740, 0.0367, 0.0585, 0.0334, 0.0593, 0.0356, 0.0790, 0.0725,
         0.2963],
        [0.5677, 0.0325, 0.0666, 0.0351, 0.0431, 0.0396, 0.0300, 0.0458, 0.1070,
         0.0327],
        [0.1083, 0.1478, 0.0403, 0.0632, 0.0250, 0.0483, 0.0375, 0.0701, 0.3344,
         0.1250],
        [0.0469, 0.0456, 0.1216, 0.2018, 0.1797, 0.1354, 0.1148, 0.0653, 0.0504,
         0.0384],
        [0.0784, 0.0568, 0.0597, 0.1965, 0.0466, 0.2719, 0.0281, 0.1352, 0.0534,
         0.0735],
        [0.2264, 0.1312, 0.0588, 0.0733, 0.0578, 0.0797, 0.0370, 0.1071, 0.1234,
         0.1054],
        [0.0824, 0.0851, 0.0906, 0.1689, 0.1140, 0.0786, 0.0997, 0.0820, 0.1080,
         0.0907],
        [0.0873, 0.2778, 0.0672, 0.0699, 0.0895, 0.0483, 0.0660, 0.0841, 0.1414,
         0.0685],
        [0.0338, 0.4735, 0.0328, 0.0463, 0.0335, 0.0283, 0.0585, 0.0333, 0.1034,
         0.1565],
        [0.0795, 0.0679, 0.0899, 0.1789, 0.0802, 0.1467, 0.0518, 0.1426, 0.0580,
         0.1046],
        [0.1942, 0.1114, 0.0408, 0.0378, 0.0258, 0.0417, 0.0433, 0.0622, 0.3720,
         0.0708],
        [0.0357, 0.0363, 0.1456, 0.0895, 0.3247, 0.0772, 0.1399, 0.0772, 0.0325,
         0.0414],
        [0.0524, 0.0468, 0.0722, 0.0922, 0.1588, 0.0563, 0.3659, 0.0532, 0.0389,
         0.0633],
        [0.0219, 0.0340, 0.0639, 0.0467, 0.1881, 0.0756, 0.0254, 0.4759, 0.0169,
         0.0516],
        [0.0518, 0.3357, 0.0398, 0.0613, 0.0430, 0.0429, 0.0704, 0.0515, 0.2268,
         0.0768],
        [0.0819, 0.2115, 0.0627, 0.0615, 0.0773, 0.0522, 0.0821, 0.0777, 0.0738,
         0.2193],
        [0.0493, 0.0522, 0.1423, 0.1478, 0.1777, 0.1008, 0.1317, 0.0835, 0.0407,
         0.0740],
        [0.0852, 0.0771, 0.1118, 0.1083, 0.1341, 0.0719, 0.0643, 0.1196, 0.0635,
         0.1642],
        [0.3116, 0.1283, 0.0451, 0.0419, 0.0440, 0.0516, 0.0410, 0.1018, 0.1463,
         0.0883],
        [0.2348, 0.0797, 0.0939, 0.0880, 0.1164, 0.0570, 0.0600, 0.0810, 0.1465,
         0.0427],
        [0.0429, 0.0614, 0.0737, 0.3022, 0.0699, 0.2142, 0.0683, 0.0808, 0.0427,
         0.0439],
        [0.0606, 0.0744, 0.1219, 0.1338, 0.1691, 0.1231, 0.0885, 0.1021, 0.0489,
         0.0776],
        [0.0503, 0.0578, 0.0747, 0.3179, 0.0660, 0.1909, 0.0565, 0.0845, 0.0537,
         0.0478],
        [0.0581, 0.3780, 0.0410, 0.0654, 0.0445, 0.0536, 0.0411, 0.0758, 0.0864,
         0.1560],
        [0.0427, 0.0398, 0.1140, 0.0798, 0.2490, 0.0560, 0.2814, 0.0525, 0.0319,
         0.0530],
        [0.0784, 0.2639, 0.0570, 0.0768, 0.0804, 0.0837, 0.0452, 0.1237, 0.0590,
         0.1318],
        [0.1033, 0.1109, 0.0666, 0.1029, 0.0779, 0.1115, 0.0484, 0.1608, 0.0680,
         0.1497],
        [0.0439, 0.0671, 0.0572, 0.2467, 0.0791, 0.1844, 0.1251, 0.0830, 0.0450,
         0.0685],
        [0.1102, 0.0963, 0.0510, 0.2133, 0.0567, 0.2012, 0.0291, 0.1239, 0.0629,
         0.0553],
        [0.2321, 0.0801, 0.0461, 0.0448, 0.0222, 0.0429, 0.0419, 0.0633, 0.3810,
         0.0456],
        [0.0345, 0.0376, 0.1743, 0.0645, 0.3321, 0.0606, 0.1040, 0.0971, 0.0263,
         0.0691],
        [0.0685, 0.0973, 0.0493, 0.1084, 0.0457, 0.1121, 0.0455, 0.1374, 0.0780,
         0.2578],
        [0.0315, 0.0383, 0.0948, 0.0721, 0.3177, 0.0437, 0.2864, 0.0490, 0.0297,
         0.0367],
        [0.1393, 0.0495, 0.1141, 0.2264, 0.0422, 0.1381, 0.0528, 0.0850, 0.0874,
         0.0652],
        [0.2937, 0.0679, 0.0894, 0.0740, 0.0495, 0.0639, 0.0491, 0.0905, 0.1303,
         0.0918],
        [0.0823, 0.0630, 0.0792, 0.2650, 0.0849, 0.1491, 0.0554, 0.0986, 0.0570,
         0.0654],
        [0.1631, 0.0830, 0.0506, 0.0415, 0.0238, 0.0402, 0.0424, 0.0635, 0.4134,
         0.0785],
        [0.0359, 0.2401, 0.0322, 0.0477, 0.0282, 0.0347, 0.0796, 0.0308, 0.0892,
         0.3816],
        [0.0179, 0.0309, 0.0243, 0.0390, 0.0601, 0.0699, 0.0102, 0.6750, 0.0146,
         0.0581],
        [0.0502, 0.0573, 0.1007, 0.1943, 0.1316, 0.1622, 0.1052, 0.0868, 0.0477,
         0.0641],
        [0.0812, 0.0731, 0.0932, 0.1757, 0.0966, 0.1381, 0.0495, 0.1611, 0.0547,
         0.0768],
        [0.1039, 0.1689, 0.0896, 0.0936, 0.1026, 0.0948, 0.0531, 0.1320, 0.0811,
         0.0803],
        [0.0418, 0.0429, 0.0559, 0.0888, 0.1747, 0.0442, 0.4372, 0.0418, 0.0343,
         0.0383],
        [0.0720, 0.0738, 0.0624, 0.1311, 0.0604, 0.1231, 0.0426, 0.1994, 0.0821,
         0.1530],
        [0.0530, 0.0626, 0.0779, 0.0711, 0.1532, 0.0690, 0.0395, 0.3215, 0.0432,
         0.1091],
        [0.0998, 0.1485, 0.0570, 0.0854, 0.0560, 0.0427, 0.0585, 0.0735, 0.3344,
         0.0443],
        [0.0195, 0.6538, 0.0159, 0.0254, 0.0221, 0.0286, 0.0411, 0.0224, 0.0709,
         0.1003],
        [0.0435, 0.0405, 0.1368, 0.0923, 0.2752, 0.0675, 0.1991, 0.0594, 0.0344,
         0.0512],
        [0.0660, 0.0519, 0.0500, 0.0921, 0.0762, 0.1264, 0.0186, 0.3791, 0.0476,
         0.0921],
        [0.0737, 0.0953, 0.0810, 0.0965, 0.1257, 0.0505, 0.2255, 0.0472, 0.0842,
         0.1205]], device='cuda:0', grad_fn=<SoftmaxBackward>)
>> best accuracy: 43.1	best epoch: 0

>> final recovery rate: 60.148888888888884%
>> val epoch: 5
>> current accuracy: 67.34%
outputs: tensor([[0.0570, 0.0504, 0.0654, 0.0449, 0.0339, 0.0351, 0.0390, 0.0488, 0.0436,
         0.5820],
        [0.0902, 0.0393, 0.1437, 0.1101, 0.1321, 0.2065, 0.0589, 0.1301, 0.0545,
         0.0347],
        [0.6385, 0.0702, 0.0295, 0.0322, 0.0368, 0.0307, 0.0368, 0.0411, 0.0470,
         0.0373],
        [0.0226, 0.0553, 0.0525, 0.0451, 0.0436, 0.0235, 0.0432, 0.0451, 0.0209,
         0.6481],
        [0.2795, 0.0575, 0.0674, 0.0554, 0.0578, 0.0452, 0.0556, 0.0560, 0.2784,
         0.0473],
        [0.0666, 0.0502, 0.0652, 0.2169, 0.0841, 0.0921, 0.0362, 0.1654, 0.0355,
         0.1878],
        [0.0483, 0.0440, 0.0523, 0.0617, 0.0539, 0.0361, 0.5799, 0.0515, 0.0306,
         0.0417],
        [0.2020, 0.1694, 0.0505, 0.0681, 0.1195, 0.0495, 0.0572, 0.0652, 0.0929,
         0.1256],
        [0.0359, 0.0505, 0.0284, 0.0520, 0.0457, 0.0718, 0.0295, 0.6181, 0.0384,
         0.0296],
        [0.0581, 0.1065, 0.0493, 0.0716, 0.0868, 0.0421, 0.0635, 0.0635, 0.1948,
         0.2638],
        [0.0577, 0.0525, 0.0314, 0.0621, 0.0490, 0.0950, 0.0337, 0.5182, 0.0373,
         0.0632],
        [0.6493, 0.0474, 0.0351, 0.0401, 0.0476, 0.0302, 0.0342, 0.0309, 0.0492,
         0.0360],
        [0.0631, 0.1301, 0.0587, 0.0638, 0.0412, 0.0451, 0.2572, 0.0947, 0.0701,
         0.1761],
        [0.3935, 0.0214, 0.1609, 0.0500, 0.1272, 0.0373, 0.0429, 0.0429, 0.0973,
         0.0266],
        [0.0662, 0.0366, 0.0837, 0.1445, 0.1582, 0.2194, 0.0513, 0.1495, 0.0496,
         0.0411],
        [0.0532, 0.0340, 0.0241, 0.1568, 0.0523, 0.0603, 0.4658, 0.0432, 0.0227,
         0.0875],
        [0.0444, 0.0568, 0.0915, 0.0788, 0.0218, 0.4861, 0.0515, 0.0840, 0.0504,
         0.0348],
        [0.0795, 0.0405, 0.0397, 0.1026, 0.1472, 0.1649, 0.0420, 0.2896, 0.0545,
         0.0394],
        [0.0743, 0.0495, 0.0756, 0.1166, 0.1152, 0.2677, 0.0739, 0.1451, 0.0500,
         0.0322],
        [0.0515, 0.0368, 0.0876, 0.0394, 0.0629, 0.0343, 0.5657, 0.0524, 0.0313,
         0.0382],
        [0.0619, 0.0502, 0.0946, 0.0387, 0.0893, 0.0340, 0.4956, 0.0643, 0.0378,
         0.0337],
        [0.1363, 0.1428, 0.1101, 0.1125, 0.0533, 0.0719, 0.0762, 0.0679, 0.0965,
         0.1324],
        [0.4996, 0.1059, 0.0300, 0.0467, 0.0446, 0.0366, 0.0527, 0.0473, 0.0914,
         0.0453],
        [0.0684, 0.0290, 0.0580, 0.0559, 0.3447, 0.0585, 0.0365, 0.2321, 0.0642,
         0.0529],
        [0.0555, 0.0451, 0.0312, 0.0456, 0.0620, 0.0708, 0.0392, 0.5541, 0.0481,
         0.0482],
        [0.1437, 0.0523, 0.1006, 0.0760, 0.1993, 0.0506, 0.0521, 0.0508, 0.2275,
         0.0470],
        [0.0686, 0.0298, 0.2441, 0.1228, 0.0950, 0.1259, 0.0400, 0.1848, 0.0471,
         0.0420],
        [0.0559, 0.0317, 0.4769, 0.0525, 0.0350, 0.1282, 0.0396, 0.1086, 0.0359,
         0.0356],
        [0.0373, 0.0569, 0.0489, 0.0468, 0.0365, 0.0289, 0.0608, 0.0982, 0.0184,
         0.5673],
        [0.0652, 0.0525, 0.0429, 0.3302, 0.0874, 0.0748, 0.2036, 0.0515, 0.0391,
         0.0528],
        [0.0800, 0.0402, 0.1793, 0.2988, 0.0733, 0.0862, 0.0470, 0.1000, 0.0553,
         0.0399],
        [0.0756, 0.3800, 0.0323, 0.0603, 0.0477, 0.0435, 0.0522, 0.0715, 0.1773,
         0.0596],
        [0.1897, 0.2336, 0.0624, 0.0523, 0.0449, 0.0395, 0.1201, 0.0618, 0.0612,
         0.1346],
        [0.0545, 0.0377, 0.3393, 0.0645, 0.0406, 0.1170, 0.1813, 0.0882, 0.0377,
         0.0392],
        [0.0515, 0.0332, 0.0501, 0.0484, 0.1057, 0.0564, 0.0331, 0.5432, 0.0414,
         0.0369],
        [0.0687, 0.0536, 0.0344, 0.0540, 0.0490, 0.0395, 0.0537, 0.0546, 0.5548,
         0.0377],
        [0.0911, 0.0659, 0.0587, 0.0576, 0.0641, 0.0482, 0.0612, 0.0605, 0.1724,
         0.3202],
        [0.0501, 0.0280, 0.0980, 0.0353, 0.4596, 0.0365, 0.1544, 0.0703, 0.0364,
         0.0314],
        [0.4646, 0.0347, 0.0464, 0.1371, 0.0593, 0.0668, 0.0646, 0.0440, 0.0522,
         0.0303],
        [0.2156, 0.0560, 0.1216, 0.1166, 0.1121, 0.0775, 0.0798, 0.0767, 0.0677,
         0.0766],
        [0.0633, 0.0212, 0.5001, 0.0830, 0.0775, 0.0336, 0.0973, 0.0512, 0.0375,
         0.0352],
        [0.0633, 0.6412, 0.0271, 0.0449, 0.0312, 0.0324, 0.0263, 0.0690, 0.0389,
         0.0256],
        [0.0617, 0.6073, 0.0243, 0.0456, 0.0296, 0.0362, 0.0382, 0.0614, 0.0475,
         0.0482],
        [0.0548, 0.1654, 0.0346, 0.0759, 0.0906, 0.0394, 0.0497, 0.0791, 0.0364,
         0.3742],
        [0.0817, 0.0453, 0.0989, 0.0526, 0.0639, 0.0336, 0.4754, 0.0691, 0.0437,
         0.0358],
        [0.3552, 0.2146, 0.0444, 0.0525, 0.0448, 0.0446, 0.0668, 0.0680, 0.0617,
         0.0474],
        [0.0964, 0.0388, 0.1273, 0.1255, 0.2075, 0.0599, 0.1312, 0.0773, 0.0750,
         0.0611],
        [0.0493, 0.0428, 0.1161, 0.0751, 0.0302, 0.3811, 0.0385, 0.1750, 0.0552,
         0.0367],
        [0.0672, 0.0387, 0.1416, 0.0398, 0.0572, 0.0397, 0.4741, 0.0731, 0.0385,
         0.0301],
        [0.0357, 0.0669, 0.0277, 0.0792, 0.0201, 0.5400, 0.0491, 0.1121, 0.0367,
         0.0325],
        [0.1590, 0.0513, 0.0598, 0.0752, 0.0676, 0.0523, 0.0862, 0.0562, 0.3486,
         0.0438],
        [0.2822, 0.0319, 0.0854, 0.1042, 0.0629, 0.0513, 0.0676, 0.0608, 0.1693,
         0.0844],
        [0.0688, 0.0343, 0.2450, 0.0552, 0.0695, 0.1394, 0.0836, 0.2150, 0.0468,
         0.0424],
        [0.2763, 0.0251, 0.2750, 0.0675, 0.0605, 0.0457, 0.0433, 0.1290, 0.0417,
         0.0358],
        [0.0468, 0.0374, 0.0376, 0.0508, 0.1623, 0.0394, 0.0333, 0.5127, 0.0496,
         0.0300],
        [0.1814, 0.0250, 0.2117, 0.1483, 0.1078, 0.0853, 0.0569, 0.0894, 0.0572,
         0.0370],
        [0.0925, 0.0404, 0.1001, 0.1286, 0.0677, 0.0638, 0.0764, 0.0938, 0.0435,
         0.2932],
        [0.0434, 0.0933, 0.0444, 0.0464, 0.0609, 0.0240, 0.0667, 0.0640, 0.0483,
         0.5087],
        [0.0353, 0.0286, 0.1025, 0.0465, 0.4410, 0.0582, 0.0276, 0.1826, 0.0436,
         0.0342],
        [0.1341, 0.4843, 0.0425, 0.0514, 0.0407, 0.0461, 0.0397, 0.0686, 0.0488,
         0.0438],
        [0.0384, 0.0440, 0.0407, 0.0383, 0.0460, 0.0202, 0.0493, 0.0528, 0.0305,
         0.6398],
        [0.0585, 0.0452, 0.0225, 0.0646, 0.0992, 0.0823, 0.0431, 0.4837, 0.0521,
         0.0487],
        [0.0478, 0.0587, 0.0685, 0.0504, 0.0339, 0.0406, 0.0571, 0.0875, 0.0279,
         0.5275],
        [0.0762, 0.0305, 0.3156, 0.1518, 0.1202, 0.0653, 0.0902, 0.0647, 0.0485,
         0.0370],
        [0.0815, 0.0428, 0.0765, 0.1944, 0.0459, 0.2748, 0.0783, 0.0949, 0.0747,
         0.0362],
        [0.0691, 0.0680, 0.0346, 0.0522, 0.0568, 0.0402, 0.0788, 0.0603, 0.4667,
         0.0733],
        [0.2770, 0.0440, 0.0603, 0.0985, 0.1917, 0.0621, 0.0842, 0.0688, 0.0743,
         0.0392],
        [0.0514, 0.1114, 0.0406, 0.0428, 0.0477, 0.0296, 0.0669, 0.0697, 0.0391,
         0.5008],
        [0.0514, 0.0613, 0.0197, 0.1220, 0.0256, 0.4430, 0.0631, 0.1320, 0.0436,
         0.0384],
        [0.0564, 0.0469, 0.0473, 0.0569, 0.0496, 0.0376, 0.5680, 0.0583, 0.0408,
         0.0382],
        [0.0764, 0.0322, 0.1124, 0.1234, 0.2285, 0.0818, 0.0435, 0.2021, 0.0567,
         0.0430],
        [0.1190, 0.0360, 0.0560, 0.0921, 0.0421, 0.1880, 0.0785, 0.2800, 0.0553,
         0.0531]], device='cuda:0', grad_fn=<SoftmaxBackward>)
>> best accuracy: 67.34	best epoch: 5

>> final recovery rate: 60.148888888888884%
>> val epoch: 10
>> current accuracy: 72.94%
outputs: tensor([[0.0609, 0.0748, 0.0498, 0.0339, 0.0508, 0.0373, 0.0568, 0.0480, 0.1135,
         0.4743],
        [0.0906, 0.1240, 0.0419, 0.0520, 0.0331, 0.0584, 0.0515, 0.0369, 0.4748,
         0.0368],
        [0.2140, 0.0521, 0.0484, 0.1209, 0.0799, 0.1208, 0.1153, 0.1323, 0.0463,
         0.0699],
        [0.0528, 0.0715, 0.0698, 0.1896, 0.1810, 0.1908, 0.0431, 0.1103, 0.0349,
         0.0562],
        [0.0588, 0.0519, 0.0482, 0.1606, 0.0495, 0.1608, 0.3526, 0.0342, 0.0323,
         0.0512],
        [0.0556, 0.0817, 0.1704, 0.1545, 0.0323, 0.2443, 0.0636, 0.0440, 0.1123,
         0.0413],
        [0.0647, 0.0518, 0.0413, 0.0644, 0.1939, 0.0765, 0.0324, 0.3892, 0.0432,
         0.0427],
        [0.0472, 0.0480, 0.0264, 0.0312, 0.0337, 0.0389, 0.0453, 0.0247, 0.6823,
         0.0223],
        [0.0540, 0.0542, 0.0690, 0.1009, 0.3109, 0.0793, 0.2191, 0.0378, 0.0319,
         0.0429],
        [0.0638, 0.0591, 0.0359, 0.0809, 0.1764, 0.0742, 0.2087, 0.2045, 0.0466,
         0.0500],
        [0.0441, 0.0416, 0.6494, 0.0290, 0.0565, 0.0407, 0.0250, 0.0314, 0.0432,
         0.0391],
        [0.0648, 0.0565, 0.2314, 0.1529, 0.0424, 0.1729, 0.0334, 0.1180, 0.0671,
         0.0605],
        [0.2043, 0.0909, 0.0461, 0.0394, 0.0412, 0.0377, 0.0567, 0.2426, 0.0271,
         0.2140],
        [0.0812, 0.0497, 0.0942, 0.1188, 0.3501, 0.0616, 0.1077, 0.0605, 0.0337,
         0.0425],
        [0.0540, 0.0558, 0.0526, 0.1224, 0.1234, 0.3227, 0.1251, 0.0506, 0.0369,
         0.0563],
        [0.0312, 0.0655, 0.0949, 0.1116, 0.4538, 0.0842, 0.0249, 0.0532, 0.0381,
         0.0426],
        [0.0586, 0.0487, 0.0488, 0.3003, 0.0591, 0.1175, 0.2499, 0.0355, 0.0413,
         0.0403],
        [0.0756, 0.0523, 0.0514, 0.0314, 0.0370, 0.0246, 0.0519, 0.0384, 0.0482,
         0.5891],
        [0.0403, 0.6286, 0.0348, 0.0348, 0.0407, 0.0540, 0.0381, 0.0308, 0.0474,
         0.0505],
        [0.1429, 0.0482, 0.3122, 0.1312, 0.1307, 0.0539, 0.0480, 0.0333, 0.0522,
         0.0473],
        [0.0855, 0.0611, 0.0484, 0.0364, 0.0414, 0.0334, 0.0352, 0.0316, 0.0625,
         0.5646],
        [0.0414, 0.6754, 0.0383, 0.0215, 0.0396, 0.0358, 0.0369, 0.0319, 0.0569,
         0.0224],
        [0.0717, 0.0687, 0.0369, 0.0650, 0.0424, 0.0750, 0.0356, 0.5024, 0.0597,
         0.0425],
        [0.0447, 0.0483, 0.0642, 0.0338, 0.0391, 0.0321, 0.0451, 0.0343, 0.0325,
         0.6259],
        [0.1096, 0.5049, 0.0375, 0.0472, 0.0454, 0.0523, 0.0449, 0.0376, 0.0740,
         0.0467],
        [0.0428, 0.0611, 0.0652, 0.0527, 0.5884, 0.0472, 0.0296, 0.0428, 0.0375,
         0.0328],
        [0.4891, 0.0351, 0.1583, 0.0564, 0.0480, 0.0379, 0.0431, 0.0388, 0.0592,
         0.0342],
        [0.0553, 0.0656, 0.0398, 0.0525, 0.0531, 0.0778, 0.0319, 0.5274, 0.0516,
         0.0450],
        [0.1172, 0.3018, 0.0385, 0.0364, 0.0535, 0.0551, 0.0411, 0.0343, 0.1236,
         0.1986],
        [0.1540, 0.1002, 0.0376, 0.0381, 0.0344, 0.0529, 0.0600, 0.0313, 0.4607,
         0.0310],
        [0.0734, 0.0376, 0.3564, 0.1130, 0.0487, 0.1130, 0.0581, 0.1064, 0.0424,
         0.0511],
        [0.4798, 0.0310, 0.1672, 0.0550, 0.0557, 0.0366, 0.0562, 0.0416, 0.0402,
         0.0366],
        [0.0224, 0.0461, 0.0380, 0.0444, 0.7058, 0.0398, 0.0201, 0.0278, 0.0272,
         0.0285],
        [0.7199, 0.0344, 0.0323, 0.0330, 0.0354, 0.0282, 0.0284, 0.0268, 0.0266,
         0.0350],
        [0.0636, 0.0922, 0.1434, 0.0903, 0.0351, 0.2159, 0.1866, 0.0359, 0.0908,
         0.0461],
        [0.0591, 0.0455, 0.0455, 0.0360, 0.0316, 0.0268, 0.0440, 0.0336, 0.0310,
         0.6470],
        [0.0641, 0.0645, 0.1591, 0.1222, 0.2048, 0.1519, 0.0672, 0.0618, 0.0407,
         0.0637],
        [0.0683, 0.0553, 0.1351, 0.1625, 0.0452, 0.3146, 0.0439, 0.0663, 0.0490,
         0.0599],
        [0.0509, 0.0483, 0.0392, 0.0453, 0.1093, 0.0547, 0.0415, 0.5180, 0.0422,
         0.0506],
        [0.0451, 0.0707, 0.0694, 0.1950, 0.0757, 0.1064, 0.0603, 0.2837, 0.0477,
         0.0461],
        [0.0444, 0.0564, 0.0336, 0.0461, 0.0607, 0.0461, 0.6006, 0.0298, 0.0240,
         0.0585],
        [0.0445, 0.0319, 0.0737, 0.0333, 0.0454, 0.0323, 0.0421, 0.0329, 0.0372,
         0.6266],
        [0.0623, 0.0638, 0.1757, 0.1142, 0.1341, 0.1511, 0.0311, 0.1491, 0.0492,
         0.0694],
        [0.0614, 0.0443, 0.0266, 0.0668, 0.0426, 0.0460, 0.6123, 0.0318, 0.0289,
         0.0393],
        [0.0833, 0.0553, 0.1025, 0.1571, 0.0999, 0.2139, 0.0375, 0.1567, 0.0434,
         0.0504],
        [0.7599, 0.0197, 0.0262, 0.0276, 0.0320, 0.0219, 0.0219, 0.0211, 0.0228,
         0.0469],
        [0.0496, 0.0607, 0.0679, 0.0516, 0.0485, 0.5475, 0.0398, 0.0344, 0.0504,
         0.0496],
        [0.0448, 0.0615, 0.0520, 0.4870, 0.0610, 0.1341, 0.0499, 0.0249, 0.0452,
         0.0396],
        [0.0431, 0.0463, 0.0506, 0.0348, 0.0601, 0.0541, 0.0320, 0.5852, 0.0385,
         0.0552],
        [0.0736, 0.0561, 0.0481, 0.0346, 0.0370, 0.0320, 0.5967, 0.0417, 0.0331,
         0.0470],
        [0.0683, 0.0451, 0.0501, 0.0326, 0.0449, 0.0277, 0.0283, 0.0583, 0.0286,
         0.6163],
        [0.0525, 0.0628, 0.0313, 0.0313, 0.0324, 0.0363, 0.0464, 0.0252, 0.6532,
         0.0284],
        [0.0206, 0.0386, 0.0272, 0.0274, 0.6626, 0.0349, 0.0226, 0.1058, 0.0254,
         0.0349],
        [0.0887, 0.0447, 0.3348, 0.1169, 0.1241, 0.0519, 0.0430, 0.0706, 0.0346,
         0.0906],
        [0.0517, 0.2312, 0.0991, 0.0499, 0.0414, 0.2581, 0.0664, 0.0518, 0.0857,
         0.0647],
        [0.1150, 0.4195, 0.0444, 0.0463, 0.0502, 0.1083, 0.0526, 0.0396, 0.0455,
         0.0787],
        [0.6439, 0.0389, 0.0752, 0.0337, 0.0474, 0.0274, 0.0229, 0.0295, 0.0356,
         0.0455],
        [0.5576, 0.0490, 0.0434, 0.0794, 0.0483, 0.0362, 0.0457, 0.0349, 0.0356,
         0.0699],
        [0.0523, 0.0472, 0.0598, 0.3510, 0.0402, 0.2273, 0.0817, 0.0437, 0.0456,
         0.0512],
        [0.1341, 0.2956, 0.0977, 0.1086, 0.0729, 0.0554, 0.0617, 0.0607, 0.0361,
         0.0772],
        [0.0544, 0.0368, 0.6235, 0.0459, 0.0342, 0.0361, 0.0463, 0.0347, 0.0451,
         0.0430],
        [0.1675, 0.0663, 0.0441, 0.0447, 0.0714, 0.0456, 0.0468, 0.0380, 0.4286,
         0.0469],
        [0.0480, 0.0605, 0.0251, 0.0246, 0.0296, 0.0329, 0.0396, 0.0229, 0.6886,
         0.0283],
        [0.0721, 0.0745, 0.0323, 0.0355, 0.0328, 0.0389, 0.0451, 0.0277, 0.5944,
         0.0467],
        [0.0493, 0.0654, 0.0580, 0.1864, 0.1721, 0.1149, 0.2322, 0.0345, 0.0325,
         0.0547],
        [0.0636, 0.0747, 0.0506, 0.0650, 0.4503, 0.0523, 0.0257, 0.0938, 0.0713,
         0.0527],
        [0.4337, 0.0398, 0.2237, 0.0366, 0.0692, 0.0246, 0.0377, 0.0270, 0.0648,
         0.0430],
        [0.0414, 0.6659, 0.0298, 0.0259, 0.0371, 0.0294, 0.0326, 0.0299, 0.0322,
         0.0758],
        [0.6778, 0.0456, 0.0485, 0.0248, 0.0320, 0.0241, 0.0283, 0.0216, 0.0347,
         0.0628],
        [0.0416, 0.6818, 0.0358, 0.0239, 0.0403, 0.0296, 0.0323, 0.0318, 0.0587,
         0.0242],
        [0.0736, 0.0639, 0.1070, 0.0703, 0.2686, 0.0568, 0.0413, 0.1685, 0.0313,
         0.1187],
        [0.0465, 0.0592, 0.0897, 0.3440, 0.0462, 0.1013, 0.0338, 0.1236, 0.1191,
         0.0366]], device='cuda:0', grad_fn=<SoftmaxBackward>)
>> best accuracy: 72.94	best epoch: 10

>> final recovery rate: 60.148888888888884%
>> val epoch: 15
>> current accuracy: 75.6%
outputs: tensor([[0.0367, 0.0450, 0.0384, 0.1244, 0.0421, 0.5375, 0.0623, 0.0317, 0.0466,
         0.0352],
        [0.0483, 0.0546, 0.0390, 0.0319, 0.0436, 0.0250, 0.0324, 0.0581, 0.0548,
         0.6124],
        [0.0534, 0.0510, 0.3544, 0.1194, 0.0656, 0.0499, 0.1664, 0.0422, 0.0512,
         0.0465],
        [0.5742, 0.0711, 0.0277, 0.0898, 0.0289, 0.0223, 0.0495, 0.0431, 0.0367,
         0.0568],
        [0.0596, 0.0333, 0.0399, 0.0342, 0.0472, 0.0203, 0.0443, 0.0654, 0.0518,
         0.6040],
        [0.0319, 0.0340, 0.0312, 0.0457, 0.0367, 0.0339, 0.6371, 0.0486, 0.0590,
         0.0419],
        [0.1411, 0.1074, 0.0263, 0.0363, 0.0370, 0.0219, 0.0281, 0.0415, 0.0383,
         0.5222],
        [0.0435, 0.6537, 0.0295, 0.0443, 0.0337, 0.0421, 0.0318, 0.0338, 0.0469,
         0.0406],
        [0.0401, 0.0304, 0.0278, 0.0425, 0.0261, 0.0283, 0.6794, 0.0370, 0.0564,
         0.0320],
        [0.0609, 0.0610, 0.0318, 0.0735, 0.1231, 0.0489, 0.0522, 0.4123, 0.0981,
         0.0382],
        [0.0474, 0.0549, 0.0421, 0.1001, 0.1026, 0.2299, 0.0560, 0.2664, 0.0641,
         0.0365],
        [0.4810, 0.0396, 0.1325, 0.0642, 0.0449, 0.0279, 0.0528, 0.0465, 0.0723,
         0.0384],
        [0.0853, 0.0516, 0.0278, 0.0389, 0.0382, 0.0349, 0.0304, 0.0549, 0.5795,
         0.0584],
        [0.0338, 0.0565, 0.0553, 0.1488, 0.0580, 0.4796, 0.0375, 0.0399, 0.0586,
         0.0319],
        [0.0426, 0.0608, 0.0840, 0.5494, 0.0424, 0.0521, 0.0359, 0.0474, 0.0587,
         0.0267],
        [0.0195, 0.7083, 0.0325, 0.0299, 0.0270, 0.0272, 0.0334, 0.0380, 0.0408,
         0.0434],
        [0.0534, 0.0502, 0.6144, 0.0433, 0.0558, 0.0335, 0.0326, 0.0407, 0.0467,
         0.0294],
        [0.0450, 0.0560, 0.0394, 0.0616, 0.0622, 0.4346, 0.0293, 0.1690, 0.0545,
         0.0483],
        [0.0428, 0.0575, 0.0637, 0.0374, 0.0452, 0.0342, 0.5590, 0.0597, 0.0492,
         0.0513],
        [0.0310, 0.6944, 0.0325, 0.0290, 0.0277, 0.0238, 0.0374, 0.0378, 0.0479,
         0.0384],
        [0.1134, 0.0639, 0.1274, 0.0998, 0.3321, 0.0450, 0.0471, 0.0371, 0.1009,
         0.0332],
        [0.1088, 0.0319, 0.4515, 0.1015, 0.0388, 0.0434, 0.0675, 0.0587, 0.0654,
         0.0325],
        [0.0419, 0.0633, 0.0390, 0.0680, 0.5077, 0.0530, 0.0600, 0.0747, 0.0526,
         0.0398],
        [0.0387, 0.0877, 0.0616, 0.1320, 0.0862, 0.0449, 0.0520, 0.2928, 0.0686,
         0.1355],
        [0.0261, 0.6928, 0.0265, 0.0347, 0.0297, 0.0255, 0.0347, 0.0449, 0.0446,
         0.0406],
        [0.0498, 0.4972, 0.0314, 0.0681, 0.0400, 0.0477, 0.0403, 0.0465, 0.0424,
         0.1366],
        [0.0885, 0.0262, 0.0524, 0.3443, 0.0366, 0.0522, 0.2399, 0.0347, 0.0722,
         0.0530],
        [0.0831, 0.0731, 0.2380, 0.0954, 0.2601, 0.0444, 0.0709, 0.0421, 0.0624,
         0.0304],
        [0.6699, 0.0359, 0.0410, 0.0505, 0.0348, 0.0216, 0.0350, 0.0423, 0.0318,
         0.0371],
        [0.0397, 0.0409, 0.0412, 0.0734, 0.0314, 0.0505, 0.5953, 0.0382, 0.0427,
         0.0469],
        [0.4806, 0.0411, 0.0175, 0.0529, 0.0815, 0.0247, 0.0360, 0.0706, 0.1457,
         0.0494],
        [0.0255, 0.0573, 0.0295, 0.0362, 0.6792, 0.0391, 0.0336, 0.0291, 0.0543,
         0.0164],
        [0.0585, 0.0485, 0.0401, 0.0484, 0.0468, 0.0330, 0.0403, 0.0761, 0.0412,
         0.5671],
        [0.0227, 0.0352, 0.0314, 0.0350, 0.0332, 0.0214, 0.0492, 0.0306, 0.7187,
         0.0225],
        [0.0390, 0.0478, 0.0352, 0.0349, 0.0357, 0.0308, 0.6252, 0.0600, 0.0469,
         0.0446],
        [0.0469, 0.0523, 0.0445, 0.0480, 0.0458, 0.5763, 0.0468, 0.0435, 0.0525,
         0.0433],
        [0.0407, 0.0464, 0.0316, 0.0367, 0.0396, 0.0368, 0.6130, 0.0626, 0.0488,
         0.0438],
        [0.0602, 0.0507, 0.0367, 0.1577, 0.0713, 0.4481, 0.0392, 0.0471, 0.0549,
         0.0342],
        [0.0517, 0.0375, 0.0937, 0.1464, 0.0385, 0.4396, 0.0638, 0.0439, 0.0504,
         0.0346],
        [0.0696, 0.0623, 0.0478, 0.0974, 0.4998, 0.0362, 0.0463, 0.0504, 0.0507,
         0.0395],
        [0.0666, 0.0271, 0.0448, 0.0445, 0.0622, 0.0263, 0.0463, 0.0481, 0.0761,
         0.5581],
        [0.0407, 0.0406, 0.0244, 0.0362, 0.0321, 0.0261, 0.6594, 0.0527, 0.0471,
         0.0406],
        [0.0473, 0.0546, 0.0431, 0.0472, 0.0564, 0.0363, 0.0441, 0.5678, 0.0603,
         0.0429],
        [0.0618, 0.0316, 0.0455, 0.0444, 0.0608, 0.0327, 0.0476, 0.0439, 0.0541,
         0.5777],
        [0.0806, 0.0469, 0.0569, 0.0931, 0.0466, 0.4699, 0.0539, 0.0372, 0.0737,
         0.0412],
        [0.6629, 0.0277, 0.0233, 0.0574, 0.0355, 0.0203, 0.0458, 0.0284, 0.0360,
         0.0625],
        [0.0302, 0.7273, 0.0203, 0.0247, 0.0279, 0.0190, 0.0314, 0.0321, 0.0372,
         0.0499],
        [0.0307, 0.6307, 0.0291, 0.0298, 0.0302, 0.0348, 0.0372, 0.0394, 0.0952,
         0.0429],
        [0.1188, 0.0607, 0.0304, 0.0633, 0.2710, 0.0456, 0.0399, 0.2607, 0.0583,
         0.0514],
        [0.0453, 0.6820, 0.0234, 0.0316, 0.0274, 0.0212, 0.0391, 0.0318, 0.0384,
         0.0598],
        [0.0769, 0.0381, 0.0281, 0.0409, 0.0301, 0.0222, 0.0586, 0.0407, 0.6116,
         0.0527],
        [0.0747, 0.0515, 0.2250, 0.1520, 0.2007, 0.0914, 0.0661, 0.0503, 0.0541,
         0.0343],
        [0.0465, 0.0596, 0.6027, 0.0380, 0.0365, 0.0271, 0.0677, 0.0408, 0.0479,
         0.0332],
        [0.1004, 0.0453, 0.2047, 0.1390, 0.0795, 0.1805, 0.0399, 0.1154, 0.0557,
         0.0396],
        [0.5681, 0.0372, 0.0249, 0.0586, 0.0500, 0.0246, 0.0344, 0.0322, 0.1316,
         0.0384],
        [0.0471, 0.0431, 0.6664, 0.0372, 0.0393, 0.0277, 0.0393, 0.0231, 0.0503,
         0.0264],
        [0.0414, 0.6612, 0.0275, 0.0359, 0.0302, 0.0316, 0.0405, 0.0374, 0.0411,
         0.0531],
        [0.0368, 0.0574, 0.0563, 0.0688, 0.0969, 0.0386, 0.5024, 0.0355, 0.0474,
         0.0601],
        [0.0572, 0.0624, 0.0324, 0.0615, 0.1387, 0.0461, 0.0576, 0.4398, 0.0623,
         0.0422],
        [0.0389, 0.0398, 0.0385, 0.0325, 0.0378, 0.0342, 0.6410, 0.0496, 0.0491,
         0.0386],
        [0.0326, 0.7032, 0.0199, 0.0270, 0.0284, 0.0216, 0.0340, 0.0259, 0.0400,
         0.0674],
        [0.0450, 0.0718, 0.1275, 0.0873, 0.2103, 0.0954, 0.0390, 0.2120, 0.0710,
         0.0407],
        [0.0245, 0.7129, 0.0277, 0.0297, 0.0323, 0.0241, 0.0289, 0.0321, 0.0484,
         0.0395],
        [0.0396, 0.0493, 0.0980, 0.4115, 0.0873, 0.0881, 0.0901, 0.0258, 0.0670,
         0.0433],
        [0.0973, 0.0666, 0.0267, 0.0515, 0.0388, 0.0270, 0.0369, 0.0507, 0.5362,
         0.0683],
        [0.0402, 0.5672, 0.0326, 0.0323, 0.0333, 0.0339, 0.0440, 0.0405, 0.0671,
         0.1089],
        [0.0556, 0.0610, 0.0342, 0.0723, 0.0545, 0.0445, 0.0514, 0.5043, 0.0793,
         0.0428],
        [0.0417, 0.0517, 0.0496, 0.5250, 0.0653, 0.0872, 0.0416, 0.0469, 0.0547,
         0.0365],
        [0.0569, 0.0498, 0.0442, 0.3601, 0.0515, 0.2019, 0.1067, 0.0356, 0.0565,
         0.0367],
        [0.0635, 0.0421, 0.5188, 0.0503, 0.0493, 0.0383, 0.0870, 0.0492, 0.0600,
         0.0414],
        [0.1411, 0.0342, 0.0649, 0.1874, 0.0476, 0.0441, 0.0738, 0.0808, 0.0804,
         0.2458],
        [0.0414, 0.0507, 0.0339, 0.0524, 0.0462, 0.5739, 0.0425, 0.0587, 0.0589,
         0.0414]], device='cuda:0', grad_fn=<SoftmaxBackward>)
>> best accuracy: 75.6	best epoch: 15

>> final recovery rate: 86.01111111111112%
>> val epoch: 20
>> current accuracy: 82.24000000000001%
outputs: tensor([[0.0402, 0.0167, 0.2972, 0.0267, 0.0315, 0.0304, 0.4761, 0.0342, 0.0265,
         0.0206],
        [0.0273, 0.2192, 0.0228, 0.0195, 0.0354, 0.0210, 0.0219, 0.0271, 0.0321,
         0.5737],
        [0.0183, 0.7822, 0.0228, 0.0109, 0.0195, 0.0478, 0.0163, 0.0217, 0.0372,
         0.0232],
        [0.0164, 0.8233, 0.0119, 0.0135, 0.0176, 0.0236, 0.0199, 0.0128, 0.0378,
         0.0232],
        [0.0195, 0.0245, 0.0110, 0.0150, 0.0160, 0.0167, 0.0246, 0.0224, 0.8250,
         0.0253],
        [0.0190, 0.5883, 0.0132, 0.0417, 0.0158, 0.0936, 0.0438, 0.0220, 0.0408,
         0.1217],
        [0.0230, 0.0245, 0.0400, 0.7776, 0.0240, 0.0187, 0.0256, 0.0106, 0.0345,
         0.0216],
        [0.5339, 0.0166, 0.0225, 0.0487, 0.0199, 0.0327, 0.0151, 0.0140, 0.2724,
         0.0243],
        [0.0208, 0.8334, 0.0123, 0.0149, 0.0154, 0.0217, 0.0197, 0.0181, 0.0224,
         0.0213],
        [0.0526, 0.0195, 0.0172, 0.0150, 0.0204, 0.0158, 0.0160, 0.0254, 0.0323,
         0.7857],
        [0.0436, 0.0136, 0.0180, 0.0094, 0.8151, 0.0169, 0.0181, 0.0303, 0.0166,
         0.0183],
        [0.0189, 0.0186, 0.0191, 0.1018, 0.6840, 0.0321, 0.0290, 0.0495, 0.0311,
         0.0158],
        [0.0324, 0.0179, 0.0139, 0.0141, 0.0326, 0.0192, 0.0237, 0.8100, 0.0185,
         0.0174],
        [0.0228, 0.0354, 0.0261, 0.0128, 0.0265, 0.0159, 0.0309, 0.0240, 0.0224,
         0.7832],
        [0.0325, 0.0235, 0.0135, 0.0245, 0.0135, 0.0298, 0.0136, 0.8100, 0.0223,
         0.0168],
        [0.0627, 0.0232, 0.0366, 0.0185, 0.0258, 0.0340, 0.0226, 0.7357, 0.0195,
         0.0216],
        [0.0921, 0.0727, 0.0278, 0.3465, 0.0698, 0.2245, 0.0298, 0.0243, 0.0856,
         0.0269],
        [0.0437, 0.0166, 0.0931, 0.5975, 0.0492, 0.1128, 0.0242, 0.0094, 0.0386,
         0.0151],
        [0.0461, 0.0347, 0.0164, 0.0347, 0.0287, 0.0123, 0.0471, 0.0148, 0.0968,
         0.6684],
        [0.0388, 0.0208, 0.3381, 0.0234, 0.0809, 0.3481, 0.0498, 0.0489, 0.0326,
         0.0186],
        [0.0223, 0.0217, 0.0202, 0.0185, 0.0160, 0.8029, 0.0208, 0.0182, 0.0284,
         0.0310],
        [0.0379, 0.0170, 0.1011, 0.1339, 0.0215, 0.0416, 0.0288, 0.5034, 0.0997,
         0.0152],
        [0.1739, 0.0277, 0.5531, 0.0246, 0.0348, 0.0292, 0.0111, 0.0115, 0.1059,
         0.0282],
        [0.0190, 0.0181, 0.0160, 0.0128, 0.0271, 0.0157, 0.0187, 0.0211, 0.0519,
         0.7995],
        [0.0278, 0.7992, 0.0118, 0.0206, 0.0182, 0.0305, 0.0175, 0.0145, 0.0313,
         0.0287],
        [0.0242, 0.0164, 0.0089, 0.0140, 0.0362, 0.0481, 0.0157, 0.8058, 0.0143,
         0.0163],
        [0.0216, 0.0099, 0.8237, 0.0255, 0.0233, 0.0187, 0.0229, 0.0101, 0.0368,
         0.0077],
        [0.3250, 0.0240, 0.0251, 0.0190, 0.0337, 0.0267, 0.0369, 0.0211, 0.4547,
         0.0338],
        [0.0197, 0.0211, 0.0184, 0.0150, 0.8365, 0.0161, 0.0128, 0.0269, 0.0214,
         0.0121],
        [0.0204, 0.8673, 0.0079, 0.0115, 0.0159, 0.0115, 0.0218, 0.0117, 0.0168,
         0.0152],
        [0.0228, 0.0233, 0.0146, 0.0164, 0.0203, 0.0240, 0.8067, 0.0263, 0.0223,
         0.0233],
        [0.0291, 0.0198, 0.0378, 0.0142, 0.0270, 0.0327, 0.7620, 0.0282, 0.0279,
         0.0213],
        [0.0252, 0.0136, 0.0353, 0.0153, 0.0348, 0.0219, 0.0162, 0.8119, 0.0119,
         0.0137],
        [0.0179, 0.0170, 0.0843, 0.7031, 0.0530, 0.0447, 0.0318, 0.0127, 0.0232,
         0.0124],
        [0.0578, 0.0132, 0.0236, 0.7610, 0.0174, 0.0242, 0.0179, 0.0114, 0.0619,
         0.0115],
        [0.0305, 0.0215, 0.0175, 0.0171, 0.0268, 0.0188, 0.0191, 0.8052, 0.0275,
         0.0160],
        [0.0405, 0.0162, 0.8224, 0.0129, 0.0175, 0.0211, 0.0165, 0.0188, 0.0171,
         0.0170],
        [0.0175, 0.0331, 0.0171, 0.0177, 0.0190, 0.0134, 0.0139, 0.0297, 0.0322,
         0.8064],
        [0.0139, 0.0208, 0.0430, 0.0247, 0.8072, 0.0153, 0.0219, 0.0209, 0.0225,
         0.0097],
        [0.0118, 0.0137, 0.5272, 0.3091, 0.0195, 0.0257, 0.0140, 0.0325, 0.0361,
         0.0102],
        [0.0095, 0.0162, 0.0516, 0.8304, 0.0160, 0.0173, 0.0118, 0.0127, 0.0210,
         0.0134],
        [0.8390, 0.0164, 0.0242, 0.0219, 0.0184, 0.0178, 0.0098, 0.0190, 0.0174,
         0.0162],
        [0.3439, 0.3630, 0.0189, 0.0234, 0.0258, 0.0360, 0.0250, 0.0383, 0.1013,
         0.0245],
        [0.0210, 0.0234, 0.0129, 0.0285, 0.0269, 0.0334, 0.7737, 0.0356, 0.0256,
         0.0190],
        [0.0226, 0.0210, 0.0110, 0.0195, 0.0172, 0.0159, 0.0101, 0.0220, 0.0217,
         0.8389],
        [0.0155, 0.0221, 0.0452, 0.0701, 0.0168, 0.7572, 0.0114, 0.0201, 0.0292,
         0.0123],
        [0.0220, 0.0198, 0.0203, 0.0142, 0.0256, 0.0209, 0.0181, 0.0214, 0.8223,
         0.0154],
        [0.0213, 0.0225, 0.0108, 0.0290, 0.0251, 0.0310, 0.7932, 0.0303, 0.0212,
         0.0155],
        [0.0233, 0.0196, 0.0206, 0.0136, 0.8351, 0.0194, 0.0147, 0.0189, 0.0201,
         0.0148],
        [0.1898, 0.0294, 0.0548, 0.0267, 0.3491, 0.0293, 0.0240, 0.1332, 0.1481,
         0.0154],
        [0.0208, 0.0262, 0.0217, 0.0123, 0.0153, 0.0275, 0.0212, 0.0215, 0.8210,
         0.0127],
        [0.0165, 0.0268, 0.0152, 0.0171, 0.0202, 0.0156, 0.0187, 0.0329, 0.0250,
         0.8120],
        [0.0130, 0.0192, 0.0323, 0.0343, 0.0148, 0.0496, 0.0116, 0.7936, 0.0146,
         0.0169],
        [0.0192, 0.0341, 0.0155, 0.0165, 0.0143, 0.0188, 0.0161, 0.0271, 0.0241,
         0.8143],
        [0.0166, 0.1040, 0.0204, 0.0176, 0.0201, 0.0117, 0.0330, 0.0409, 0.0252,
         0.7106],
        [0.0288, 0.0331, 0.0137, 0.1274, 0.0169, 0.6663, 0.0222, 0.0393, 0.0417,
         0.0106],
        [0.0106, 0.7150, 0.0161, 0.0205, 0.0286, 0.0297, 0.0223, 0.0341, 0.1041,
         0.0190],
        [0.0244, 0.0405, 0.0180, 0.0105, 0.0124, 0.7639, 0.0277, 0.0441, 0.0251,
         0.0336],
        [0.0162, 0.0238, 0.1873, 0.0524, 0.5587, 0.0243, 0.0723, 0.0267, 0.0288,
         0.0095],
        [0.0264, 0.0236, 0.0180, 0.0202, 0.0276, 0.0213, 0.7685, 0.0427, 0.0317,
         0.0200],
        [0.0182, 0.0146, 0.0148, 0.0136, 0.0182, 0.0100, 0.0141, 0.0234, 0.0226,
         0.8505],
        [0.0144, 0.8318, 0.0155, 0.0176, 0.0181, 0.0282, 0.0154, 0.0226, 0.0224,
         0.0139],
        [0.0129, 0.0229, 0.0128, 0.0128, 0.8364, 0.0359, 0.0116, 0.0250, 0.0176,
         0.0121],
        [0.8522, 0.0078, 0.0128, 0.0146, 0.0221, 0.0175, 0.0091, 0.0185, 0.0240,
         0.0215],
        [0.0192, 0.0168, 0.0145, 0.0271, 0.0413, 0.0208, 0.7944, 0.0283, 0.0237,
         0.0139],
        [0.8443, 0.0105, 0.0354, 0.0234, 0.0175, 0.0151, 0.0100, 0.0216, 0.0102,
         0.0121],
        [0.8684, 0.0101, 0.0151, 0.0108, 0.0220, 0.0148, 0.0081, 0.0189, 0.0146,
         0.0171],
        [0.0227, 0.0286, 0.0186, 0.0141, 0.0199, 0.0167, 0.0214, 0.8310, 0.0151,
         0.0120],
        [0.1026, 0.3449, 0.0507, 0.0599, 0.0277, 0.0202, 0.2165, 0.0242, 0.1127,
         0.0405],
        [0.0245, 0.0216, 0.0216, 0.0142, 0.0125, 0.0187, 0.0198, 0.0186, 0.8372,
         0.0111],
        [0.0188, 0.0196, 0.0213, 0.8150, 0.0205, 0.0136, 0.0169, 0.0377, 0.0233,
         0.0133],
        [0.0146, 0.1691, 0.0154, 0.0242, 0.0176, 0.0179, 0.0188, 0.0249, 0.0312,
         0.6663]], device='cuda:0', grad_fn=<SoftmaxBackward>)
>> best accuracy: 82.24000000000001	best epoch: 20

>> final recovery rate: 86.69555555555556%
>> val epoch: 25
>> current accuracy: 82.78%
outputs: tensor([[0.0228, 0.0211, 0.0159, 0.0150, 0.0198, 0.0139, 0.8465, 0.0171, 0.0143,
         0.0138],
        [0.0130, 0.0239, 0.0188, 0.0189, 0.0366, 0.0141, 0.0246, 0.0224, 0.8024,
         0.0254],
        [0.0137, 0.0204, 0.0343, 0.8581, 0.0147, 0.0059, 0.0176, 0.0058, 0.0150,
         0.0146],
        [0.0128, 0.8614, 0.0177, 0.0139, 0.0154, 0.0112, 0.0165, 0.0183, 0.0205,
         0.0122],
        [0.0132, 0.8827, 0.0144, 0.0092, 0.0190, 0.0129, 0.0147, 0.0064, 0.0176,
         0.0099],
        [0.0147, 0.0209, 0.0106, 0.8332, 0.0132, 0.0157, 0.0568, 0.0077, 0.0096,
         0.0175],
        [0.0187, 0.0147, 0.0400, 0.0375, 0.0148, 0.0226, 0.7890, 0.0319, 0.0113,
         0.0195],
        [0.0196, 0.0256, 0.5291, 0.0180, 0.0244, 0.0176, 0.3128, 0.0215, 0.0148,
         0.0166],
        [0.0167, 0.0270, 0.0239, 0.0258, 0.0196, 0.0172, 0.0339, 0.0195, 0.7904,
         0.0260],
        [0.0200, 0.0326, 0.0113, 0.4524, 0.1670, 0.2526, 0.0167, 0.0150, 0.0180,
         0.0143],
        [0.0195, 0.0173, 0.0119, 0.0152, 0.0281, 0.0161, 0.0147, 0.8480, 0.0142,
         0.0149],
        [0.0099, 0.0354, 0.0275, 0.0130, 0.0162, 0.0128, 0.0187, 0.0129, 0.0312,
         0.8225],
        [0.0261, 0.0205, 0.0203, 0.0571, 0.0249, 0.7417, 0.0413, 0.0129, 0.0230,
         0.0322],
        [0.0102, 0.8823, 0.0093, 0.0101, 0.0152, 0.0119, 0.0099, 0.0104, 0.0222,
         0.0185],
        [0.1642, 0.0748, 0.0236, 0.0251, 0.5606, 0.0182, 0.0259, 0.0091, 0.0338,
         0.0646],
        [0.0175, 0.0182, 0.0638, 0.7683, 0.0219, 0.0069, 0.0570, 0.0135, 0.0194,
         0.0136],
        [0.0288, 0.0227, 0.4652, 0.0269, 0.0243, 0.0133, 0.3468, 0.0316, 0.0162,
         0.0243],
        [0.2026, 0.0221, 0.0179, 0.0248, 0.0133, 0.0249, 0.0166, 0.6173, 0.0274,
         0.0332],
        [0.0120, 0.0196, 0.0109, 0.0342, 0.0093, 0.0237, 0.0070, 0.8406, 0.0163,
         0.0264],
        [0.0195, 0.0258, 0.0210, 0.0161, 0.0164, 0.0139, 0.8355, 0.0174, 0.0160,
         0.0183],
        [0.0253, 0.0139, 0.8350, 0.0170, 0.0291, 0.0106, 0.0272, 0.0151, 0.0115,
         0.0154],
