noise type: uniform
noise level: 0.4
when_to_apply_epoch: 20
total clean data num: 32379
probability transition matrix:
[[0.6        0.04444444 0.04444444 0.04444444 0.04444444 0.04444444
  0.04444444 0.04444444 0.04444444 0.04444444]
 [0.04444444 0.6        0.04444444 0.04444444 0.04444444 0.04444444
  0.04444444 0.04444444 0.04444444 0.04444444]
 [0.04444444 0.04444444 0.6        0.04444444 0.04444444 0.04444444
  0.04444444 0.04444444 0.04444444 0.04444444]
 [0.04444444 0.04444444 0.04444444 0.6        0.04444444 0.04444444
  0.04444444 0.04444444 0.04444444 0.04444444]
 [0.04444444 0.04444444 0.04444444 0.04444444 0.6        0.04444444
  0.04444444 0.04444444 0.04444444 0.04444444]
 [0.04444444 0.04444444 0.04444444 0.04444444 0.04444444 0.6
  0.04444444 0.04444444 0.04444444 0.04444444]
 [0.04444444 0.04444444 0.04444444 0.04444444 0.04444444 0.04444444
  0.6        0.04444444 0.04444444 0.04444444]
 [0.04444444 0.04444444 0.04444444 0.04444444 0.04444444 0.04444444
  0.04444444 0.6        0.04444444 0.04444444]
 [0.04444444 0.04444444 0.04444444 0.04444444 0.04444444 0.04444444
  0.04444444 0.04444444 0.6        0.04444444]
 [0.04444444 0.04444444 0.04444444 0.04444444 0.04444444 0.04444444
  0.04444444 0.04444444 0.04444444 0.6       ]]
>> val epoch: 0
>> current accuracy: 97.85000000000001%
outputs: tensor([[0.0197, 0.0506, 0.0313, 0.0399, 0.0285, 0.0409, 0.0369, 0.6441, 0.0707,
         0.0374],
        [0.0309, 0.0273, 0.0192, 0.0323, 0.0248, 0.0421, 0.0484, 0.1167, 0.6398,
         0.0185],
        [0.0379, 0.0590, 0.0378, 0.0639, 0.0850, 0.0419, 0.0730, 0.0817, 0.0610,
         0.4589],
        [0.0343, 0.5805, 0.0434, 0.0427, 0.0406, 0.0526, 0.0388, 0.0724, 0.0565,
         0.0382],
        [0.0301, 0.0576, 0.0378, 0.0883, 0.0465, 0.0428, 0.0597, 0.0618, 0.0553,
         0.5200],
        [0.0276, 0.0541, 0.0345, 0.0781, 0.0595, 0.0491, 0.0596, 0.0743, 0.0768,
         0.4865],
        [0.0324, 0.0243, 0.0242, 0.0244, 0.6722, 0.0263, 0.0653, 0.0425, 0.0506,
         0.0378],
        [0.0347, 0.0360, 0.6034, 0.0475, 0.0546, 0.0543, 0.0503, 0.0398, 0.0439,
         0.0354],
        [0.0475, 0.0465, 0.0375, 0.0319, 0.0367, 0.0728, 0.5570, 0.0522, 0.0558,
         0.0620],
        [0.0337, 0.0441, 0.5996, 0.0522, 0.0581, 0.0519, 0.0451, 0.0373, 0.0463,
         0.0317],
        [0.0196, 0.0412, 0.0340, 0.0413, 0.0326, 0.0426, 0.0393, 0.6438, 0.0689,
         0.0368],
        [0.0192, 0.0357, 0.0311, 0.0320, 0.0313, 0.0383, 0.0388, 0.6817, 0.0664,
         0.0255],
        [0.0192, 0.0323, 0.0208, 0.0153, 0.0261, 0.0356, 0.0361, 0.7267, 0.0625,
         0.0256],
        [0.0461, 0.0552, 0.0382, 0.0310, 0.0458, 0.0465, 0.5701, 0.0444, 0.0373,
         0.0852],
        [0.0298, 0.0243, 0.0260, 0.0227, 0.6677, 0.0269, 0.0678, 0.0499, 0.0475,
         0.0375],
        [0.0682, 0.0685, 0.0462, 0.0291, 0.0735, 0.0641, 0.4850, 0.0433, 0.0421,
         0.0800],
        [0.0270, 0.0143, 0.0468, 0.6547, 0.0518, 0.0259, 0.0441, 0.0439, 0.0452,
         0.0461],
        [0.0248, 0.0141, 0.0403, 0.6715, 0.0501, 0.0250, 0.0437, 0.0431, 0.0409,
         0.0466],
        [0.0343, 0.0389, 0.0259, 0.0291, 0.0264, 0.0669, 0.0915, 0.1126, 0.5488,
         0.0255],
        [0.0359, 0.0485, 0.5950, 0.0322, 0.0589, 0.0677, 0.0448, 0.0352, 0.0480,
         0.0337],
        [0.0313, 0.0358, 0.0259, 0.0497, 0.0245, 0.0479, 0.0549, 0.1376, 0.5603,
         0.0321],
        [0.2771, 0.0546, 0.0687, 0.0800, 0.0617, 0.0613, 0.0999, 0.0782, 0.0763,
         0.1421],
        [0.0405, 0.5198, 0.0351, 0.0331, 0.0789, 0.0475, 0.0637, 0.0647, 0.0773,
         0.0394],
        [0.0351, 0.6233, 0.0312, 0.0298, 0.0412, 0.0448, 0.0450, 0.0642, 0.0534,
         0.0322],
        [0.0274, 0.0288, 0.0289, 0.0247, 0.6623, 0.0295, 0.0665, 0.0476, 0.0482,
         0.0361],
        [0.0326, 0.0295, 0.0232, 0.0345, 0.0294, 0.0349, 0.0582, 0.1134, 0.6214,
         0.0230],
        [0.2628, 0.0624, 0.0752, 0.0557, 0.0441, 0.0634, 0.0862, 0.0842, 0.2097,
         0.0563],
        [0.5241, 0.0404, 0.0260, 0.0474, 0.0434, 0.0546, 0.0748, 0.0610, 0.0855,
         0.0428],
        [0.0288, 0.6040, 0.0330, 0.0345, 0.0429, 0.0480, 0.0433, 0.0761, 0.0545,
         0.0349],
        [0.0210, 0.0370, 0.0343, 0.0379, 0.0326, 0.0410, 0.0421, 0.6398, 0.0829,
         0.0315],
        [0.0584, 0.0454, 0.0335, 0.0330, 0.0384, 0.0448, 0.5807, 0.0494, 0.0470,
         0.0695],
        [0.0244, 0.0265, 0.0271, 0.0268, 0.6842, 0.0292, 0.0574, 0.0435, 0.0493,
         0.0317],
        [0.0239, 0.0136, 0.0381, 0.6701, 0.0501, 0.0255, 0.0445, 0.0448, 0.0472,
         0.0422],
        [0.0545, 0.0589, 0.0368, 0.0475, 0.0450, 0.0844, 0.4761, 0.0562, 0.0555,
         0.0852],
        [0.0304, 0.6173, 0.0350, 0.0341, 0.0405, 0.0495, 0.0418, 0.0657, 0.0508,
         0.0350],
        [0.0266, 0.0195, 0.0249, 0.0285, 0.6980, 0.0251, 0.0576, 0.0400, 0.0442,
         0.0356],
        [0.0309, 0.0244, 0.0264, 0.0274, 0.6582, 0.0278, 0.0651, 0.0493, 0.0467,
         0.0439],
        [0.0359, 0.5957, 0.0432, 0.0386, 0.0385, 0.0501, 0.0448, 0.0618, 0.0579,
         0.0336],
        [0.0338, 0.6140, 0.0270, 0.0307, 0.0502, 0.0442, 0.0447, 0.0670, 0.0541,
         0.0343],
        [0.0331, 0.0398, 0.6105, 0.0356, 0.0513, 0.0710, 0.0412, 0.0405, 0.0500,
         0.0270],
        [0.0391, 0.0511, 0.0463, 0.0331, 0.0426, 0.0523, 0.5659, 0.0483, 0.0410,
         0.0803],
        [0.6015, 0.0372, 0.0228, 0.0401, 0.0427, 0.0372, 0.0789, 0.0446, 0.0508,
         0.0441],
        [0.0357, 0.0519, 0.0398, 0.0282, 0.0378, 0.0483, 0.6027, 0.0447, 0.0393,
         0.0716],
        [0.0345, 0.0532, 0.1940, 0.1851, 0.0584, 0.1383, 0.0497, 0.0875, 0.1466,
         0.0527],
        [0.0306, 0.6159, 0.0343, 0.0359, 0.0394, 0.0516, 0.0417, 0.0642, 0.0514,
         0.0351],
        [0.0298, 0.0237, 0.0197, 0.0379, 0.0252, 0.0312, 0.0479, 0.1222, 0.6436,
         0.0188],
        [0.5707, 0.0370, 0.0305, 0.0506, 0.0448, 0.0416, 0.0783, 0.0412, 0.0548,
         0.0504],
        [0.0356, 0.6326, 0.0344, 0.0291, 0.0433, 0.0420, 0.0431, 0.0563, 0.0503,
         0.0333]], device='cuda:0', grad_fn=<SoftmaxBackward>)
>> best accuracy: 97.85000000000001	best epoch: 0

>> final recovery rate: 59.96111111111111%
>> val epoch: 5
>> current accuracy: 98.85000000000001%
outputs: tensor([[0.0400, 0.0746, 0.0591, 0.0734, 0.0411, 0.4152, 0.0775, 0.0536, 0.1417,
         0.0237],
        [0.0421, 0.0360, 0.0412, 0.0288, 0.0529, 0.0321, 0.0427, 0.5993, 0.0569,
         0.0680],
        [0.0314, 0.0439, 0.0446, 0.0310, 0.5851, 0.0773, 0.0761, 0.0422, 0.0360,
         0.0323],
        [0.0226, 0.0252, 0.0316, 0.0359, 0.0289, 0.0279, 0.7318, 0.0446, 0.0277,
         0.0238],
        [0.5418, 0.0546, 0.0708, 0.0441, 0.0579, 0.0432, 0.0511, 0.0579, 0.0567,
         0.0219],
        [0.0330, 0.0727, 0.0614, 0.0541, 0.4142, 0.0803, 0.1201, 0.0753, 0.0530,
         0.0360],
        [0.6226, 0.0437, 0.0514, 0.0342, 0.0465, 0.0329, 0.0478, 0.0370, 0.0529,
         0.0310],
        [0.0296, 0.0477, 0.0444, 0.0351, 0.6484, 0.0421, 0.0488, 0.0348, 0.0403,
         0.0288],
        [0.0485, 0.0468, 0.0451, 0.0473, 0.5852, 0.0593, 0.0529, 0.0300, 0.0396,
         0.0452],
        [0.0277, 0.0499, 0.0570, 0.5837, 0.0368, 0.0655, 0.0636, 0.0329, 0.0459,
         0.0369],
        [0.0221, 0.5929, 0.0497, 0.0590, 0.0543, 0.0314, 0.0534, 0.0380, 0.0548,
         0.0444],
        [0.0284, 0.6131, 0.0545, 0.0505, 0.0511, 0.0346, 0.0438, 0.0326, 0.0457,
         0.0458],
        [0.0263, 0.6168, 0.0358, 0.0509, 0.0504, 0.0298, 0.0447, 0.0535, 0.0542,
         0.0374],
        [0.0383, 0.0527, 0.0565, 0.5551, 0.0408, 0.0679, 0.0731, 0.0361, 0.0453,
         0.0342],
        [0.0372, 0.0375, 0.0378, 0.0266, 0.6784, 0.0496, 0.0399, 0.0263, 0.0346,
         0.0321],
        [0.5807, 0.0455, 0.0615, 0.0391, 0.0471, 0.0333, 0.0574, 0.0444, 0.0584,
         0.0325],
        [0.0429, 0.0505, 0.0623, 0.5474, 0.0474, 0.0607, 0.0796, 0.0339, 0.0417,
         0.0336],
        [0.0446, 0.0470, 0.0563, 0.0341, 0.0310, 0.0303, 0.0346, 0.0346, 0.0471,
         0.6403],
        [0.0403, 0.0551, 0.0628, 0.0429, 0.0457, 0.0358, 0.0400, 0.0384, 0.0517,
         0.5873],
        [0.0407, 0.0563, 0.0569, 0.0399, 0.0333, 0.0380, 0.0405, 0.0374, 0.0538,
         0.6033],
        [0.0261, 0.0500, 0.0428, 0.0229, 0.0296, 0.6305, 0.0650, 0.0398, 0.0672,
         0.0260],
        [0.0257, 0.3431, 0.0745, 0.0529, 0.1215, 0.0387, 0.0923, 0.0545, 0.1368,
         0.0600],
        [0.0373, 0.0341, 0.0567, 0.0329, 0.0374, 0.0398, 0.0485, 0.0449, 0.6441,
         0.0243],
        [0.0233, 0.0783, 0.0578, 0.5241, 0.0324, 0.0689, 0.0898, 0.0442, 0.0426,
         0.0387],
        [0.0379, 0.0490, 0.0724, 0.0587, 0.0563, 0.0473, 0.0532, 0.5300, 0.0569,
         0.0383],
        [0.0408, 0.0429, 0.0592, 0.5928, 0.0383, 0.0495, 0.0672, 0.0373, 0.0385,
         0.0335],
        [0.6080, 0.0399, 0.0456, 0.0333, 0.0456, 0.0408, 0.0567, 0.0474, 0.0574,
         0.0254],
        [0.0342, 0.0353, 0.0418, 0.0310, 0.0400, 0.0314, 0.0433, 0.6410, 0.0531,
         0.0488],
        [0.0390, 0.0872, 0.0439, 0.0398, 0.4936, 0.0418, 0.0554, 0.0408, 0.0403,
         0.1181],
        [0.0373, 0.0748, 0.0372, 0.0289, 0.0362, 0.5891, 0.0711, 0.0399, 0.0502,
         0.0355],
        [0.0355, 0.0279, 0.0551, 0.0314, 0.0338, 0.0331, 0.0326, 0.0493, 0.6789,
         0.0224],
        [0.5791, 0.0457, 0.0510, 0.0413, 0.0396, 0.0410, 0.0647, 0.0464, 0.0564,
         0.0349],
        [0.0412, 0.0440, 0.0602, 0.0441, 0.0653, 0.0469, 0.0545, 0.5495, 0.0572,
         0.0372],
        [0.6275, 0.0455, 0.0472, 0.0346, 0.0421, 0.0353, 0.0483, 0.0419, 0.0503,
         0.0274],
        [0.0368, 0.0479, 0.0662, 0.0457, 0.0526, 0.0568, 0.0461, 0.5431, 0.0582,
         0.0466],
        [0.5720, 0.0534, 0.0523, 0.0368, 0.0450, 0.0455, 0.0533, 0.0427, 0.0520,
         0.0469],
        [0.0383, 0.0350, 0.0555, 0.6015, 0.0434, 0.0587, 0.0706, 0.0340, 0.0357,
         0.0274],
        [0.0359, 0.0413, 0.0404, 0.0281, 0.0429, 0.0318, 0.0444, 0.6319, 0.0558,
         0.0475],
        [0.0373, 0.0408, 0.0623, 0.5895, 0.0402, 0.0498, 0.0749, 0.0310, 0.0391,
         0.0350],
        [0.0319, 0.0425, 0.0439, 0.0292, 0.0240, 0.0330, 0.0289, 0.0330, 0.0413,
         0.6923],
        [0.0321, 0.0896, 0.5458, 0.0404, 0.0405, 0.0412, 0.0477, 0.0538, 0.0754,
         0.0335],
        [0.0344, 0.0742, 0.0578, 0.0515, 0.0271, 0.5168, 0.0436, 0.0371, 0.0726,
         0.0850],
        [0.0202, 0.0559, 0.0698, 0.0211, 0.0605, 0.0544, 0.0567, 0.0395, 0.5504,
         0.0716],
        [0.5859, 0.0521, 0.0543, 0.0371, 0.0444, 0.0399, 0.0553, 0.0451, 0.0471,
         0.0387],
        [0.0284, 0.0290, 0.6727, 0.0347, 0.0317, 0.0342, 0.0423, 0.0506, 0.0450,
         0.0313],
        [0.0228, 0.0739, 0.5413, 0.0399, 0.0450, 0.0508, 0.0488, 0.0413, 0.0837,
         0.0525],
        [0.0444, 0.0332, 0.0522, 0.0317, 0.0287, 0.0270, 0.0320, 0.0321, 0.0378,
         0.6810],
        [0.0491, 0.0378, 0.0486, 0.0320, 0.0311, 0.0314, 0.0374, 0.0392, 0.0404,
         0.6529]], device='cuda:0', grad_fn=<SoftmaxBackward>)
>> best accuracy: 98.85000000000001	best epoch: 5

>> final recovery rate: 59.96111111111111%
>> val epoch: 10
>> current accuracy: 96.93333333333334%
outputs: tensor([[0.0347, 0.0111, 0.0331, 0.0334, 0.0296, 0.0575, 0.7244, 0.0294, 0.0093,
         0.0375],
        [0.0523, 0.0273, 0.0216, 0.1019, 0.0147, 0.0684, 0.0460, 0.0782, 0.3647,
         0.2249],
        [0.0808, 0.0277, 0.0459, 0.0303, 0.0190, 0.0229, 0.0360, 0.0295, 0.0287,
         0.6792],
        [0.0551, 0.0371, 0.0109, 0.6821, 0.0335, 0.0716, 0.0346, 0.0188, 0.0415,
         0.0148],
        [0.1053, 0.0448, 0.0373, 0.0582, 0.0305, 0.0426, 0.0404, 0.5530, 0.0247,
         0.0631],
        [0.0313, 0.0664, 0.0246, 0.0318, 0.0337, 0.1254, 0.0191, 0.0192, 0.6316,
         0.0170],
        [0.0802, 0.0341, 0.0286, 0.0598, 0.0609, 0.0402, 0.0565, 0.0475, 0.0439,
         0.5483],
        [0.0643, 0.0188, 0.0164, 0.0123, 0.0214, 0.0180, 0.0153, 0.7624, 0.0180,
         0.0530],
        [0.0530, 0.0445, 0.6691, 0.0273, 0.0438, 0.0401, 0.0418, 0.0225, 0.0223,
         0.0357],
        [0.0814, 0.0408, 0.0508, 0.0366, 0.5608, 0.0722, 0.0219, 0.0565, 0.0203,
         0.0588],
        [0.0393, 0.0729, 0.0305, 0.6033, 0.0224, 0.0792, 0.0603, 0.0315, 0.0235,
         0.0372],
        [0.0688, 0.0729, 0.0322, 0.0595, 0.4774, 0.1430, 0.0292, 0.0565, 0.0327,
         0.0277],
        [0.0382, 0.0156, 0.7898, 0.0071, 0.0416, 0.0324, 0.0176, 0.0256, 0.0137,
         0.0185],
        [0.6433, 0.0426, 0.0365, 0.0294, 0.0343, 0.0783, 0.0284, 0.0298, 0.0131,
         0.0643],
        [0.0523, 0.0332, 0.0229, 0.0316, 0.0489, 0.0797, 0.0638, 0.0405, 0.5897,
         0.0375],
        [0.1127, 0.0610, 0.0619, 0.0662, 0.0257, 0.0489, 0.0516, 0.0330, 0.0485,
         0.4903],
        [0.0466, 0.0476, 0.0260, 0.6510, 0.0300, 0.0718, 0.0414, 0.0319, 0.0326,
         0.0210],
        [0.0904, 0.0303, 0.0287, 0.0451, 0.0263, 0.0546, 0.0413, 0.6042, 0.0227,
         0.0564],
        [0.0932, 0.0638, 0.0432, 0.0522, 0.0247, 0.0500, 0.0402, 0.5476, 0.0209,
         0.0640],
        [0.0661, 0.0308, 0.0671, 0.0246, 0.6946, 0.0261, 0.0214, 0.0201, 0.0249,
         0.0242],
        [0.0533, 0.0440, 0.0592, 0.4199, 0.0445, 0.1444, 0.1216, 0.0369, 0.0208,
         0.0556],
        [0.0626, 0.0400, 0.0161, 0.6101, 0.0477, 0.0763, 0.0540, 0.0368, 0.0233,
         0.0331],
        [0.0484, 0.0481, 0.0306, 0.0563, 0.0586, 0.0694, 0.0515, 0.0439, 0.0456,
         0.5477],
        [0.0685, 0.5515, 0.0386, 0.0487, 0.0639, 0.0634, 0.0470, 0.0470, 0.0307,
         0.0407],
        [0.0639, 0.0563, 0.4694, 0.0524, 0.0620, 0.0579, 0.0450, 0.0155, 0.1173,
         0.0602],
        [0.0712, 0.0345, 0.0401, 0.0297, 0.0392, 0.0610, 0.0483, 0.0549, 0.5650,
         0.0561],
        [0.0357, 0.0555, 0.0266, 0.0546, 0.0318, 0.6475, 0.0336, 0.0545, 0.0243,
         0.0361],
        [0.1389, 0.0219, 0.0501, 0.0236, 0.0599, 0.0491, 0.0424, 0.5381, 0.0134,
         0.0626],
        [0.0268, 0.0333, 0.0160, 0.7314, 0.0189, 0.0751, 0.0246, 0.0462, 0.0127,
         0.0152],
        [0.0387, 0.0181, 0.0454, 0.0398, 0.0221, 0.0578, 0.6933, 0.0293, 0.0154,
         0.0400],
        [0.0759, 0.0520, 0.5952, 0.0196, 0.0233, 0.0396, 0.0369, 0.0253, 0.0955,
         0.0367],
        [0.0551, 0.0330, 0.0554, 0.0317, 0.6396, 0.0409, 0.0279, 0.0549, 0.0388,
         0.0227],
        [0.6657, 0.0200, 0.0229, 0.0251, 0.0517, 0.0402, 0.0429, 0.0374, 0.0118,
         0.0823],
        [0.0832, 0.5589, 0.0769, 0.0410, 0.0481, 0.0203, 0.0393, 0.0282, 0.0573,
         0.0468],
        [0.6207, 0.0355, 0.0607, 0.0169, 0.0337, 0.0328, 0.0542, 0.0213, 0.0311,
         0.0929],
        [0.0640, 0.0812, 0.0370, 0.0575, 0.0199, 0.0530, 0.0318, 0.5660, 0.0296,
         0.0600],
        [0.0780, 0.0366, 0.0374, 0.0305, 0.6369, 0.0271, 0.0223, 0.0389, 0.0343,
         0.0581],
        [0.0641, 0.1048, 0.5166, 0.0868, 0.0493, 0.0406, 0.0435, 0.0415, 0.0361,
         0.0168],
        [0.0505, 0.0407, 0.6917, 0.0222, 0.0403, 0.0493, 0.0276, 0.0280, 0.0373,
         0.0124],
        [0.0741, 0.0301, 0.0274, 0.0541, 0.0337, 0.0459, 0.6060, 0.0456, 0.0132,
         0.0700],
        [0.0807, 0.0584, 0.0372, 0.1301, 0.0427, 0.1584, 0.0550, 0.0572, 0.3381,
         0.0423],
        [0.0733, 0.0321, 0.0420, 0.0448, 0.0487, 0.0595, 0.6120, 0.0323, 0.0090,
         0.0464],
        [0.0156, 0.0343, 0.0178, 0.7239, 0.0201, 0.0665, 0.0566, 0.0199, 0.0257,
         0.0196],
        [0.0396, 0.0345, 0.0554, 0.5129, 0.0396, 0.1056, 0.0753, 0.0473, 0.0328,
         0.0571],
        [0.0274, 0.0541, 0.0655, 0.0903, 0.3729, 0.0639, 0.1225, 0.0803, 0.0350,
         0.0882],
        [0.0424, 0.0481, 0.0262, 0.0228, 0.0406, 0.6706, 0.0448, 0.0414, 0.0187,
         0.0444],
        [0.0597, 0.4836, 0.0753, 0.0695, 0.0715, 0.0391, 0.0356, 0.0349, 0.0749,
         0.0557],
        [0.0977, 0.0619, 0.1003, 0.0325, 0.0349, 0.1179, 0.0180, 0.4694, 0.0298,
         0.0377]], device='cuda:0', grad_fn=<SoftmaxBackward>)
>> best accuracy: 98.85000000000001	best epoch: 5

>> final recovery rate: 59.96111111111111%
>> val epoch: 15
>> current accuracy: 91.78333333333333%
outputs: tensor([[0.0322, 0.0511, 0.0119, 0.0779, 0.0329, 0.0069, 0.0312, 0.0219, 0.7197,
         0.0144],
        [0.0265, 0.0092, 0.2733, 0.2521, 0.0030, 0.3067, 0.0077, 0.0272, 0.0621,
         0.0321],
        [0.0009, 0.0022, 0.0089, 0.8585, 0.0028, 0.0243, 0.0566, 0.0098, 0.0022,
         0.0340],
        [0.1108, 0.0255, 0.0409, 0.4353, 0.0356, 0.0825, 0.0846, 0.0438, 0.0123,
         0.1287],
        [0.0274, 0.5731, 0.0532, 0.0448, 0.0433, 0.0392, 0.0522, 0.0441, 0.0269,
         0.0957],
        [0.0720, 0.0610, 0.0355, 0.0210, 0.0264, 0.0174, 0.0430, 0.0220, 0.0238,
         0.6779],
        [0.0074, 0.0177, 0.0044, 0.0466, 0.0257, 0.0373, 0.8362, 0.0096, 0.0059,
         0.0091],
        [0.0410, 0.7031, 0.0337, 0.0186, 0.0341, 0.0257, 0.0231, 0.0362, 0.0231,
         0.0616],
        [0.0061, 0.0081, 0.9226, 0.0016, 0.0045, 0.0207, 0.0067, 0.0103, 0.0101,
         0.0093],
        [0.0072, 0.0117, 0.0452, 0.2942, 0.0717, 0.3509, 0.0442, 0.1352, 0.0112,
         0.0285],
        [0.0093, 0.0194, 0.0896, 0.0138, 0.0807, 0.0614, 0.0692, 0.6143, 0.0316,
         0.0106],
        [0.0261, 0.0292, 0.0252, 0.5999, 0.0234, 0.0349, 0.1075, 0.0198, 0.0094,
         0.1245],
        [0.0061, 0.0289, 0.8464, 0.0191, 0.0036, 0.0300, 0.0421, 0.0102, 0.0096,
         0.0041],
        [0.0794, 0.0474, 0.0185, 0.0740, 0.0241, 0.0662, 0.0964, 0.0430, 0.4706,
         0.0804],
        [0.0970, 0.0319, 0.5942, 0.0304, 0.0319, 0.0123, 0.0688, 0.0172, 0.0105,
         0.1058],
        [0.0109, 0.1124, 0.1318, 0.0111, 0.0623, 0.0356, 0.0701, 0.5368, 0.0076,
         0.0213],
        [0.4239, 0.1079, 0.0531, 0.0401, 0.0926, 0.0340, 0.0596, 0.0476, 0.0780,
         0.0632],
        [0.5796, 0.0297, 0.0770, 0.0316, 0.0241, 0.0448, 0.0375, 0.0407, 0.0391,
         0.0957],
        [0.0274, 0.0085, 0.0055, 0.0534, 0.0679, 0.7150, 0.0074, 0.0205, 0.0483,
         0.0459],
        [0.5959, 0.0141, 0.0220, 0.0498, 0.0500, 0.0297, 0.0343, 0.0656, 0.0928,
         0.0458],
        [0.6154, 0.0187, 0.0237, 0.0131, 0.0648, 0.0160, 0.0116, 0.0895, 0.0626,
         0.0847],
        [0.5997, 0.0446, 0.0190, 0.0201, 0.0283, 0.0561, 0.0350, 0.0742, 0.0365,
         0.0864],
        [0.0060, 0.0169, 0.2235, 0.0044, 0.0254, 0.1990, 0.0216, 0.4617, 0.0282,
         0.0131],
        [0.0251, 0.1103, 0.0354, 0.0070, 0.0311, 0.0331, 0.0377, 0.0443, 0.0302,
         0.6457],
        [0.0341, 0.0482, 0.0151, 0.0141, 0.0049, 0.0480, 0.0297, 0.0514, 0.7177,
         0.0368],
        [0.5418, 0.0412, 0.0203, 0.0329, 0.0583, 0.0316, 0.0664, 0.0570, 0.0605,
         0.0901],
        [0.0317, 0.0505, 0.0453, 0.0658, 0.4245, 0.1630, 0.1399, 0.0265, 0.0126,
         0.0403],
        [0.0708, 0.0128, 0.0439, 0.0058, 0.0297, 0.6601, 0.0207, 0.0309, 0.0397,
         0.0856],
        [0.0030, 0.0041, 0.0062, 0.0034, 0.9504, 0.0008, 0.0058, 0.0089, 0.0062,
         0.0112],
        [0.0160, 0.0424, 0.0565, 0.0351, 0.0172, 0.0042, 0.0094, 0.0146, 0.7526,
         0.0521],
        [0.0051, 0.0190, 0.0070, 0.8051, 0.0242, 0.0341, 0.0837, 0.0090, 0.0050,
         0.0077],
        [0.0310, 0.6879, 0.0241, 0.0217, 0.0243, 0.0275, 0.0794, 0.0448, 0.0101,
         0.0492],
        [0.0221, 0.0113, 0.0183, 0.0119, 0.0213, 0.0270, 0.0346, 0.0350, 0.7543,
         0.0643],
        [0.0018, 0.0115, 0.4531, 0.0366, 0.0568, 0.0235, 0.3736, 0.0033, 0.0277,
         0.0121],
        [0.0191, 0.5329, 0.0356, 0.0425, 0.0274, 0.0928, 0.1369, 0.0334, 0.0302,
         0.0492],
        [0.4772, 0.0927, 0.0445, 0.0648, 0.0662, 0.0453, 0.0389, 0.0469, 0.0318,
         0.0919],
        [0.0279, 0.6588, 0.0279, 0.0202, 0.0363, 0.0457, 0.0471, 0.0430, 0.0237,
         0.0694],
        [0.0836, 0.0736, 0.0880, 0.0174, 0.0369, 0.0271, 0.0309, 0.5858, 0.0266,
         0.0302],
        [0.4915, 0.0251, 0.1466, 0.0143, 0.0802, 0.0356, 0.1146, 0.0474, 0.0223,
         0.0225],
        [0.4732, 0.0490, 0.0401, 0.0329, 0.1700, 0.0136, 0.0523, 0.0696, 0.0372,
         0.0621],
        [0.0181, 0.0350, 0.0287, 0.0166, 0.7337, 0.0126, 0.0683, 0.0011, 0.0208,
         0.0650],
        [0.0218, 0.0343, 0.0355, 0.0067, 0.0172, 0.0258, 0.0260, 0.7897, 0.0225,
         0.0205],
        [0.0142, 0.6934, 0.0555, 0.0482, 0.0299, 0.0135, 0.0387, 0.0281, 0.0302,
         0.0482],
        [0.3559, 0.2242, 0.0622, 0.0291, 0.0455, 0.0406, 0.0291, 0.0237, 0.0838,
         0.1059],
        [0.5402, 0.0034, 0.0053, 0.0463, 0.0360, 0.0427, 0.2327, 0.0329, 0.0335,
         0.0270],
        [0.0025, 0.0285, 0.0020, 0.1592, 0.0043, 0.0132, 0.0488, 0.0041, 0.5098,
         0.2275],
        [0.0033, 0.0042, 0.0026, 0.0012, 0.0272, 0.0068, 0.9174, 0.0041, 0.0013,
         0.0319],
        [0.0179, 0.1330, 0.0091, 0.0381, 0.0175, 0.0207, 0.1321, 0.0645, 0.4816,
         0.0857]], device='cuda:0', grad_fn=<SoftmaxBackward>)
>> best accuracy: 98.85000000000001	best epoch: 5

>> final recovery rate: 59.96111111111111%
>> val epoch: 20
>> current accuracy: 76.28333333333333%
outputs: tensor([[0.8050, 0.0006, 0.0011, 0.0045, 0.0100, 0.1046, 0.0539, 0.0117, 0.0044,
         0.0042],
        [0.0001, 0.0021, 0.0006, 0.0020, 0.0061, 0.0179, 0.0079, 0.0056, 0.6138,
         0.3441],
        [0.0052, 0.0012, 0.9628, 0.0005, 0.0041, 0.0004, 0.0054, 0.0022, 0.0182,
         0.0000],
        [0.0184, 0.0005, 0.0031, 0.1462, 0.0545, 0.0450, 0.0202, 0.6712, 0.0031,
         0.0379],
        [0.0560, 0.5845, 0.0280, 0.0306, 0.0418, 0.0208, 0.0913, 0.0454, 0.0098,
         0.0918],
        [0.0019, 0.0893, 0.0279, 0.0215, 0.1936, 0.0005, 0.5773, 0.0003, 0.0827,
         0.0051],
        [0.0171, 0.2832, 0.0525, 0.0594, 0.0290, 0.0288, 0.0486, 0.0271, 0.1556,
         0.2986],
        [0.0541, 0.7317, 0.0195, 0.0235, 0.0327, 0.0440, 0.0297, 0.0194, 0.0155,
         0.0299],
        [0.0006, 0.0025, 0.9613, 0.0005, 0.0008, 0.0003, 0.0005, 0.0023, 0.0309,
         0.0002],
        [0.0014, 0.0203, 0.0067, 0.7812, 0.0155, 0.0063, 0.0022, 0.0297, 0.0113,
         0.1254],
        [0.3620, 0.0441, 0.0050, 0.0242, 0.3925, 0.0968, 0.0103, 0.0061, 0.0318,
         0.0273],
        [0.0115, 0.0338, 0.0228, 0.7289, 0.0395, 0.0065, 0.0010, 0.0685, 0.0305,
         0.0570],
        [0.0472, 0.7142, 0.0179, 0.0323, 0.0310, 0.0301, 0.0354, 0.0273, 0.0276,
         0.0369],
        [0.1861, 0.0095, 0.0533, 0.0401, 0.0121, 0.0317, 0.6318, 0.0146, 0.0134,
         0.0073],
        [0.0019, 0.0001, 0.0297, 0.0008, 0.0004, 0.2743, 0.0185, 0.0002, 0.6736,
         0.0006],
        [0.0111, 0.0019, 0.1284, 0.0042, 0.8180, 0.0016, 0.0218, 0.0079, 0.0041,
         0.0011],
        [0.0306, 0.0348, 0.0189, 0.0493, 0.0032, 0.1017, 0.0060, 0.5283, 0.2216,
         0.0057],
        [0.0009, 0.0017, 0.0003, 0.0015, 0.0007, 0.0004, 0.1123, 0.0010, 0.8759,
         0.0053],
        [0.0045, 0.0373, 0.0720, 0.0120, 0.0276, 0.0093, 0.2004, 0.0030, 0.4831,
         0.1509],
        [0.0034, 0.0090, 0.0044, 0.9187, 0.0159, 0.0011, 0.0004, 0.0020, 0.0134,
         0.0316],
        [0.0110, 0.0017, 0.1032, 0.0043, 0.8577, 0.0023, 0.0076, 0.0012, 0.0040,
         0.0069],
        [0.0332, 0.0001, 0.9605, 0.0002, 0.0002, 0.0001, 0.0034, 0.0014, 0.0005,
         0.0004],
        [0.0086, 0.0264, 0.0219, 0.0142, 0.1257, 0.1572, 0.1120, 0.4979, 0.0038,
         0.0322],
        [0.0234, 0.7416, 0.0170, 0.0259, 0.0687, 0.0157, 0.0344, 0.0324, 0.0070,
         0.0338],
        [0.0001, 0.0033, 0.0021, 0.9879, 0.0005, 0.0018, 0.0017, 0.0004, 0.0017,
         0.0004],
        [0.0638, 0.1650, 0.0054, 0.3964, 0.0700, 0.2416, 0.0037, 0.0119, 0.0356,
         0.0065],
        [0.0290, 0.0262, 0.0051, 0.0035, 0.0032, 0.0085, 0.0061, 0.8926, 0.0189,
         0.0071],
        [0.0385, 0.0135, 0.0843, 0.0104, 0.0139, 0.0580, 0.6568, 0.0249, 0.0172,
         0.0827],
        [0.0058, 0.0038, 0.0084, 0.0002, 0.0027, 0.0016, 0.0017, 0.0061, 0.9649,
         0.0049],
        [0.0255, 0.8712, 0.0044, 0.0073, 0.0190, 0.0124, 0.0249, 0.0069, 0.0027,
         0.0256],
        [0.0018, 0.0207, 0.0081, 0.0062, 0.0026, 0.0002, 0.0018, 0.0018, 0.9548,
         0.0019],
        [0.0443, 0.5095, 0.0314, 0.0448, 0.0371, 0.0222, 0.0602, 0.1130, 0.0390,
         0.0983],
        [0.1335, 0.0304, 0.0178, 0.0072, 0.0092, 0.0080, 0.0451, 0.0099, 0.0080,
         0.7309],
        [0.0001, 0.0016, 0.0006, 0.0001, 0.8908, 0.0001, 0.0003, 0.0005, 0.0023,
         0.1037],
        [0.0445, 0.0746, 0.0021, 0.0376, 0.3504, 0.3741, 0.0360, 0.0273, 0.0095,
         0.0440],
        [0.0000, 0.0081, 0.0034, 0.0010, 0.0015, 0.9164, 0.0030, 0.0404, 0.0001,
         0.0260],
        [0.0011, 0.0007, 0.0061, 0.9160, 0.0081, 0.0053, 0.0064, 0.0437, 0.0048,
         0.0078],
        [0.0041, 0.0108, 0.1373, 0.0228, 0.0432, 0.0207, 0.0176, 0.7149, 0.0066,
         0.0218],
        [0.0107, 0.0076, 0.0346, 0.0226, 0.0203, 0.5573, 0.2672, 0.0687, 0.0051,
         0.0058],
        [0.0172, 0.0009, 0.0005, 0.0008, 0.7564, 0.0072, 0.0431, 0.1707, 0.0001,
         0.0030],
        [0.0003, 0.9967, 0.0002, 0.0012, 0.0001, 0.0004, 0.0002, 0.0005, 0.0002,
         0.0003],
        [0.0072, 0.0007, 0.0039, 0.0215, 0.6282, 0.0050, 0.0799, 0.0083, 0.0112,
         0.2340],
        [0.0041, 0.0037, 0.0030, 0.0112, 0.0012, 0.0920, 0.8703, 0.0089, 0.0000,
         0.0057],
        [0.0800, 0.0027, 0.0194, 0.0077, 0.0274, 0.0139, 0.5675, 0.0235, 0.0048,
         0.2530],
        [0.0005, 0.0091, 0.0008, 0.0001, 0.0011, 0.0021, 0.0092, 0.0109, 0.9295,
         0.0366],
        [0.1008, 0.1671, 0.0538, 0.0606, 0.0121, 0.0891, 0.0273, 0.4279, 0.0397,
         0.0218],
        [0.0171, 0.0147, 0.0007, 0.0015, 0.0015, 0.9615, 0.0009, 0.0003, 0.0015,
         0.0003],
        [0.0654, 0.0095, 0.0156, 0.0083, 0.0042, 0.0094, 0.0032, 0.7929, 0.0905,
         0.0010]], device='cuda:0', grad_fn=<SoftmaxBackward>)
>> best accuracy: 98.85000000000001	best epoch: 5

>> final recovery rate: 59.96111111111111%
>> val epoch: 25
>> current accuracy: 74.16666666666667%
outputs: tensor([[7.4051e-04, 1.9288e-02, 1.9317e-01, 2.5233e-03, 9.4258e-02, 2.5082e-03,
         6.7283e-01, 1.3430e-02, 7.4249e-04, 5.0880e-04],
        [3.1616e-02, 7.5946e-01, 7.5726e-04, 9.9405e-03, 8.3297e-02, 1.1110e-03,
         1.1334e-03, 3.4235e-03, 8.2667e-02, 2.6591e-02],
        [2.6147e-01, 1.3404e-02, 2.4264e-02, 5.9017e-03, 2.5547e-02, 1.0556e-02,
         2.0025e-01, 3.0506e-01, 1.0975e-02, 1.4258e-01],
        [3.0806e-01, 1.8380e-03, 2.6838e-02, 6.1198e-04, 4.9750e-01, 3.5223e-04,
         6.9386e-03, 1.4777e-01, 9.8238e-03, 2.6970e-04],
        [2.8445e-04, 1.5494e-02, 7.1940e-02, 6.5258e-03, 2.0138e-02, 1.6478e-03,
         8.4215e-01, 6.1661e-03, 3.1593e-02, 4.0573e-03],
        [1.6455e-04, 2.5721e-04, 1.3153e-04, 5.2173e-03, 1.0060e-03, 1.9729e-03,
         4.6007e-02, 5.0275e-04, 9.4284e-01, 1.8977e-03],
        [8.4167e-05, 5.7190e-03, 7.0591e-05, 1.7521e-04, 7.5530e-04, 9.8114e-01,
         3.3274e-05, 1.5205e-03, 8.4987e-04, 9.6564e-03],
        [1.9457e-04, 2.4569e-04, 9.7813e-04, 2.1461e-01, 6.0647e-03, 3.0849e-02,
         1.4788e-04, 7.4416e-01, 1.5676e-04, 2.5892e-03],
        [2.0827e-03, 2.0433e-04, 1.1237e-04, 1.2558e-04, 6.0743e-06, 2.8843e-05,
         8.4319e-06, 9.9726e-01, 1.3372e-04, 3.3677e-05],
        [8.4598e-01, 8.3237e-03, 4.8126e-03, 2.0261e-02, 4.2008e-02, 6.4309e-03,
         2.8317e-03, 4.3077e-03, 5.5434e-02, 9.6076e-03],
        [6.9945e-03, 5.1745e-03, 1.3647e-03, 1.5098e-04, 4.3225e-02, 6.4562e-01,
         2.7449e-01, 4.2360e-03, 9.2921e-04, 1.7807e-02],
        [6.7582e-01, 4.4059e-04, 5.3677e-03, 2.7490e-02, 6.2509e-04, 2.3430e-01,
         5.9700e-04, 5.3389e-02, 1.5729e-03, 3.9705e-04],
        [1.0880e-02, 5.4755e-01, 5.1903e-03, 3.0603e-03, 1.0737e-02, 1.9705e-01,
         1.0082e-03, 1.6515e-01, 3.7600e-02, 2.1769e-02],
        [1.0920e-04, 8.1223e-05, 6.9781e-03, 2.9064e-03, 2.3540e-04, 9.8638e-01,
         2.6366e-03, 8.8041e-05, 2.4797e-04, 3.3731e-04],
        [9.9991e-01, 3.5062e-08, 1.3984e-05, 1.1194e-05, 6.7345e-06, 4.7667e-07,
         1.0810e-06, 3.3056e-06, 5.2898e-05, 5.6500e-07],
        [1.2920e-03, 1.4032e-05, 6.1787e-03, 1.5520e-05, 1.7509e-04, 9.8975e-01,
         1.1693e-04, 5.9082e-06, 1.5662e-05, 2.4385e-03],
        [2.1167e-05, 1.1488e-04, 9.9805e-01, 6.5381e-04, 1.9714e-05, 3.5654e-05,
         1.7381e-04, 5.5113e-05, 1.0652e-05, 8.6562e-04],
        [5.6797e-03, 5.1972e-01, 1.6934e-02, 3.5551e-03, 1.3195e-02, 7.5156e-04,
         6.9616e-03, 4.0289e-04, 2.2570e-01, 2.0709e-01],
        [9.3168e-02, 2.5599e-03, 2.4827e-03, 2.3840e-03, 4.3204e-01, 1.3460e-04,
         2.5469e-01, 1.7830e-03, 3.1263e-02, 1.7950e-01],
        [6.5075e-01, 6.5260e-05, 8.3535e-02, 2.8342e-03, 5.1126e-02, 1.2138e-01,
         7.8731e-02, 2.1738e-03, 6.6588e-04, 8.7356e-03],
        [5.5534e-02, 7.0081e-01, 4.9901e-02, 2.3739e-02, 3.7572e-02, 2.0692e-03,
         3.9233e-02, 5.3338e-03, 3.2637e-02, 5.3173e-02],
        [4.0281e-04, 1.6093e-04, 8.2255e-05, 4.9512e-05, 2.3479e-04, 2.3710e-04,
         9.8834e-01, 9.8694e-03, 3.6982e-04, 2.5832e-04],
        [4.3135e-04, 4.8591e-03, 5.6674e-02, 6.1658e-02, 4.1335e-03, 1.1420e-04,
         2.0156e-03, 3.4182e-03, 4.0824e-03, 8.6261e-01],
        [4.8260e-03, 1.8797e-03, 8.2095e-03, 1.9346e-02, 3.6935e-01, 4.6443e-01,
         1.0730e-01, 5.7045e-04, 3.3832e-03, 2.0709e-02],
        [1.2441e-04, 1.0559e-03, 9.9559e-01, 1.1473e-04, 1.6675e-03, 5.7433e-05,
         9.3662e-06, 8.3197e-05, 1.2860e-03, 7.3646e-06],
        [4.3127e-03, 1.0088e-03, 1.0346e-05, 9.9205e-01, 3.3549e-04, 4.0864e-04,
         3.5004e-05, 3.4681e-05, 1.7515e-03, 5.1908e-05],
        [1.1084e-02, 1.0565e-01, 2.6660e-02, 4.5422e-03, 4.3325e-03, 6.6802e-01,
         6.4104e-04, 1.1262e-01, 1.9978e-02, 4.6470e-02],
        [2.3056e-04, 1.2555e-03, 1.7793e-03, 6.8211e-05, 5.6137e-04, 2.7697e-05,
         8.4788e-05, 1.3725e-04, 1.5918e-03, 9.9426e-01],
        [8.0890e-05, 2.6272e-05, 1.3046e-03, 9.9615e-01, 6.4951e-05, 5.7540e-05,
         2.6762e-04, 1.6418e-03, 3.1889e-05, 3.7097e-04],
        [3.1879e-01, 3.6969e-02, 1.3812e-02, 3.1462e-03, 6.3169e-02, 5.3172e-01,
         3.9355e-03, 1.9090e-02, 6.4224e-03, 2.9546e-03],
        [5.3336e-03, 1.5004e-02, 1.9160e-02, 3.0441e-03, 3.7336e-04, 3.3839e-04,
         7.3188e-03, 9.4539e-01, 1.1682e-03, 2.8716e-03],
        [7.7359e-06, 1.5041e-04, 6.9969e-03, 6.8907e-03, 2.9744e-04, 7.3261e-05,
         9.8532e-01, 4.9162e-05, 2.0201e-04, 1.4150e-05],
        [9.3405e-02, 3.8599e-04, 3.0356e-04, 3.3673e-04, 9.0373e-01, 1.0580e-03,
         4.4211e-04, 4.8527e-05, 1.1786e-04, 1.7411e-04],
        [9.5145e-04, 7.2428e-04, 2.7026e-03, 2.2084e-04, 2.6992e-04, 6.1331e-03,
         3.2539e-03, 5.8921e-03, 9.4594e-01, 3.3917e-02],
        [3.8362e-02, 2.9271e-02, 1.6954e-03, 2.8684e-02, 3.5596e-01, 1.4106e-02,
         2.2027e-02, 4.5932e-01, 3.8122e-02, 1.2452e-02],
        [2.8822e-02, 3.2710e-04, 6.7959e-04, 5.7755e-03, 1.5199e-03, 2.3182e-03,
         2.0174e-03, 8.2160e-01, 9.0270e-02, 4.6670e-02],
        [1.9213e-04, 1.2656e-02, 2.6254e-04, 4.4179e-02, 5.6493e-03, 4.7037e-02,
         7.7699e-01, 2.2772e-02, 3.9758e-02, 5.0501e-02],
        [7.1979e-01, 5.0867e-03, 1.2717e-03, 3.0625e-03, 8.5262e-04, 2.4641e-03,
         3.6848e-03, 2.4494e-01, 1.6909e-02, 1.9410e-03],
        [1.0540e-05, 3.4084e-04, 6.5038e-05, 9.9428e-01, 1.2570e-04, 5.2871e-05,
         4.4519e-03, 2.7127e-04, 1.4845e-04, 2.5423e-04],
        [1.9829e-02, 3.1270e-03, 2.5754e-01, 1.0088e-02, 1.2108e-01, 2.1787e-03,
         1.5213e-01, 2.7018e-02, 6.9885e-02, 3.3712e-01],
        [2.0531e-02, 4.0490e-02, 6.9758e-02, 1.0127e-01, 2.3201e-02, 3.3192e-04,
         2.1861e-01, 6.9614e-03, 5.1832e-01, 5.1888e-04],
        [4.3189e-02, 5.6915e-01, 8.3625e-03, 1.0513e-02, 1.4940e-01, 2.1490e-02,
         6.3444e-02, 5.1065e-02, 1.6592e-02, 6.6794e-02],
        [6.3356e-03, 2.2278e-02, 4.5980e-03, 6.1580e-03, 2.7977e-03, 8.2922e-01,
         9.5835e-02, 1.7758e-02, 1.2985e-02, 2.0311e-03],
        [1.0312e-01, 5.3472e-01, 3.5120e-03, 7.2755e-02, 9.8210e-03, 4.5261e-02,
         1.3552e-01, 4.9314e-03, 7.6046e-03, 8.2744e-02],
        [2.4733e-05, 9.8048e-05, 3.1532e-01, 1.3550e-04, 2.6022e-05, 6.6515e-01,
         1.5180e-04, 1.7266e-02, 1.7476e-03, 7.8585e-05],
        [2.0687e-04, 6.4701e-05, 6.1345e-02, 1.7157e-04, 1.1348e-03, 9.3502e-01,
         2.4163e-04, 8.5740e-04, 1.8299e-04, 7.7715e-04],
        [2.0260e-06, 1.1802e-05, 2.3826e-05, 2.2121e-05, 9.9891e-01, 2.0181e-06,
         3.3979e-05, 4.4590e-06, 3.3669e-04, 6.4886e-04],
        [4.2211e-04, 1.3327e-03, 4.9601e-04, 3.4566e-04, 4.7690e-03, 4.8306e-05,
         3.9727e-04, 7.2174e-04, 3.0760e-04, 9.9116e-01]],
       device='cuda:0', grad_fn=<SoftmaxBackward>)
>> best accuracy: 98.85000000000001	best epoch: 5

>> final recovery rate: 59.96111111111111%
>> val epoch: 30
>> current accuracy: 72.28333333333333%
outputs: tensor([[2.9178e-06, 1.2162e-06, 1.0312e-04, 2.6162e-06, 1.5535e-05, 2.9889e-05,
         2.2292e-04, 1.5574e-03, 9.9806e-01, 9.2452e-06],
        [2.6678e-04, 1.0695e-03, 1.4432e-02, 1.7683e-03, 9.8031e-01, 1.1155e-04,
         8.7710e-05, 5.7573e-04, 1.3618e-03, 1.2972e-05],
        [2.9749e-04, 2.5208e-05, 1.2081e-05, 9.9940e-01, 5.1463e-05, 5.4646e-05,
         5.6913e-05, 2.1861e-06, 4.0800e-05, 5.8027e-05],
        [5.2452e-05, 4.7201e-05, 6.1946e-05, 2.2816e-05, 4.6378e-05, 2.8455e-06,
         3.0534e-05, 1.4738e-05, 9.9965e-01, 7.5576e-05],
        [1.3181e-05, 5.9073e-05, 9.9980e-01, 2.4150e-05, 3.0919e-06, 4.2938e-06,
         1.1393e-05, 6.5171e-05, 1.5994e-05, 6.9868e-07],
        [7.0053e-03, 5.5219e-04, 6.8133e-04, 1.4977e-03, 2.1004e-02, 2.5558e-04,
         6.2006e-02, 1.5989e-01, 7.4486e-01, 2.2472e-03],
        [3.2499e-04, 1.3994e-01, 7.3926e-05, 2.1353e-04, 8.5710e-01, 5.4601e-04,
         5.1503e-04, 7.2125e-04, 9.7396e-05, 4.7487e-04],
        [9.9817e-01, 1.2225e-04, 7.0011e-04, 2.8659e-05, 1.3699e-05, 2.2220e-04,
         1.8072e-05, 3.1544e-05, 4.7644e-04, 2.1850e-04],
        [2.5481e-02, 2.5629e-05, 8.3719e-01, 1.5603e-04, 1.3622e-01, 2.3760e-04,
         4.3408e-05, 6.2628e-05, 5.9176e-05, 5.2649e-04],
        [1.4351e-03, 4.0698e-05, 5.7920e-04, 2.4261e-04, 2.5362e-03, 2.2111e-04,
         3.6905e-05, 1.2429e-03, 1.4773e-03, 9.9219e-01],
        [3.0620e-04, 2.0798e-03, 2.8946e-04, 4.1356e-03, 5.0589e-05, 2.7435e-02,
         5.5128e-05, 9.6528e-01, 3.5576e-04, 1.5734e-05],
        [1.5772e-03, 2.9117e-01, 1.3285e-02, 2.4524e-02, 2.4306e-01, 9.7448e-03,
         1.1206e-02, 2.1687e-02, 3.7488e-01, 8.8651e-03],
        [1.9920e-03, 2.5406e-02, 1.9576e-04, 7.2420e-02, 6.5888e-03, 2.1911e-03,
         9.6510e-03, 2.6059e-04, 8.8074e-01, 5.5132e-04],
        [2.4003e-04, 1.5088e-03, 4.3240e-04, 1.0182e-05, 2.0256e-03, 6.7101e-05,
         2.8054e-02, 7.5600e-04, 1.3785e-03, 9.6553e-01],
        [9.9727e-01, 3.7409e-05, 5.4483e-05, 2.1380e-03, 2.4910e-04, 8.4809e-05,
         1.6255e-05, 7.6896e-05, 5.7819e-05, 1.8531e-05],
        [4.3121e-02, 2.6574e-02, 9.0942e-03, 8.6692e-01, 4.2281e-02, 1.3451e-03,
         5.7398e-03, 3.6354e-03, 1.0321e-04, 1.1856e-03],
        [2.5849e-03, 9.3179e-01, 1.8090e-03, 1.5512e-04, 8.9152e-03, 3.7033e-04,
         3.7443e-02, 6.4729e-04, 1.5404e-02, 8.8032e-04],
        [1.6715e-04, 1.6229e-03, 1.6408e-04, 3.5505e-05, 2.2707e-03, 9.5899e-03,
         3.4014e-03, 9.8118e-01, 1.2185e-03, 3.5253e-04],
        [2.7873e-01, 2.9740e-02, 6.8985e-04, 8.5873e-04, 4.6710e-01, 9.5197e-02,
         1.5806e-02, 8.1199e-04, 1.3337e-03, 1.0973e-01],
        [1.3609e-04, 4.5590e-05, 5.5880e-03, 5.0842e-05, 9.8979e-01, 5.1477e-05,
         3.8139e-06, 4.2180e-03, 8.0955e-05, 3.1003e-05],
        [1.2899e-03, 2.3858e-04, 5.4974e-04, 8.8690e-05, 2.4397e-04, 2.2682e-04,
         9.8031e-01, 1.0142e-02, 3.8995e-03, 3.0149e-03],
        [5.6564e-02, 7.2132e-03, 4.6672e-04, 3.5072e-04, 7.5003e-01, 2.4883e-03,
         5.3987e-02, 3.6670e-04, 4.1262e-04, 1.2812e-01],
        [4.1391e-04, 2.2225e-04, 1.9915e-01, 7.8705e-01, 5.6131e-04, 2.2386e-03,
         9.8423e-03, 1.2002e-04, 3.2163e-04, 7.8131e-05],
        [2.6921e-05, 5.3870e-04, 4.9007e-02, 1.1480e-03, 1.2291e-03, 6.7976e-02,
         8.7314e-01, 1.7017e-03, 5.1705e-03, 5.9262e-05],
        [7.3607e-05, 6.4850e-06, 5.0653e-04, 7.7839e-06, 4.8393e-05, 1.3277e-04,
         3.7870e-06, 1.7734e-05, 3.0680e-05, 9.9917e-01],
        [5.0707e-03, 2.0441e-04, 2.3196e-04, 1.3137e-03, 4.9682e-03, 9.7786e-01,
         1.0284e-03, 1.8938e-04, 4.9277e-04, 8.6449e-03],
        [1.6979e-03, 2.8368e-03, 1.3646e-03, 1.1942e-02, 7.3298e-01, 5.7472e-03,
         1.8930e-03, 1.5689e-02, 1.2019e-03, 2.2464e-01],
        [9.9652e-01, 5.2158e-05, 2.3669e-05, 1.3350e-03, 2.7223e-04, 4.4107e-05,
         2.9712e-04, 4.4908e-05, 1.3594e-03, 5.5839e-05],
        [1.4031e-04, 9.9849e-03, 1.4457e-04, 7.1801e-01, 5.1459e-05, 7.3913e-04,
         1.1311e-04, 3.3340e-04, 2.6642e-01, 4.0672e-03],
        [7.4327e-05, 1.6193e-04, 3.1840e-03, 5.5128e-05, 7.7286e-06, 9.6462e-01,
         3.1805e-03, 2.0845e-02, 1.2988e-04, 7.7455e-03],
        [2.9031e-04, 4.3354e-04, 1.1911e-03, 2.9790e-05, 2.2309e-06, 5.3989e-05,
         1.3957e-03, 9.9582e-01, 4.7764e-05, 7.3834e-04],
        [5.3124e-02, 3.4488e-03, 6.2413e-03, 5.3963e-03, 2.7113e-04, 6.1527e-05,
         1.3963e-01, 3.5185e-03, 1.8829e-04, 7.8812e-01],
        [1.1621e-05, 7.4456e-04, 2.4347e-04, 1.0983e-04, 7.4991e-02, 2.2296e-05,
         9.1724e-01, 2.5643e-03, 3.8895e-05, 4.0323e-03],
        [7.9400e-03, 4.4354e-01, 1.6080e-04, 1.9757e-04, 1.3249e-03, 5.3655e-01,
         9.5042e-03, 3.8127e-04, 1.9247e-04, 2.0696e-04],
        [8.5284e-03, 2.1385e-03, 9.8704e-01, 5.2139e-04, 1.3389e-05, 9.4023e-04,
         1.8963e-05, 3.2337e-04, 4.6056e-04, 1.7743e-05],
        [1.6058e-05, 6.4277e-04, 2.5459e-05, 1.8617e-04, 3.5081e-07, 3.3013e-06,
         1.8421e-06, 9.9903e-01, 1.1977e-05, 7.9635e-05],
        [5.5741e-03, 3.0672e-01, 3.9747e-04, 6.1542e-01, 4.3212e-04, 3.4088e-02,
         4.4225e-03, 1.7066e-04, 1.0552e-03, 3.1724e-02],
        [1.2819e-04, 4.4532e-03, 1.8515e-03, 5.5218e-04, 1.6385e-02, 2.0768e-03,
         2.6399e-04, 1.7368e-04, 1.1027e-03, 9.7301e-01],
        [3.5202e-06, 7.2214e-05, 1.3175e-02, 3.2017e-05, 3.2593e-05, 3.6932e-03,
         4.7172e-04, 1.0287e-04, 9.8209e-01, 3.2913e-04],
        [9.9577e-01, 6.5654e-04, 1.0827e-03, 1.6136e-04, 2.8240e-04, 5.8644e-04,
         5.7374e-04, 2.3994e-04, 4.9795e-04, 1.4891e-04],
        [6.0261e-04, 7.1013e-04, 1.0679e-04, 9.9644e-01, 1.0079e-04, 1.2558e-03,
         3.2513e-05, 2.4074e-04, 9.3669e-05, 4.1887e-04],
        [5.4968e-04, 9.6299e-01, 1.5832e-03, 1.8207e-04, 3.3862e-04, 1.3641e-03,
         1.1884e-02, 1.9569e-02, 8.8134e-04, 6.6241e-04],
        [1.2169e-02, 2.5913e-03, 5.1233e-03, 2.1567e-02, 8.5275e-01, 1.0677e-04,
         1.8261e-03, 5.1202e-03, 9.4661e-03, 8.9276e-02],
        [6.7975e-05, 2.2922e-04, 9.6131e-05, 9.0373e-05, 1.1977e-04, 9.9741e-01,
         1.7844e-03, 4.2017e-05, 1.0105e-04, 6.2660e-05],
        [2.8362e-04, 5.0888e-05, 1.2217e-04, 1.4353e-04, 2.5124e-03, 1.4364e-03,
         1.4902e-03, 9.5834e-01, 1.4110e-02, 2.1508e-02],
        [1.9184e-04, 3.8356e-03, 9.8935e-01, 1.5489e-03, 2.2687e-04, 1.4601e-03,
         2.5242e-03, 1.3550e-05, 5.3903e-04, 3.0749e-04],
        [5.2284e-05, 2.9870e-05, 1.2046e-04, 7.7850e-02, 1.7241e-03, 7.2424e-04,
         3.4232e-05, 4.6436e-04, 9.1898e-01, 2.2993e-05],
        [2.5250e-04, 7.2109e-04, 1.5272e-03, 4.7462e-01, 1.1141e-03, 9.7297e-04,
         4.6885e-01, 2.2191e-03, 4.9469e-05, 4.9668e-02]],
       device='cuda:0', grad_fn=<SoftmaxBackward>)
>> best accuracy: 98.85000000000001	best epoch: 5

>> final recovery rate: 62.91296296296296%
>> val epoch: 35
>> current accuracy: 71.35000000000001%
outputs: tensor([[4.2399e-01, 4.0926e-05, 1.4172e-02, 1.1703e-04, 1.2819e-04, 2.1040e-03,
