noise type: uniform
noise level: 0.4
when_to_apply_epoch: 1000
total clean data num: 26893
probability transition matrix:
[[0.6        0.04444444 0.04444444 0.04444444 0.04444444 0.04444444
  0.04444444 0.04444444 0.04444444 0.04444444]
 [0.04444444 0.6        0.04444444 0.04444444 0.04444444 0.04444444
  0.04444444 0.04444444 0.04444444 0.04444444]
 [0.04444444 0.04444444 0.6        0.04444444 0.04444444 0.04444444
  0.04444444 0.04444444 0.04444444 0.04444444]
 [0.04444444 0.04444444 0.04444444 0.6        0.04444444 0.04444444
  0.04444444 0.04444444 0.04444444 0.04444444]
 [0.04444444 0.04444444 0.04444444 0.04444444 0.6        0.04444444
  0.04444444 0.04444444 0.04444444 0.04444444]
 [0.04444444 0.04444444 0.04444444 0.04444444 0.04444444 0.6
  0.04444444 0.04444444 0.04444444 0.04444444]
 [0.04444444 0.04444444 0.04444444 0.04444444 0.04444444 0.04444444
  0.6        0.04444444 0.04444444 0.04444444]
 [0.04444444 0.04444444 0.04444444 0.04444444 0.04444444 0.04444444
  0.04444444 0.6        0.04444444 0.04444444]
 [0.04444444 0.04444444 0.04444444 0.04444444 0.04444444 0.04444444
  0.04444444 0.04444444 0.6        0.04444444]
 [0.04444444 0.04444444 0.04444444 0.04444444 0.04444444 0.04444444
  0.04444444 0.04444444 0.04444444 0.6       ]]
>> val epoch: 0
>> current accuracy: 45.2%
outputs: tensor([[0.0522, 0.0531, 0.1011, 0.1261, 0.1117, 0.0871, 0.3416, 0.0695, 0.0235,
         0.0342],
        [0.1039, 0.0692, 0.0678, 0.0821, 0.0808, 0.0801, 0.1149, 0.1457, 0.0398,
         0.2158],
        [0.0858, 0.0445, 0.1807, 0.0743, 0.2400, 0.0631, 0.1195, 0.0938, 0.0577,
         0.0406],
        [0.1070, 0.1186, 0.1107, 0.0668, 0.0971, 0.0358, 0.0599, 0.0631, 0.2542,
         0.0868],
        [0.1715, 0.0939, 0.0569, 0.0448, 0.0379, 0.0329, 0.0403, 0.0478, 0.3996,
         0.0744],
        [0.0525, 0.0528, 0.1848, 0.0471, 0.2989, 0.0275, 0.2078, 0.0545, 0.0320,
         0.0423],
        [0.0703, 0.0419, 0.2198, 0.0796, 0.2372, 0.0702, 0.1372, 0.0677, 0.0378,
         0.0384],
        [0.1023, 0.2034, 0.0933, 0.1020, 0.1071, 0.0556, 0.0747, 0.0795, 0.0692,
         0.1129],
        [0.0593, 0.4682, 0.0269, 0.0432, 0.0380, 0.0226, 0.0265, 0.0378, 0.0727,
         0.2048],
        [0.1234, 0.1829, 0.0426, 0.0511, 0.0502, 0.0328, 0.0425, 0.0458, 0.1666,
         0.2621],
        [0.0891, 0.0273, 0.0960, 0.1604, 0.0628, 0.2160, 0.0748, 0.1740, 0.0391,
         0.0606],
        [0.0622, 0.0417, 0.1016, 0.1286, 0.1104, 0.1630, 0.1123, 0.2173, 0.0285,
         0.0344],
        [0.0968, 0.2895, 0.0365, 0.0623, 0.0462, 0.0284, 0.0393, 0.0417, 0.1104,
         0.2489],
        [0.0747, 0.0533, 0.0897, 0.1865, 0.0910, 0.1876, 0.1004, 0.1377, 0.0295,
         0.0495],
        [0.0886, 0.0436, 0.1935, 0.1374, 0.1700, 0.1115, 0.1019, 0.0746, 0.0416,
         0.0372],
        [0.0592, 0.1249, 0.0569, 0.1079, 0.0833, 0.0739, 0.1846, 0.0945, 0.0269,
         0.1880],
        [0.0719, 0.3049, 0.0464, 0.0993, 0.0759, 0.0485, 0.0809, 0.0679, 0.0330,
         0.1714],
        [0.1330, 0.0746, 0.0805, 0.0501, 0.0535, 0.0379, 0.0444, 0.0547, 0.3907,
         0.0807],
        [0.3571, 0.0543, 0.1549, 0.0748, 0.0713, 0.0530, 0.0535, 0.0445, 0.0907,
         0.0459],
        [0.0558, 0.0591, 0.0661, 0.1509, 0.0816, 0.1688, 0.1182, 0.1980, 0.0271,
         0.0743],
        [0.3219, 0.1100, 0.1128, 0.0725, 0.0685, 0.0589, 0.0513, 0.0612, 0.0653,
         0.0776],
        [0.0583, 0.0748, 0.0592, 0.1412, 0.1034, 0.1264, 0.2612, 0.1131, 0.0265,
         0.0360],
        [0.1066, 0.4014, 0.0355, 0.0628, 0.0560, 0.0396, 0.0514, 0.0558, 0.0574,
         0.1334],
        [0.1122, 0.1662, 0.1210, 0.1011, 0.0991, 0.0947, 0.0484, 0.1320, 0.0598,
         0.0653],
        [0.1588, 0.0693, 0.1304, 0.0527, 0.0909, 0.0520, 0.0610, 0.0688, 0.2188,
         0.0973],
        [0.0424, 0.0391, 0.1859, 0.0386, 0.4515, 0.0230, 0.0639, 0.1036, 0.0278,
         0.0242],
        [0.0837, 0.2178, 0.0313, 0.0808, 0.0452, 0.0530, 0.0608, 0.0743, 0.0266,
         0.3265],
        [0.0540, 0.0498, 0.2105, 0.0544, 0.3165, 0.0381, 0.1428, 0.0543, 0.0419,
         0.0377],
        [0.0589, 0.0493, 0.0923, 0.1655, 0.0953, 0.1452, 0.0738, 0.1840, 0.0531,
         0.0825],
        [0.1635, 0.0667, 0.1316, 0.0871, 0.0846, 0.0961, 0.0691, 0.0805, 0.0785,
         0.1424],
        [0.0531, 0.0525, 0.1481, 0.0348, 0.2959, 0.0231, 0.2884, 0.0389, 0.0313,
         0.0340],
        [0.0748, 0.0528, 0.1982, 0.1184, 0.1515, 0.0971, 0.0855, 0.1208, 0.0508,
         0.0500],
        [0.1189, 0.1854, 0.0356, 0.0548, 0.0444, 0.0270, 0.0421, 0.0412, 0.0678,
         0.3826],
        [0.0588, 0.0515, 0.0868, 0.1180, 0.1504, 0.1101, 0.0843, 0.2682, 0.0265,
         0.0454],
        [0.0593, 0.0969, 0.0549, 0.1011, 0.1186, 0.1020, 0.1444, 0.2095, 0.0237,
         0.0896],
        [0.1315, 0.0599, 0.1225, 0.0955, 0.1030, 0.1341, 0.0650, 0.1633, 0.0536,
         0.0716],
        [0.1568, 0.2128, 0.0483, 0.0495, 0.0411, 0.0246, 0.0362, 0.0466, 0.2750,
         0.1089],
        [0.0808, 0.0679, 0.0753, 0.1315, 0.0751, 0.1673, 0.0712, 0.1904, 0.0276,
         0.1128],
        [0.0725, 0.0568, 0.2055, 0.0544, 0.2882, 0.0327, 0.1424, 0.0534, 0.0378,
         0.0563],
        [0.0686, 0.0561, 0.1129, 0.1727, 0.0838, 0.1605, 0.0718, 0.1358, 0.0564,
         0.0814],
        [0.0640, 0.0619, 0.0643, 0.1086, 0.0920, 0.1062, 0.1202, 0.2052, 0.0282,
         0.1493],
        [0.0797, 0.0799, 0.1052, 0.0866, 0.2268, 0.0681, 0.1470, 0.1246, 0.0318,
         0.0504],
        [0.0759, 0.0329, 0.0910, 0.1647, 0.0695, 0.1951, 0.0838, 0.1853, 0.0258,
         0.0759],
        [0.0607, 0.0628, 0.0628, 0.1473, 0.1129, 0.1770, 0.1296, 0.1794, 0.0279,
         0.0397],
        [0.1403, 0.1585, 0.0943, 0.0557, 0.1143, 0.0532, 0.0633, 0.0702, 0.1123,
         0.1378],
        [0.0533, 0.0669, 0.1723, 0.0530, 0.2919, 0.0354, 0.1879, 0.0686, 0.0337,
         0.0371],
        [0.4286, 0.0743, 0.0986, 0.0545, 0.0544, 0.0377, 0.0474, 0.0409, 0.1016,
         0.0620],
        [0.1173, 0.1772, 0.0932, 0.0656, 0.1588, 0.0410, 0.0723, 0.0807, 0.0624,
         0.1316],
        [0.0558, 0.0617, 0.0961, 0.2000, 0.1067, 0.1209, 0.1656, 0.1045, 0.0353,
         0.0535],
        [0.0888, 0.1064, 0.1273, 0.1513, 0.1196, 0.0867, 0.0936, 0.0842, 0.0772,
         0.0649],
        [0.0447, 0.5482, 0.0148, 0.0508, 0.0282, 0.0225, 0.0261, 0.0283, 0.0211,
         0.2152],
        [0.0864, 0.1090, 0.0641, 0.0459, 0.0535, 0.0282, 0.0394, 0.0396, 0.4572,
         0.0766],
        [0.0633, 0.0917, 0.0844, 0.1104, 0.0958, 0.0767, 0.3084, 0.0737, 0.0314,
         0.0641],
        [0.0529, 0.0572, 0.1522, 0.0461, 0.2093, 0.0319, 0.3150, 0.0489, 0.0293,
         0.0573],
        [0.1817, 0.0840, 0.1513, 0.0967, 0.0928, 0.0649, 0.0460, 0.0869, 0.0910,
         0.1048],
        [0.1590, 0.0307, 0.2051, 0.1340, 0.0775, 0.1323, 0.0695, 0.0880, 0.0516,
         0.0523],
        [0.1149, 0.1203, 0.0408, 0.0424, 0.0293, 0.0198, 0.0280, 0.0328, 0.5155,
         0.0562],
        [0.1001, 0.0489, 0.0860, 0.1051, 0.0688, 0.1623, 0.0612, 0.1478, 0.0472,
         0.1727],
        [0.0630, 0.0638, 0.1042, 0.0966, 0.1519, 0.1072, 0.1489, 0.1808, 0.0387,
         0.0450],
        [0.1045, 0.0890, 0.1717, 0.0452, 0.2584, 0.0288, 0.0846, 0.0558, 0.1227,
         0.0394],
        [0.0559, 0.0588, 0.0569, 0.2463, 0.0625, 0.2238, 0.1323, 0.1013, 0.0260,
         0.0361],
        [0.0589, 0.0906, 0.0897, 0.0499, 0.1549, 0.0373, 0.3460, 0.0712, 0.0295,
         0.0719],
        [0.0402, 0.0362, 0.1706, 0.0271, 0.4614, 0.0182, 0.1398, 0.0539, 0.0266,
         0.0260],
        [0.0777, 0.2149, 0.0714, 0.1102, 0.0977, 0.0453, 0.0823, 0.0743, 0.0536,
         0.1727],
        [0.1054, 0.0312, 0.0819, 0.1316, 0.0737, 0.1528, 0.0862, 0.2108, 0.0314,
         0.0952],
        [0.0654, 0.0632, 0.1113, 0.0872, 0.2664, 0.0762, 0.1072, 0.1533, 0.0375,
         0.0322],
        [0.1440, 0.0720, 0.1373, 0.0721, 0.1306, 0.0612, 0.0584, 0.1136, 0.1076,
         0.1033],
        [0.1334, 0.3037, 0.0275, 0.0595, 0.0346, 0.0273, 0.0336, 0.0375, 0.0790,
         0.2639],
        [0.2507, 0.0682, 0.1241, 0.0881, 0.0705, 0.1087, 0.0632, 0.0974, 0.0548,
         0.0744],
        [0.0802, 0.0864, 0.0932, 0.1277, 0.1124, 0.1019, 0.1214, 0.1077, 0.0986,
         0.0706],
        [0.0655, 0.3288, 0.0198, 0.0435, 0.0333, 0.0228, 0.0257, 0.0362, 0.0493,
         0.3751],
        [0.2044, 0.0358, 0.2198, 0.0990, 0.0838, 0.1044, 0.0683, 0.0594, 0.0706,
         0.0545]], device='cuda:0', grad_fn=<SoftmaxBackward>)
>> best accuracy: 45.2	best epoch: 0

>> final recovery rate: 59.76222222222223%
>> val epoch: 5
>> current accuracy: 65.58%
outputs: tensor([[0.0429, 0.0516, 0.0860, 0.0718, 0.1405, 0.0562, 0.4174, 0.0563, 0.0325,
         0.0447],
        [0.0820, 0.0780, 0.0718, 0.0940, 0.0946, 0.0503, 0.0448, 0.1131, 0.1401,
         0.2312],
        [0.1817, 0.0379, 0.0587, 0.0488, 0.0780, 0.0518, 0.0497, 0.0708, 0.3500,
         0.0727],
        [0.0693, 0.0764, 0.0291, 0.0512, 0.0282, 0.0396, 0.0464, 0.0529, 0.0177,
         0.5891],
        [0.0294, 0.0457, 0.0429, 0.0608, 0.0834, 0.0432, 0.5894, 0.0353, 0.0292,
         0.0408],
        [0.0668, 0.0640, 0.0753, 0.3513, 0.0640, 0.1499, 0.0568, 0.0740, 0.0236,
         0.0743],
        [0.2315, 0.0470, 0.0488, 0.0427, 0.0531, 0.0387, 0.0411, 0.0516, 0.3696,
         0.0759],
        [0.0411, 0.4384, 0.0554, 0.0438, 0.0622, 0.0381, 0.0376, 0.0854, 0.0470,
         0.1509],
        [0.0463, 0.0550, 0.0651, 0.1391, 0.1298, 0.3649, 0.0490, 0.0944, 0.0237,
         0.0327],
        [0.1026, 0.0424, 0.0491, 0.2055, 0.1713, 0.1678, 0.1110, 0.0659, 0.0388,
         0.0455],
        [0.0425, 0.0552, 0.0253, 0.1473, 0.0854, 0.2363, 0.1411, 0.1803, 0.0253,
         0.0611],
        [0.0497, 0.0362, 0.1932, 0.2211, 0.0710, 0.2489, 0.0337, 0.0714, 0.0289,
         0.0460],
        [0.4829, 0.0454, 0.1095, 0.0630, 0.0423, 0.0482, 0.0377, 0.0521, 0.0676,
         0.0513],
        [0.1193, 0.0516, 0.0381, 0.0523, 0.0429, 0.0401, 0.0402, 0.0675, 0.0483,
         0.4999],
        [0.0725, 0.0374, 0.0375, 0.0600, 0.0625, 0.0470, 0.0424, 0.0949, 0.4664,
         0.0795],
        [0.0725, 0.0572, 0.1613, 0.1147, 0.0837, 0.1812, 0.1436, 0.1000, 0.0273,
         0.0585],
        [0.0354, 0.0378, 0.0474, 0.1283, 0.5068, 0.0475, 0.0875, 0.0435, 0.0239,
         0.0419],
        [0.1576, 0.1449, 0.0487, 0.0459, 0.0475, 0.0391, 0.0375, 0.1029, 0.1606,
         0.2154],
        [0.0425, 0.0461, 0.0469, 0.1227, 0.0505, 0.5146, 0.0373, 0.0780, 0.0245,
         0.0368],
        [0.0377, 0.0245, 0.0321, 0.5964, 0.0340, 0.1160, 0.0242, 0.0603, 0.0230,
         0.0520],
        [0.0423, 0.0725, 0.0916, 0.2323, 0.0881, 0.1503, 0.1017, 0.1000, 0.0538,
         0.0674],
        [0.0250, 0.0311, 0.0135, 0.0192, 0.0290, 0.0303, 0.0252, 0.7854, 0.0185,
         0.0228],
        [0.2247, 0.0350, 0.2976, 0.0709, 0.1021, 0.0524, 0.0663, 0.0511, 0.0447,
         0.0552],
        [0.0689, 0.5162, 0.0420, 0.0742, 0.0609, 0.0462, 0.0469, 0.0601, 0.0218,
         0.0628],
        [0.0427, 0.0243, 0.0278, 0.0316, 0.0514, 0.0280, 0.0285, 0.0643, 0.6529,
         0.0487],
        [0.0400, 0.0357, 0.1213, 0.3182, 0.1078, 0.1876, 0.0312, 0.0812, 0.0312,
         0.0456],
        [0.0535, 0.0415, 0.0358, 0.3097, 0.1420, 0.1530, 0.0786, 0.1048, 0.0244,
         0.0568],
        [0.0457, 0.0248, 0.0176, 0.0518, 0.0405, 0.0638, 0.0319, 0.6560, 0.0187,
         0.0490],
        [0.0322, 0.0612, 0.0412, 0.0801, 0.0683, 0.0638, 0.5307, 0.0410, 0.0314,
         0.0501],
        [0.0493, 0.0383, 0.0903, 0.1903, 0.1734, 0.2130, 0.0588, 0.1033, 0.0281,
         0.0552],
        [0.4674, 0.0388, 0.1139, 0.0881, 0.0459, 0.0527, 0.0447, 0.0476, 0.0400,
         0.0607],
        [0.0350, 0.4686, 0.0658, 0.0576, 0.0701, 0.0471, 0.0439, 0.1037, 0.0341,
         0.0741],
        [0.0293, 0.0435, 0.0348, 0.0774, 0.0833, 0.0655, 0.5253, 0.0544, 0.0464,
         0.0401],
        [0.0246, 0.6110, 0.0335, 0.0416, 0.0414, 0.0413, 0.0426, 0.0981, 0.0262,
         0.0396],
        [0.2463, 0.0469, 0.1551, 0.0614, 0.1149, 0.0411, 0.1079, 0.0651, 0.1164,
         0.0450],
        [0.5795, 0.0493, 0.0366, 0.0394, 0.0326, 0.0486, 0.0397, 0.0399, 0.0508,
         0.0835],
        [0.1288, 0.0382, 0.2922, 0.1335, 0.1161, 0.1093, 0.0479, 0.0383, 0.0469,
         0.0488],
        [0.0379, 0.0439, 0.0306, 0.2104, 0.1368, 0.2695, 0.0882, 0.1029, 0.0296,
         0.0502],
        [0.3581, 0.0323, 0.0401, 0.0510, 0.0386, 0.0553, 0.0479, 0.0523, 0.2492,
         0.0753],
        [0.0431, 0.5577, 0.0429, 0.0427, 0.0507, 0.0389, 0.0354, 0.0921, 0.0550,
         0.0415],
        [0.0460, 0.0513, 0.0311, 0.0728, 0.0808, 0.0668, 0.5136, 0.0541, 0.0302,
         0.0533],
        [0.0301, 0.0318, 0.0328, 0.0364, 0.0456, 0.0268, 0.0300, 0.0910, 0.0326,
         0.6428],
        [0.0903, 0.0350, 0.1669, 0.1547, 0.1426, 0.0672, 0.1659, 0.0448, 0.0768,
         0.0558],
        [0.0330, 0.0392, 0.0413, 0.1702, 0.0692, 0.4774, 0.0359, 0.0721, 0.0221,
         0.0395],
        [0.2474, 0.0676, 0.0209, 0.0549, 0.1486, 0.0525, 0.0392, 0.2663, 0.0480,
         0.0546],
        [0.3509, 0.0557, 0.0876, 0.0836, 0.0736, 0.1033, 0.0647, 0.0859, 0.0331,
         0.0616],
        [0.0677, 0.0302, 0.0427, 0.0439, 0.0551, 0.0445, 0.0405, 0.0753, 0.5370,
         0.0631],
        [0.0550, 0.0427, 0.1025, 0.1263, 0.2356, 0.0943, 0.0884, 0.1639, 0.0322,
         0.0592],
        [0.0621, 0.1947, 0.0767, 0.0638, 0.1321, 0.0718, 0.1932, 0.0652, 0.0787,
         0.0616],
        [0.0442, 0.0371, 0.0419, 0.4261, 0.0516, 0.2269, 0.0445, 0.0583, 0.0249,
         0.0444],
        [0.0599, 0.0548, 0.0962, 0.3381, 0.0593, 0.1226, 0.0371, 0.0900, 0.0477,
         0.0944],
        [0.0364, 0.0465, 0.0809, 0.0567, 0.0636, 0.0381, 0.5568, 0.0454, 0.0296,
         0.0459],
        [0.2907, 0.0396, 0.1103, 0.0676, 0.1003, 0.0788, 0.0630, 0.0356, 0.1555,
         0.0586],
        [0.3996, 0.0652, 0.0738, 0.1125, 0.0470, 0.0741, 0.0513, 0.0638, 0.0351,
         0.0776],
        [0.0663, 0.0454, 0.0335, 0.1691, 0.1916, 0.0925, 0.2048, 0.0840, 0.0487,
         0.0643],
        [0.0403, 0.0431, 0.2191, 0.1802, 0.1655, 0.1228, 0.0518, 0.0885, 0.0304,
         0.0582],
        [0.2589, 0.0453, 0.0874, 0.1552, 0.0545, 0.1061, 0.0522, 0.1213, 0.0269,
         0.0922],
        [0.0608, 0.0425, 0.1227, 0.2450, 0.0954, 0.1647, 0.0459, 0.1320, 0.0360,
         0.0548],
        [0.0252, 0.0232, 0.0186, 0.0262, 0.0611, 0.0242, 0.0197, 0.7542, 0.0169,
         0.0307],
        [0.0328, 0.0433, 0.0469, 0.2823, 0.0526, 0.0810, 0.3110, 0.0518, 0.0344,
         0.0640],
        [0.0391, 0.0466, 0.0280, 0.0994, 0.1237, 0.0642, 0.4638, 0.0480, 0.0325,
         0.0547],
        [0.0327, 0.0359, 0.1358, 0.3269, 0.0595, 0.1983, 0.0342, 0.0991, 0.0247,
         0.0530],
        [0.0763, 0.4461, 0.0711, 0.0499, 0.0746, 0.0504, 0.0520, 0.0814, 0.0520,
         0.0461],
        [0.0561, 0.2820, 0.0456, 0.0454, 0.0509, 0.0505, 0.0519, 0.0886, 0.2210,
         0.1082],
        [0.6116, 0.0328, 0.0432, 0.0466, 0.0337, 0.0504, 0.0323, 0.0420, 0.0322,
         0.0750],
        [0.1260, 0.0464, 0.1484, 0.1027, 0.1714, 0.0488, 0.1865, 0.0592, 0.0676,
         0.0430],
        [0.0348, 0.1076, 0.0456, 0.0893, 0.0678, 0.3731, 0.0852, 0.1032, 0.0232,
         0.0701],
        [0.0291, 0.4489, 0.0507, 0.0472, 0.0547, 0.0387, 0.0338, 0.0932, 0.0353,
         0.1685],
        [0.0553, 0.2231, 0.0691, 0.0545, 0.0558, 0.0552, 0.0569, 0.0832, 0.2220,
         0.1249],
        [0.0316, 0.0308, 0.0181, 0.0406, 0.0521, 0.0609, 0.0276, 0.6739, 0.0211,
         0.0433],
        [0.3915, 0.0481, 0.0277, 0.0787, 0.0664, 0.0712, 0.0408, 0.0930, 0.0765,
         0.1060],
        [0.0412, 0.3948, 0.0590, 0.0678, 0.0529, 0.0461, 0.0314, 0.1094, 0.0563,
         0.1410]], device='cuda:0', grad_fn=<SoftmaxBackward>)
>> best accuracy: 65.58	best epoch: 5

>> final recovery rate: 59.76222222222223%
>> val epoch: 10
>> current accuracy: 70.52000000000001%
outputs: tensor([[0.0749, 0.1293, 0.0565, 0.0638, 0.0439, 0.0574, 0.0438, 0.0751, 0.0599,
         0.3953],
        [0.0821, 0.0316, 0.0743, 0.4560, 0.0662, 0.0702, 0.0569, 0.0304, 0.0889,
         0.0435],
        [0.0670, 0.0250, 0.0609, 0.0432, 0.0611, 0.0544, 0.0212, 0.5605, 0.0624,
         0.0443],
        [0.0969, 0.0536, 0.0933, 0.1596, 0.0823, 0.1335, 0.0350, 0.0983, 0.1081,
         0.1394],
        [0.2094, 0.0371, 0.0384, 0.0491, 0.0354, 0.0363, 0.0331, 0.0372, 0.4652,
         0.0588],
        [0.3840, 0.0896, 0.0801, 0.0403, 0.0628, 0.0384, 0.0747, 0.1191, 0.0685,
         0.0426],
        [0.0520, 0.0251, 0.0573, 0.6513, 0.0208, 0.0633, 0.0275, 0.0393, 0.0390,
         0.0246],
        [0.1253, 0.0471, 0.0504, 0.2660, 0.0446, 0.0363, 0.0591, 0.0303, 0.2873,
         0.0537],
        [0.0612, 0.0484, 0.0344, 0.3218, 0.0382, 0.3485, 0.0314, 0.0408, 0.0416,
         0.0337],
        [0.2579, 0.2212, 0.0708, 0.0383, 0.0383, 0.0523, 0.0410, 0.0606, 0.1406,
         0.0791],
        [0.0934, 0.0335, 0.2763, 0.0670, 0.2963, 0.0584, 0.0297, 0.0419, 0.0563,
         0.0474],
        [0.1121, 0.0495, 0.2219, 0.2814, 0.0556, 0.0617, 0.0342, 0.0479, 0.1012,
         0.0346],
        [0.0929, 0.0336, 0.0550, 0.3122, 0.0856, 0.0997, 0.1481, 0.0315, 0.0990,
         0.0423],
        [0.0672, 0.4427, 0.0772, 0.0549, 0.0421, 0.0584, 0.0339, 0.0976, 0.0513,
         0.0747],
        [0.0626, 0.0376, 0.0526, 0.0479, 0.1469, 0.0805, 0.0250, 0.4276, 0.0721,
         0.0471],
        [0.1309, 0.0281, 0.0638, 0.1965, 0.0421, 0.2764, 0.0318, 0.0923, 0.0660,
         0.0722],
        [0.0498, 0.3565, 0.0590, 0.0520, 0.0385, 0.1112, 0.1144, 0.0662, 0.0437,
         0.1088],
        [0.0463, 0.4571, 0.0800, 0.0554, 0.0407, 0.0607, 0.0490, 0.0926, 0.0479,
         0.0703],
        [0.1196, 0.0568, 0.2358, 0.0677, 0.1798, 0.0644, 0.0712, 0.0382, 0.0691,
         0.0972],
        [0.1160, 0.0463, 0.2362, 0.1214, 0.0451, 0.2109, 0.0621, 0.0771, 0.0441,
         0.0408],
        [0.0724, 0.0752, 0.0457, 0.0622, 0.0331, 0.0744, 0.0641, 0.0616, 0.0480,
         0.4635],
        [0.0831, 0.0403, 0.1149, 0.1049, 0.0942, 0.0464, 0.3802, 0.0423, 0.0488,
         0.0448],
        [0.0950, 0.0310, 0.0402, 0.0554, 0.5339, 0.0594, 0.0350, 0.0394, 0.0699,
         0.0408],
        [0.0602, 0.0252, 0.0477, 0.0332, 0.0404, 0.0259, 0.0228, 0.6739, 0.0420,
         0.0287],
        [0.1100, 0.0606, 0.0936, 0.1787, 0.0540, 0.2125, 0.0571, 0.0784, 0.0707,
         0.0845],
        [0.0900, 0.0256, 0.0429, 0.0525, 0.5914, 0.0395, 0.0257, 0.0385, 0.0612,
         0.0328],
        [0.5017, 0.0548, 0.1048, 0.0388, 0.0431, 0.0422, 0.0522, 0.0502, 0.0727,
         0.0395],
        [0.0603, 0.0385, 0.0439, 0.0589, 0.0397, 0.0451, 0.0279, 0.0418, 0.5888,
         0.0551],
        [0.1055, 0.0553, 0.1175, 0.0789, 0.0337, 0.0748, 0.1116, 0.2607, 0.0511,
         0.1109],
        [0.1463, 0.0319, 0.0481, 0.0629, 0.0507, 0.0438, 0.0552, 0.0834, 0.0590,
         0.4187],
        [0.4418, 0.0355, 0.1488, 0.0764, 0.0301, 0.0426, 0.0617, 0.0406, 0.0588,
         0.0637],
        [0.0890, 0.0669, 0.1031, 0.1222, 0.0316, 0.3079, 0.0810, 0.0481, 0.0571,
         0.0932],
        [0.0905, 0.0189, 0.0795, 0.0404, 0.0659, 0.0316, 0.0241, 0.5583, 0.0542,
         0.0365],
        [0.0381, 0.0337, 0.0560, 0.0350, 0.0450, 0.0590, 0.5930, 0.0505, 0.0424,
         0.0473],
        [0.0435, 0.0330, 0.0547, 0.0523, 0.0417, 0.0442, 0.6089, 0.0348, 0.0411,
         0.0458],
        [0.1131, 0.2256, 0.0531, 0.1147, 0.0506, 0.2250, 0.0408, 0.0497, 0.0541,
         0.0733],
        [0.6225, 0.0464, 0.0375, 0.0366, 0.0242, 0.0414, 0.0379, 0.0386, 0.0733,
         0.0415],
        [0.0638, 0.0304, 0.0406, 0.0617, 0.0512, 0.0343, 0.0433, 0.0784, 0.0457,
         0.5507],
        [0.0676, 0.0427, 0.0645, 0.0655, 0.0528, 0.3969, 0.0368, 0.1723, 0.0539,
         0.0471],
        [0.0419, 0.0264, 0.0419, 0.0335, 0.0553, 0.0214, 0.0223, 0.6883, 0.0435,
         0.0255],
        [0.0481, 0.0253, 0.0451, 0.0440, 0.0603, 0.0283, 0.0217, 0.6111, 0.0382,
         0.0780],
        [0.0762, 0.0352, 0.4219, 0.1135, 0.0455, 0.0484, 0.0580, 0.0446, 0.0972,
         0.0596],
        [0.1531, 0.0371, 0.0985, 0.0470, 0.0415, 0.0279, 0.0310, 0.0650, 0.4634,
         0.0355],
        [0.0711, 0.0473, 0.0470, 0.0671, 0.0448, 0.0364, 0.0504, 0.0634, 0.0461,
         0.5264],
        [0.1656, 0.0472, 0.0679, 0.1808, 0.0929, 0.0557, 0.0280, 0.0397, 0.2910,
         0.0312],
        [0.0544, 0.0724, 0.0469, 0.0615, 0.0393, 0.0435, 0.0488, 0.0688, 0.0479,
         0.5166],
        [0.0737, 0.0699, 0.0564, 0.4221, 0.0555, 0.0727, 0.0585, 0.0443, 0.0836,
         0.0634],
        [0.0908, 0.0481, 0.0989, 0.1687, 0.2922, 0.0850, 0.0677, 0.0504, 0.0549,
         0.0434],
        [0.1613, 0.0487, 0.0445, 0.0673, 0.0547, 0.0467, 0.0478, 0.0563, 0.0649,
         0.4079],
        [0.0451, 0.0387, 0.0643, 0.1424, 0.0773, 0.1546, 0.3415, 0.0458, 0.0569,
         0.0335],
        [0.0622, 0.0291, 0.0404, 0.0504, 0.0511, 0.0427, 0.0456, 0.0559, 0.0492,
         0.5732],
        [0.0582, 0.0304, 0.0435, 0.1468, 0.0284, 0.5643, 0.0268, 0.0327, 0.0443,
         0.0246],
        [0.0668, 0.4455, 0.0465, 0.0550, 0.0323, 0.0571, 0.0731, 0.0527, 0.0365,
         0.1345],
        [0.0561, 0.0228, 0.0462, 0.0554, 0.0408, 0.0513, 0.0355, 0.6160, 0.0485,
         0.0274],
        [0.1159, 0.0320, 0.0677, 0.0912, 0.3625, 0.0800, 0.0308, 0.1155, 0.0714,
         0.0329],
        [0.2408, 0.0585, 0.0420, 0.0383, 0.0393, 0.0379, 0.0344, 0.0634, 0.3995,
         0.0459],
        [0.0501, 0.0571, 0.0714, 0.0865, 0.0294, 0.4896, 0.0789, 0.0490, 0.0440,
         0.0441],
        [0.1029, 0.0426, 0.1987, 0.0744, 0.1058, 0.0388, 0.2881, 0.0405, 0.0520,
         0.0563],
        [0.6426, 0.0329, 0.0341, 0.0322, 0.0411, 0.0340, 0.0443, 0.0449, 0.0611,
         0.0328],
        [0.0628, 0.4264, 0.0561, 0.1074, 0.0366, 0.0901, 0.0813, 0.0632, 0.0355,
         0.0406],
        [0.0876, 0.0446, 0.1340, 0.2099, 0.0621, 0.2126, 0.0462, 0.1046, 0.0567,
         0.0417],
        [0.0665, 0.0435, 0.0492, 0.5345, 0.0404, 0.1127, 0.0400, 0.0330, 0.0476,
         0.0327],
        [0.4076, 0.0344, 0.0391, 0.0523, 0.0278, 0.0415, 0.0351, 0.0416, 0.2524,
         0.0681],
        [0.1653, 0.0273, 0.0561, 0.0723, 0.4727, 0.0536, 0.0293, 0.0303, 0.0629,
         0.0304],
        [0.0498, 0.0287, 0.6632, 0.0437, 0.0426, 0.0269, 0.0420, 0.0383, 0.0304,
         0.0344],
        [0.0391, 0.0254, 0.0532, 0.0294, 0.0311, 0.0369, 0.0235, 0.0461, 0.6813,
         0.0340],
        [0.0570, 0.0379, 0.0468, 0.1185, 0.0253, 0.5935, 0.0305, 0.0339, 0.0341,
         0.0226],
        [0.0815, 0.0487, 0.0590, 0.0642, 0.2282, 0.0564, 0.2975, 0.0466, 0.0619,
         0.0561],
        [0.0430, 0.0284, 0.6623, 0.0481, 0.0403, 0.0338, 0.0303, 0.0316, 0.0496,
         0.0325],
        [0.1031, 0.0369, 0.2943, 0.0619, 0.2588, 0.0490, 0.0524, 0.0508, 0.0576,
         0.0353],
        [0.0551, 0.5119, 0.0535, 0.0693, 0.0403, 0.0614, 0.0408, 0.0765, 0.0445,
         0.0467],
        [0.1604, 0.1025, 0.0699, 0.1585, 0.0561, 0.0664, 0.1214, 0.0892, 0.1054,
         0.0701]], device='cuda:0', grad_fn=<SoftmaxBackward>)
>> best accuracy: 70.52000000000001	best epoch: 10

>> final recovery rate: 59.76222222222223%
>> val epoch: 15
>> current accuracy: 77.78%
outputs: tensor([[0.0265, 0.0494, 0.6912, 0.0342, 0.0518, 0.0204, 0.0199, 0.0333, 0.0401,
         0.0332],
        [0.0649, 0.0910, 0.0863, 0.0508, 0.1365, 0.0467, 0.3588, 0.0491, 0.0811,
         0.0349],
        [0.4234, 0.0711, 0.1543, 0.0666, 0.0331, 0.0438, 0.0325, 0.0833, 0.0371,
         0.0548],
        [0.0239, 0.0356, 0.0623, 0.6252, 0.0506, 0.0538, 0.0326, 0.0466, 0.0289,
         0.0405],
        [0.0234, 0.6738, 0.0674, 0.0367, 0.0400, 0.0417, 0.0191, 0.0430, 0.0246,
         0.0303],
        [0.2395, 0.0647, 0.1899, 0.0628, 0.1786, 0.0518, 0.0373, 0.0436, 0.0815,
         0.0503],
        [0.5255, 0.0650, 0.0570, 0.0575, 0.0315, 0.0509, 0.0369, 0.0584, 0.0340,
         0.0832],
        [0.0276, 0.1178, 0.0512, 0.1366, 0.0664, 0.0306, 0.0352, 0.0442, 0.4581,
         0.0323],
        [0.0319, 0.0371, 0.0666, 0.0276, 0.0403, 0.0208, 0.0201, 0.6657, 0.0329,
         0.0570],
        [0.0417, 0.1302, 0.0625, 0.0558, 0.0559, 0.0522, 0.4099, 0.0530, 0.0947,
         0.0442],
        [0.0346, 0.0627, 0.0556, 0.0290, 0.0610, 0.5807, 0.0338, 0.0443, 0.0346,
         0.0637],
        [0.0362, 0.0459, 0.0407, 0.0879, 0.0560, 0.5102, 0.0362, 0.0950, 0.0434,
         0.0484],
        [0.0628, 0.0628, 0.0434, 0.0995, 0.2003, 0.1534, 0.0457, 0.2424, 0.0482,
         0.0415],
        [0.0266, 0.0304, 0.0292, 0.0266, 0.0318, 0.0255, 0.0214, 0.0578, 0.0417,
         0.7090],
        [0.0522, 0.1340, 0.0672, 0.2271, 0.0483, 0.0589, 0.2374, 0.0480, 0.0607,
         0.0662],
        [0.5012, 0.0726, 0.0796, 0.0874, 0.0301, 0.0509, 0.0478, 0.0418, 0.0299,
         0.0587],
        [0.1773, 0.0686, 0.1799, 0.1469, 0.1048, 0.0702, 0.0576, 0.0539, 0.0874,
         0.0533],
        [0.0465, 0.0797, 0.1555, 0.1650, 0.0593, 0.0926, 0.2869, 0.0343, 0.0330,
         0.0473],
        [0.0374, 0.0527, 0.0971, 0.1595, 0.4433, 0.0349, 0.0433, 0.0455, 0.0463,
         0.0400],
        [0.0677, 0.0789, 0.0538, 0.1994, 0.0820, 0.1133, 0.0350, 0.2656, 0.0359,
         0.0684],
        [0.1746, 0.0578, 0.4487, 0.0438, 0.0447, 0.0298, 0.0578, 0.0416, 0.0479,
         0.0534],
        [0.0439, 0.0421, 0.0636, 0.2035, 0.0882, 0.0539, 0.0928, 0.0494, 0.3208,
         0.0420],
        [0.0600, 0.0414, 0.0414, 0.0932, 0.0371, 0.1068, 0.0319, 0.4896, 0.0359,
         0.0628],
        [0.0484, 0.0827, 0.0578, 0.0382, 0.0483, 0.0487, 0.5147, 0.0487, 0.0607,
         0.0518],
        [0.0430, 0.0559, 0.0617, 0.0559, 0.5501, 0.0473, 0.0434, 0.0505, 0.0487,
         0.0437],
        [0.0388, 0.0519, 0.0430, 0.0491, 0.0452, 0.0353, 0.0385, 0.0525, 0.5956,
         0.0500],
        [0.0507, 0.0861, 0.0480, 0.0464, 0.0394, 0.0524, 0.0505, 0.0609, 0.3265,
         0.2391],
        [0.0291, 0.0419, 0.0628, 0.0292, 0.0270, 0.0387, 0.0256, 0.6619, 0.0381,
         0.0456],
        [0.0230, 0.0401, 0.0293, 0.0429, 0.0414, 0.0231, 0.0235, 0.0477, 0.0390,
         0.6901],
        [0.0522, 0.0593, 0.0462, 0.0674, 0.0499, 0.0369, 0.0418, 0.0513, 0.5512,
         0.0438],
        [0.5280, 0.0523, 0.0513, 0.0404, 0.0284, 0.0430, 0.0398, 0.0912, 0.0559,
         0.0697],
        [0.0362, 0.0416, 0.0813, 0.4312, 0.0719, 0.1277, 0.0499, 0.0826, 0.0361,
         0.0414],
        [0.0293, 0.6152, 0.0635, 0.0502, 0.0430, 0.0442, 0.0232, 0.0580, 0.0384,
         0.0352],
        [0.0392, 0.0790, 0.2337, 0.0694, 0.3192, 0.0788, 0.0266, 0.0738, 0.0421,
         0.0382],
        [0.0387, 0.0592, 0.0275, 0.0421, 0.0282, 0.0369, 0.0249, 0.0468, 0.0320,
         0.6637],
        [0.0396, 0.0631, 0.0587, 0.0664, 0.1310, 0.0444, 0.4614, 0.0399, 0.0614,
         0.0341],
        [0.0452, 0.0419, 0.0342, 0.0299, 0.0398, 0.0572, 0.0330, 0.0532, 0.0585,
         0.6071],
        [0.2206, 0.1154, 0.3228, 0.0532, 0.0360, 0.0623, 0.0425, 0.0463, 0.0362,
         0.0647],
        [0.0489, 0.0432, 0.5398, 0.0559, 0.1101, 0.0326, 0.0193, 0.0280, 0.0936,
         0.0285],
        [0.0406, 0.0629, 0.6048, 0.0385, 0.0596, 0.0339, 0.0210, 0.0382, 0.0543,
         0.0462],
        [0.0595, 0.0548, 0.0565, 0.1478, 0.0857, 0.3494, 0.0540, 0.1145, 0.0348,
         0.0430],
        [0.0267, 0.6843, 0.0526, 0.0318, 0.0438, 0.0257, 0.0251, 0.0479, 0.0327,
         0.0294],
        [0.0454, 0.0519, 0.0479, 0.2499, 0.0337, 0.3949, 0.0495, 0.0491, 0.0341,
         0.0435],
        [0.0344, 0.0418, 0.0657, 0.0482, 0.1687, 0.0870, 0.0484, 0.3866, 0.0643,
         0.0548],
        [0.0277, 0.0465, 0.0609, 0.0595, 0.0588, 0.0624, 0.0524, 0.0715, 0.4855,
         0.0749],
        [0.0355, 0.0512, 0.0942, 0.5378, 0.0455, 0.0418, 0.0975, 0.0397, 0.0241,
         0.0328],
        [0.1090, 0.0407, 0.0763, 0.0435, 0.0672, 0.0321, 0.0453, 0.0530, 0.4852,
         0.0476],
        [0.1221, 0.0577, 0.0476, 0.0875, 0.0584, 0.0313, 0.0326, 0.0421, 0.4755,
         0.0451],
        [0.0411, 0.0488, 0.1374, 0.1074, 0.3960, 0.0372, 0.0793, 0.0635, 0.0510,
         0.0384],
        [0.1564, 0.0516, 0.3298, 0.1685, 0.0368, 0.0707, 0.0271, 0.0590, 0.0577,
         0.0424],
        [0.0498, 0.0433, 0.0506, 0.0396, 0.0428, 0.0312, 0.0408, 0.0418, 0.6096,
         0.0507],
        [0.0470, 0.0854, 0.0824, 0.0408, 0.0461, 0.0537, 0.4705, 0.0473, 0.0722,
         0.0545],
        [0.0498, 0.0749, 0.0623, 0.0301, 0.0511, 0.0617, 0.4774, 0.0542, 0.0893,
         0.0492],
        [0.0512, 0.0428, 0.0647, 0.1370, 0.0438, 0.1091, 0.0547, 0.4122, 0.0358,
         0.0487],
        [0.0404, 0.1365, 0.0936, 0.0624, 0.0486, 0.0433, 0.4034, 0.0406, 0.0933,
         0.0379],
        [0.1720, 0.0852, 0.0428, 0.0466, 0.0330, 0.0563, 0.0359, 0.4222, 0.0333,
         0.0729],
        [0.0298, 0.6508, 0.0523, 0.0471, 0.0446, 0.0382, 0.0231, 0.0495, 0.0303,
         0.0344],
        [0.0816, 0.0355, 0.0481, 0.5324, 0.0489, 0.0594, 0.0535, 0.0596, 0.0381,
         0.0429],
        [0.0382, 0.0288, 0.0313, 0.0326, 0.0375, 0.0356, 0.0257, 0.0580, 0.0481,
         0.6642],
        [0.0459, 0.0546, 0.0472, 0.1695, 0.2890, 0.1784, 0.0387, 0.0744, 0.0587,
         0.0436],
        [0.2664, 0.0445, 0.0386, 0.0701, 0.0279, 0.0350, 0.0379, 0.0446, 0.0373,
         0.3977],
        [0.0274, 0.6917, 0.0529, 0.0397, 0.0375, 0.0348, 0.0206, 0.0459, 0.0248,
         0.0247],
        [0.0336, 0.0390, 0.0682, 0.0304, 0.0310, 0.0348, 0.0211, 0.6760, 0.0319,
         0.0341],
        [0.3346, 0.2147, 0.0511, 0.0616, 0.0426, 0.0575, 0.0394, 0.0685, 0.0675,
         0.0625],
        [0.0560, 0.0581, 0.0571, 0.2395, 0.2339, 0.1344, 0.0582, 0.0503, 0.0691,
         0.0434],
        [0.0312, 0.0399, 0.0404, 0.0266, 0.0466, 0.0442, 0.0288, 0.6546, 0.0409,
         0.0469],
        [0.0368, 0.0500, 0.0357, 0.0521, 0.5481, 0.0606, 0.0462, 0.0725, 0.0549,
         0.0430],
        [0.0523, 0.0545, 0.0551, 0.2919, 0.1110, 0.2600, 0.0491, 0.0506, 0.0381,
         0.0375],
        [0.0435, 0.0547, 0.0762, 0.3922, 0.0511, 0.1431, 0.0818, 0.0750, 0.0357,
         0.0467],
        [0.0484, 0.1028, 0.1051, 0.0655, 0.0832, 0.0349, 0.0428, 0.0477, 0.0523,
         0.4172],
        [0.0303, 0.0446, 0.0412, 0.0324, 0.0337, 0.0218, 0.0244, 0.0907, 0.0524,
         0.6284],
        [0.0191, 0.7208, 0.0502, 0.0353, 0.0328, 0.0330, 0.0201, 0.0325, 0.0121,
         0.0443]], device='cuda:0', grad_fn=<SoftmaxBackward>)
>> best accuracy: 77.78	best epoch: 15

>> final recovery rate: 59.76222222222223%
>> val epoch: 20
>> current accuracy: 79.4%
outputs: tensor([[0.0344, 0.0365, 0.0239, 0.0302, 0.0334, 0.0357, 0.0442, 0.0517, 0.0411,
         0.6689],
        [0.0717, 0.0486, 0.5217, 0.0349, 0.0858, 0.0488, 0.0452, 0.0431, 0.0488,
         0.0513],
        [0.0502, 0.0566, 0.0581, 0.2938, 0.0436, 0.2727, 0.0332, 0.0613, 0.0887,
         0.0417],
        [0.0636, 0.0573, 0.5921, 0.0276, 0.0534, 0.0612, 0.0445, 0.0336, 0.0312,
         0.0356],
        [0.1160, 0.0306, 0.0797, 0.1515, 0.0435, 0.2968, 0.0518, 0.0683, 0.1118,
         0.0499],
        [0.0406, 0.0733, 0.0221, 0.0600, 0.0376, 0.0453, 0.0432, 0.0607, 0.0447,
         0.5724],
        [0.0541, 0.6030, 0.0312, 0.0470, 0.0439, 0.0560, 0.0367, 0.0502, 0.0496,
         0.0283],
        [0.3136, 0.0555, 0.1010, 0.0579, 0.1280, 0.0798, 0.0553, 0.0294, 0.0898,
         0.0897],
        [0.0392, 0.0360, 0.0295, 0.0365, 0.0422, 0.0443, 0.0523, 0.0661, 0.0469,
         0.6070],
        [0.0325, 0.0292, 0.0159, 0.0553, 0.0265, 0.0297, 0.0380, 0.0305, 0.0371,
         0.7054],
        [0.0530, 0.5961, 0.0301, 0.0358, 0.0429, 0.0570, 0.0410, 0.0508, 0.0490,
         0.0442],
        [0.0583, 0.0425, 0.1156, 0.0703, 0.0930, 0.2141, 0.0440, 0.0945, 0.1150,
         0.1526],
        [0.0460, 0.0846, 0.0307, 0.0414, 0.0714, 0.0408, 0.0524, 0.5205, 0.0643,
         0.0480],
        [0.1833, 0.0428, 0.1976, 0.0802, 0.0335, 0.0826, 0.1306, 0.0338, 0.1529,
         0.0628],
        [0.0473, 0.0389, 0.0225, 0.0463, 0.5309, 0.0704, 0.0350, 0.0996, 0.0642,
         0.0449],
        [0.0447, 0.0423, 0.0215, 0.0473, 0.6374, 0.0495, 0.0290, 0.0454, 0.0524,
         0.0306],
        [0.0447, 0.0355, 0.0290, 0.0377, 0.0358, 0.0609, 0.0641, 0.0326, 0.6253,
         0.0344],
        [0.0429, 0.6152, 0.0292, 0.0314, 0.0353, 0.0514, 0.0363, 0.0643, 0.0626,
         0.0314],
        [0.0249, 0.0529, 0.0188, 0.0320, 0.0197, 0.0549, 0.7032, 0.0291, 0.0307,
         0.0336],
        [0.0510, 0.0415, 0.0297, 0.5152, 0.0353, 0.1741, 0.0363, 0.0371, 0.0436,
         0.0362],
        [0.0538, 0.6142, 0.0296, 0.0387, 0.0398, 0.0664, 0.0398, 0.0428, 0.0531,
         0.0218],
        [0.1185, 0.0532, 0.0291, 0.2945, 0.0482, 0.0496, 0.0540, 0.2695, 0.0436,
         0.0398],
        [0.0368, 0.0322, 0.0385, 0.0616, 0.0299, 0.6612, 0.0339, 0.0311, 0.0388,
         0.0360],
        [0.0424, 0.0433, 0.0712, 0.1018, 0.0296, 0.5138, 0.0386, 0.0676, 0.0532,
         0.0384],
        [0.0178, 0.0272, 0.0337, 0.0250, 0.0304, 0.0308, 0.0244, 0.0250, 0.7546,
         0.0310],
        [0.0447, 0.0410, 0.0699, 0.4774, 0.0395, 0.1623, 0.0441, 0.0343, 0.0508,
         0.0359],
        [0.0500, 0.0656, 0.0444, 0.0384, 0.0537, 0.0421, 0.0394, 0.5742, 0.0496,
         0.0427],
        [0.0329, 0.0350, 0.0194, 0.6508, 0.0322, 0.0825, 0.0341, 0.0316, 0.0408,
         0.0406],
        [0.0480, 0.0468, 0.0632, 0.0337, 0.6058, 0.0587, 0.0327, 0.0294, 0.0514,
         0.0303],
        [0.0465, 0.0575, 0.0449, 0.0336, 0.5950, 0.0856, 0.0279, 0.0264, 0.0537,
         0.0289],
        [0.0913, 0.0495, 0.0314, 0.2722, 0.0352, 0.1209, 0.0467, 0.2670, 0.0392,
         0.0466],
        [0.0350, 0.0828, 0.1711, 0.2437, 0.0635, 0.1055, 0.1078, 0.0772, 0.0620,
         0.0514],
        [0.0672, 0.0507, 0.3913, 0.0417, 0.1199, 0.0614, 0.0538, 0.0304, 0.1315,
         0.0521],
        [0.0464, 0.0600, 0.0340, 0.0235, 0.0295, 0.0427, 0.6618, 0.0352, 0.0354,
         0.0314],
        [0.0760, 0.0724, 0.0251, 0.0395, 0.0460, 0.0384, 0.0406, 0.5935, 0.0406,
         0.0279],
        [0.0447, 0.0684, 0.0274, 0.0311, 0.0702, 0.0497, 0.5580, 0.0643, 0.0518,
         0.0345],
        [0.0393, 0.0251, 0.0479, 0.0494, 0.0609, 0.0265, 0.0301, 0.0245, 0.6576,
         0.0387],
        [0.0555, 0.0670, 0.0315, 0.0465, 0.0364, 0.0425, 0.0586, 0.1035, 0.0380,
         0.5205],
        [0.0416, 0.5953, 0.0271, 0.0362, 0.0358, 0.0622, 0.0454, 0.0411, 0.0756,
         0.0398],
        [0.0439, 0.0436, 0.0404, 0.1401, 0.0631, 0.5151, 0.0282, 0.0434, 0.0508,
         0.0314],
        [0.0444, 0.0505, 0.0687, 0.0656, 0.4159, 0.1089, 0.0346, 0.1053, 0.0620,
         0.0440],
        [0.0807, 0.0414, 0.5406, 0.0318, 0.0581, 0.0748, 0.0373, 0.0324, 0.0512,
         0.0517],
        [0.5784, 0.0325, 0.0458, 0.0465, 0.0313, 0.0578, 0.0613, 0.0464, 0.0500,
         0.0500],
        [0.0407, 0.0558, 0.0415, 0.2361, 0.0434, 0.3944, 0.0406, 0.0618, 0.0515,
         0.0344],
        [0.0199, 0.0330, 0.0390, 0.0354, 0.0572, 0.0545, 0.0456, 0.0363, 0.6270,
         0.0520],
        [0.0424, 0.0683, 0.0333, 0.0434, 0.0691, 0.0451, 0.0461, 0.5605, 0.0537,
         0.0382],
        [0.1497, 0.0590, 0.0810, 0.0563, 0.1278, 0.0510, 0.0684, 0.1321, 0.2041,
         0.0707],
        [0.0341, 0.0505, 0.0347, 0.3570, 0.0598, 0.2433, 0.0407, 0.0984, 0.0434,
         0.0382],
        [0.0509, 0.6302, 0.0257, 0.0279, 0.0392, 0.0561, 0.0523, 0.0536, 0.0428,
         0.0212],
        [0.0303, 0.0494, 0.0398, 0.4308, 0.0389, 0.1014, 0.1176, 0.1005, 0.0403,
         0.0511],
        [0.0441, 0.0512, 0.0342, 0.0516, 0.0373, 0.0444, 0.0726, 0.0785, 0.0640,
         0.5222],
        [0.0339, 0.0308, 0.0188, 0.0387, 0.0367, 0.0363, 0.0449, 0.0634, 0.0311,
         0.6655],
        [0.5385, 0.0545, 0.0399, 0.0463, 0.0276, 0.0708, 0.0898, 0.0620, 0.0278,
         0.0428],
        [0.0311, 0.0738, 0.0472, 0.0217, 0.0405, 0.0421, 0.6367, 0.0402, 0.0352,
         0.0314],
        [0.0339, 0.0560, 0.0288, 0.0434, 0.0450, 0.0500, 0.6311, 0.0399, 0.0409,
         0.0310],
        [0.0495, 0.0514, 0.0209, 0.0306, 0.6337, 0.0614, 0.0371, 0.0388, 0.0393,
         0.0373],
        [0.0399, 0.0653, 0.0339, 0.0390, 0.0395, 0.0664, 0.0595, 0.0556, 0.4233,
         0.1775],
        [0.0260, 0.0678, 0.5887, 0.0300, 0.0612, 0.0721, 0.0308, 0.0360, 0.0498,
         0.0376],
        [0.6668, 0.0373, 0.0319, 0.0439, 0.0222, 0.0490, 0.0545, 0.0381, 0.0232,
         0.0333],
        [0.5288, 0.0465, 0.0947, 0.0438, 0.0379, 0.0678, 0.0590, 0.0298, 0.0442,
         0.0475],
        [0.1388, 0.0628, 0.4647, 0.0381, 0.0573, 0.0699, 0.0590, 0.0392, 0.0334,
         0.0368],
        [0.0313, 0.0590, 0.0388, 0.0427, 0.0754, 0.0425, 0.0357, 0.5627, 0.0541,
         0.0578],
        [0.0455, 0.0398, 0.0212, 0.4312, 0.0298, 0.2570, 0.0429, 0.0469, 0.0420,
         0.0437],
        [0.0441, 0.0775, 0.1525, 0.1920, 0.0795, 0.1393, 0.0509, 0.0857, 0.0903,
         0.0883],
        [0.1466, 0.0951, 0.0644, 0.0759, 0.0439, 0.0666, 0.0649, 0.0499, 0.3075,
         0.0852],
        [0.0423, 0.0660, 0.5201, 0.0387, 0.0856, 0.0460, 0.0615, 0.0396, 0.0539,
         0.0463],
        [0.0468, 0.5925, 0.0324, 0.0469, 0.0500, 0.0586, 0.0392, 0.0515, 0.0505,
         0.0316],
        [0.0400, 0.6274, 0.0279, 0.0399, 0.0410, 0.0642, 0.0435, 0.0408, 0.0464,
         0.0291],
        [0.0226, 0.0243, 0.0275, 0.0212, 0.0309, 0.0330, 0.0299, 0.0249, 0.7552,
         0.0304],
        [0.0240, 0.0460, 0.0372, 0.5461, 0.0613, 0.1108, 0.0384, 0.0544, 0.0441,
         0.0378],
        [0.0435, 0.0491, 0.0342, 0.0462, 0.0459, 0.0658, 0.0595, 0.1118, 0.0494,
         0.4946],
        [0.0344, 0.0515, 0.0376, 0.1534, 0.4325, 0.1295, 0.0325, 0.0454, 0.0553,
         0.0280]], device='cuda:0', grad_fn=<SoftmaxBackward>)
>> best accuracy: 79.4	best epoch: 20

>> final recovery rate: 59.76222222222223%
>> val epoch: 25
>> current accuracy: 82.56%
outputs: tensor([[0.0533, 0.1898, 0.0376, 0.1128, 0.0635, 0.0922, 0.1316, 0.2414, 0.0390,
         0.0389],
        [0.0221, 0.0637, 0.0308, 0.0349, 0.0382, 0.0320, 0.0431, 0.0472, 0.0496,
         0.6385],
        [0.0345, 0.0533, 0.0176, 0.0633, 0.0398, 0.6718, 0.0288, 0.0336, 0.0296,
         0.0276],
        [0.4749, 0.0545, 0.1063, 0.0428, 0.0351, 0.0482, 0.0420, 0.0939, 0.0644,
         0.0379],
        [0.0305, 0.0564, 0.0796, 0.0371, 0.0659, 0.0270, 0.0369, 0.5764, 0.0455,
         0.0449],
        [0.0246, 0.0334, 0.0248, 0.0354, 0.7268, 0.0178, 0.0492, 0.0227, 0.0420,
         0.0231],
        [0.0354, 0.0460, 0.5036, 0.1013, 0.0813, 0.0346, 0.0622, 0.0354, 0.0513,
         0.0489],
        [0.0217, 0.0329, 0.0240, 0.0228, 0.0262, 0.0161, 0.0463, 0.0372, 0.7515,
         0.0214],
        [0.0234, 0.6380, 0.0456, 0.0483, 0.0446, 0.0400, 0.0408, 0.0513, 0.0314,
         0.0366],
        [0.0185, 0.0811, 0.0338, 0.0415, 0.0493, 0.0247, 0.0337, 0.0462, 0.6511,
         0.0201],
        [0.0302, 0.0351, 0.0289, 0.0502, 0.6485, 0.0658, 0.0291, 0.0492, 0.0393,
         0.0237],
        [0.0436, 0.1707, 0.0544, 0.0620, 0.0479, 0.0312, 0.0435, 0.1251, 0.0331,
         0.3885],
        [0.0433, 0.0432, 0.0408, 0.6683, 0.0338, 0.0248, 0.0446, 0.0311, 0.0331,
         0.0370],
        [0.0380, 0.0592, 0.0209, 0.1623, 0.0688, 0.5003, 0.0561, 0.0328, 0.0356,
         0.0262],
        [0.3725, 0.0730, 0.0674, 0.0418, 0.0422, 0.0640, 0.0625, 0.0745, 0.1525,
         0.0496],
        [0.0156, 0.0543, 0.0270, 0.0258, 0.0402, 0.0383, 0.0426, 0.0622, 0.6677,
         0.0262],
        [0.0256, 0.0287, 0.0221, 0.0304, 0.7466, 0.0352, 0.0270, 0.0338, 0.0320,
         0.0185],
        [0.1276, 0.0588, 0.1021, 0.0848, 0.2870, 0.0923, 0.0318, 0.1206, 0.0481,
         0.0469],
        [0.0285, 0.0251, 0.0370, 0.0417, 0.0477, 0.0385, 0.0556, 0.0471, 0.0534,
         0.6255],
        [0.4014, 0.0473, 0.0936, 0.1259, 0.0317, 0.0597, 0.0775, 0.0431, 0.0681,
         0.0516],
        [0.0367, 0.1017, 0.0484, 0.0605, 0.0668, 0.0283, 0.0617, 0.2396, 0.0511,
         0.3053],
