noise type: uniform
noise level: 0.4
when_to_apply_epoch: 10
total clean data num: 26893
probability transition matrix:
[[0.6        0.04444444 0.04444444 0.04444444 0.04444444 0.04444444
  0.04444444 0.04444444 0.04444444 0.04444444]
 [0.04444444 0.6        0.04444444 0.04444444 0.04444444 0.04444444
  0.04444444 0.04444444 0.04444444 0.04444444]
 [0.04444444 0.04444444 0.6        0.04444444 0.04444444 0.04444444
  0.04444444 0.04444444 0.04444444 0.04444444]
 [0.04444444 0.04444444 0.04444444 0.6        0.04444444 0.04444444
  0.04444444 0.04444444 0.04444444 0.04444444]
 [0.04444444 0.04444444 0.04444444 0.04444444 0.6        0.04444444
  0.04444444 0.04444444 0.04444444 0.04444444]
 [0.04444444 0.04444444 0.04444444 0.04444444 0.04444444 0.6
  0.04444444 0.04444444 0.04444444 0.04444444]
 [0.04444444 0.04444444 0.04444444 0.04444444 0.04444444 0.04444444
  0.6        0.04444444 0.04444444 0.04444444]
 [0.04444444 0.04444444 0.04444444 0.04444444 0.04444444 0.04444444
  0.04444444 0.6        0.04444444 0.04444444]
 [0.04444444 0.04444444 0.04444444 0.04444444 0.04444444 0.04444444
  0.04444444 0.04444444 0.6        0.04444444]
 [0.04444444 0.04444444 0.04444444 0.04444444 0.04444444 0.04444444
  0.04444444 0.04444444 0.04444444 0.6       ]]
>> val epoch: 0
>> current accuracy: 45.2%
outputs: tensor([[0.0522, 0.0531, 0.1011, 0.1261, 0.1117, 0.0871, 0.3416, 0.0695, 0.0235,
         0.0342],
        [0.1039, 0.0692, 0.0678, 0.0821, 0.0808, 0.0801, 0.1149, 0.1457, 0.0398,
         0.2158],
        [0.0858, 0.0445, 0.1807, 0.0743, 0.2400, 0.0631, 0.1195, 0.0938, 0.0577,
         0.0406],
        [0.1070, 0.1186, 0.1107, 0.0668, 0.0971, 0.0358, 0.0599, 0.0631, 0.2542,
         0.0868],
        [0.1715, 0.0939, 0.0569, 0.0448, 0.0379, 0.0329, 0.0403, 0.0478, 0.3996,
         0.0744],
        [0.0525, 0.0528, 0.1848, 0.0471, 0.2989, 0.0275, 0.2078, 0.0545, 0.0320,
         0.0423],
        [0.0703, 0.0419, 0.2198, 0.0796, 0.2372, 0.0702, 0.1372, 0.0677, 0.0378,
         0.0384],
        [0.1023, 0.2034, 0.0933, 0.1020, 0.1071, 0.0556, 0.0747, 0.0795, 0.0692,
         0.1129],
        [0.0593, 0.4682, 0.0269, 0.0432, 0.0380, 0.0226, 0.0265, 0.0378, 0.0727,
         0.2048],
        [0.1234, 0.1829, 0.0426, 0.0511, 0.0502, 0.0328, 0.0425, 0.0458, 0.1666,
         0.2621],
        [0.0891, 0.0273, 0.0960, 0.1604, 0.0628, 0.2160, 0.0748, 0.1740, 0.0391,
         0.0606],
        [0.0622, 0.0417, 0.1016, 0.1286, 0.1104, 0.1630, 0.1123, 0.2173, 0.0285,
         0.0344],
        [0.0968, 0.2895, 0.0365, 0.0623, 0.0462, 0.0284, 0.0393, 0.0417, 0.1104,
         0.2489],
        [0.0747, 0.0533, 0.0897, 0.1865, 0.0910, 0.1876, 0.1004, 0.1377, 0.0295,
         0.0495],
        [0.0886, 0.0436, 0.1935, 0.1374, 0.1700, 0.1115, 0.1019, 0.0746, 0.0416,
         0.0372],
        [0.0592, 0.1249, 0.0569, 0.1079, 0.0833, 0.0739, 0.1846, 0.0945, 0.0269,
         0.1880],
        [0.0719, 0.3049, 0.0464, 0.0993, 0.0759, 0.0485, 0.0809, 0.0679, 0.0330,
         0.1714],
        [0.1330, 0.0746, 0.0805, 0.0501, 0.0535, 0.0379, 0.0444, 0.0547, 0.3907,
         0.0807],
        [0.3571, 0.0543, 0.1549, 0.0748, 0.0713, 0.0530, 0.0535, 0.0445, 0.0907,
         0.0459],
        [0.0558, 0.0591, 0.0661, 0.1509, 0.0816, 0.1688, 0.1182, 0.1980, 0.0271,
         0.0743],
        [0.3219, 0.1100, 0.1128, 0.0725, 0.0685, 0.0589, 0.0513, 0.0612, 0.0653,
         0.0776],
        [0.0583, 0.0748, 0.0592, 0.1412, 0.1034, 0.1264, 0.2612, 0.1131, 0.0265,
         0.0360],
        [0.1066, 0.4014, 0.0355, 0.0628, 0.0560, 0.0396, 0.0514, 0.0558, 0.0574,
         0.1334],
        [0.1122, 0.1662, 0.1210, 0.1011, 0.0991, 0.0947, 0.0484, 0.1320, 0.0598,
         0.0653],
        [0.1588, 0.0693, 0.1304, 0.0527, 0.0909, 0.0520, 0.0610, 0.0688, 0.2188,
         0.0973],
        [0.0424, 0.0391, 0.1859, 0.0386, 0.4515, 0.0230, 0.0639, 0.1036, 0.0278,
         0.0242],
        [0.0837, 0.2178, 0.0313, 0.0808, 0.0452, 0.0530, 0.0608, 0.0743, 0.0266,
         0.3265],
        [0.0540, 0.0498, 0.2105, 0.0544, 0.3165, 0.0381, 0.1428, 0.0543, 0.0419,
         0.0377],
        [0.0589, 0.0493, 0.0923, 0.1655, 0.0953, 0.1452, 0.0738, 0.1840, 0.0531,
         0.0825],
        [0.1635, 0.0667, 0.1316, 0.0871, 0.0846, 0.0961, 0.0691, 0.0805, 0.0785,
         0.1424],
        [0.0531, 0.0525, 0.1481, 0.0348, 0.2959, 0.0231, 0.2884, 0.0389, 0.0313,
         0.0340],
        [0.0748, 0.0528, 0.1982, 0.1184, 0.1515, 0.0971, 0.0855, 0.1208, 0.0508,
         0.0500],
        [0.1189, 0.1854, 0.0356, 0.0548, 0.0444, 0.0270, 0.0421, 0.0412, 0.0678,
         0.3826],
        [0.0588, 0.0515, 0.0868, 0.1180, 0.1504, 0.1101, 0.0843, 0.2682, 0.0265,
         0.0454],
        [0.0593, 0.0969, 0.0549, 0.1011, 0.1186, 0.1020, 0.1444, 0.2095, 0.0237,
         0.0896],
        [0.1315, 0.0599, 0.1225, 0.0955, 0.1030, 0.1341, 0.0650, 0.1633, 0.0536,
         0.0716],
        [0.1568, 0.2128, 0.0483, 0.0495, 0.0411, 0.0246, 0.0362, 0.0466, 0.2750,
         0.1089],
        [0.0808, 0.0679, 0.0753, 0.1315, 0.0751, 0.1673, 0.0712, 0.1904, 0.0276,
         0.1128],
        [0.0725, 0.0568, 0.2055, 0.0544, 0.2882, 0.0327, 0.1424, 0.0534, 0.0378,
         0.0563],
        [0.0686, 0.0561, 0.1129, 0.1727, 0.0838, 0.1605, 0.0718, 0.1358, 0.0564,
         0.0814],
        [0.0640, 0.0619, 0.0643, 0.1086, 0.0920, 0.1062, 0.1202, 0.2052, 0.0282,
         0.1493],
        [0.0797, 0.0799, 0.1052, 0.0866, 0.2268, 0.0681, 0.1470, 0.1246, 0.0318,
         0.0504],
        [0.0759, 0.0329, 0.0910, 0.1647, 0.0695, 0.1951, 0.0838, 0.1853, 0.0258,
         0.0759],
        [0.0607, 0.0628, 0.0628, 0.1473, 0.1129, 0.1770, 0.1296, 0.1794, 0.0279,
         0.0397],
        [0.1403, 0.1585, 0.0943, 0.0557, 0.1143, 0.0532, 0.0633, 0.0702, 0.1123,
         0.1378],
        [0.0533, 0.0669, 0.1723, 0.0530, 0.2919, 0.0354, 0.1879, 0.0686, 0.0337,
         0.0371],
        [0.4286, 0.0743, 0.0986, 0.0545, 0.0544, 0.0377, 0.0474, 0.0409, 0.1016,
         0.0620],
        [0.1173, 0.1772, 0.0932, 0.0656, 0.1588, 0.0410, 0.0723, 0.0807, 0.0624,
         0.1316],
        [0.0558, 0.0617, 0.0961, 0.2000, 0.1067, 0.1209, 0.1656, 0.1045, 0.0353,
         0.0535],
        [0.0888, 0.1064, 0.1273, 0.1513, 0.1196, 0.0867, 0.0936, 0.0842, 0.0772,
         0.0649],
        [0.0447, 0.5482, 0.0148, 0.0508, 0.0282, 0.0225, 0.0261, 0.0283, 0.0211,
         0.2152],
        [0.0864, 0.1090, 0.0641, 0.0459, 0.0535, 0.0282, 0.0394, 0.0396, 0.4572,
         0.0766],
        [0.0633, 0.0917, 0.0844, 0.1104, 0.0958, 0.0767, 0.3084, 0.0737, 0.0314,
         0.0641],
        [0.0529, 0.0572, 0.1522, 0.0461, 0.2093, 0.0319, 0.3150, 0.0489, 0.0293,
         0.0573],
        [0.1817, 0.0840, 0.1513, 0.0967, 0.0928, 0.0649, 0.0460, 0.0869, 0.0910,
         0.1048],
        [0.1590, 0.0307, 0.2051, 0.1340, 0.0775, 0.1323, 0.0695, 0.0880, 0.0516,
         0.0523],
        [0.1149, 0.1203, 0.0408, 0.0424, 0.0293, 0.0198, 0.0280, 0.0328, 0.5155,
         0.0562],
        [0.1001, 0.0489, 0.0860, 0.1051, 0.0688, 0.1623, 0.0612, 0.1478, 0.0472,
         0.1727],
        [0.0630, 0.0638, 0.1042, 0.0966, 0.1519, 0.1072, 0.1489, 0.1808, 0.0387,
         0.0450],
        [0.1045, 0.0890, 0.1717, 0.0452, 0.2584, 0.0288, 0.0846, 0.0558, 0.1227,
         0.0394],
        [0.0559, 0.0588, 0.0569, 0.2463, 0.0625, 0.2238, 0.1323, 0.1013, 0.0260,
         0.0361],
        [0.0589, 0.0906, 0.0897, 0.0499, 0.1549, 0.0373, 0.3460, 0.0712, 0.0295,
         0.0719],
        [0.0402, 0.0362, 0.1706, 0.0271, 0.4614, 0.0182, 0.1398, 0.0539, 0.0266,
         0.0260],
        [0.0777, 0.2149, 0.0714, 0.1102, 0.0977, 0.0453, 0.0823, 0.0743, 0.0536,
         0.1727],
        [0.1054, 0.0312, 0.0819, 0.1316, 0.0737, 0.1528, 0.0862, 0.2108, 0.0314,
         0.0952],
        [0.0654, 0.0632, 0.1113, 0.0872, 0.2664, 0.0762, 0.1072, 0.1533, 0.0375,
         0.0322],
        [0.1440, 0.0720, 0.1373, 0.0721, 0.1306, 0.0612, 0.0584, 0.1136, 0.1076,
         0.1033],
        [0.1334, 0.3037, 0.0275, 0.0595, 0.0346, 0.0273, 0.0336, 0.0375, 0.0790,
         0.2639],
        [0.2507, 0.0682, 0.1241, 0.0881, 0.0705, 0.1087, 0.0632, 0.0974, 0.0548,
         0.0744],
        [0.0802, 0.0864, 0.0932, 0.1277, 0.1124, 0.1019, 0.1214, 0.1077, 0.0986,
         0.0706],
        [0.0655, 0.3288, 0.0198, 0.0435, 0.0333, 0.0228, 0.0257, 0.0362, 0.0493,
         0.3751],
        [0.2044, 0.0358, 0.2198, 0.0990, 0.0838, 0.1044, 0.0683, 0.0594, 0.0706,
         0.0545]], device='cuda:0', grad_fn=<SoftmaxBackward>)
>> best accuracy: 45.2	best epoch: 0

>> final recovery rate: 59.76222222222223%
