noise type: uniform
noise level: 0.4
when_to_apply_epoch: 20
total clean data num: 32228
probability transition matrix:
[[0.6        0.04444444 0.04444444 0.04444444 0.04444444 0.04444444
  0.04444444 0.04444444 0.04444444 0.04444444]
 [0.04444444 0.6        0.04444444 0.04444444 0.04444444 0.04444444
  0.04444444 0.04444444 0.04444444 0.04444444]
 [0.04444444 0.04444444 0.6        0.04444444 0.04444444 0.04444444
  0.04444444 0.04444444 0.04444444 0.04444444]
 [0.04444444 0.04444444 0.04444444 0.6        0.04444444 0.04444444
  0.04444444 0.04444444 0.04444444 0.04444444]
 [0.04444444 0.04444444 0.04444444 0.04444444 0.6        0.04444444
  0.04444444 0.04444444 0.04444444 0.04444444]
 [0.04444444 0.04444444 0.04444444 0.04444444 0.04444444 0.6
  0.04444444 0.04444444 0.04444444 0.04444444]
 [0.04444444 0.04444444 0.04444444 0.04444444 0.04444444 0.04444444
  0.6        0.04444444 0.04444444 0.04444444]
 [0.04444444 0.04444444 0.04444444 0.04444444 0.04444444 0.04444444
  0.04444444 0.6        0.04444444 0.04444444]
 [0.04444444 0.04444444 0.04444444 0.04444444 0.04444444 0.04444444
  0.04444444 0.04444444 0.6        0.04444444]
 [0.04444444 0.04444444 0.04444444 0.04444444 0.04444444 0.04444444
  0.04444444 0.04444444 0.04444444 0.6       ]]
>> val epoch: 0
>> current accuracy: 98.28333333333333%
outputs: tensor([[0.0673, 0.0617, 0.0437, 0.0495, 0.0504, 0.0409, 0.5542, 0.0505, 0.0403,
         0.0416],
        [0.0325, 0.6878, 0.0189, 0.0388, 0.0638, 0.0315, 0.0185, 0.0479, 0.0337,
         0.0266],
        [0.6733, 0.0292, 0.0292, 0.0336, 0.0433, 0.0450, 0.0267, 0.0464, 0.0480,
         0.0252],
        [0.0668, 0.0749, 0.0445, 0.0525, 0.0527, 0.0370, 0.5347, 0.0542, 0.0432,
         0.0395],
        [0.0342, 0.0286, 0.0194, 0.0420, 0.0651, 0.6680, 0.0217, 0.0543, 0.0416,
         0.0251],
        [0.0765, 0.0581, 0.0450, 0.0495, 0.0451, 0.0535, 0.5378, 0.0507, 0.0408,
         0.0430],
        [0.0733, 0.0566, 0.0393, 0.0366, 0.1692, 0.0594, 0.0368, 0.0709, 0.0536,
         0.4043],
        [0.0621, 0.0327, 0.0214, 0.6127, 0.0591, 0.0504, 0.0233, 0.0440, 0.0557,
         0.0383],
        [0.0377, 0.0254, 0.0249, 0.0314, 0.0568, 0.6734, 0.0325, 0.0493, 0.0419,
         0.0268],
        [0.0673, 0.0469, 0.0227, 0.0405, 0.6378, 0.0326, 0.0223, 0.0717, 0.0340,
         0.0243],
        [0.0391, 0.0430, 0.0408, 0.0629, 0.0652, 0.0677, 0.0486, 0.0656, 0.5275,
         0.0395],
        [0.0605, 0.0600, 0.0407, 0.0482, 0.0447, 0.0461, 0.5656, 0.0527, 0.0395,
         0.0420],
        [0.0315, 0.0531, 0.0444, 0.0937, 0.0703, 0.1189, 0.0322, 0.0551, 0.4643,
         0.0365],
        [0.0744, 0.0547, 0.0465, 0.0389, 0.1198, 0.0720, 0.0402, 0.0807, 0.0529,
         0.4200],
        [0.0969, 0.0533, 0.0547, 0.0496, 0.0493, 0.0901, 0.4394, 0.0569, 0.0600,
         0.0498],
        [0.0753, 0.0707, 0.0253, 0.0471, 0.0699, 0.0480, 0.0210, 0.5051, 0.0869,
         0.0505],
        [0.0328, 0.0350, 0.0497, 0.0618, 0.0630, 0.0539, 0.0433, 0.0595, 0.5594,
         0.0416],
        [0.0644, 0.0416, 0.0202, 0.6045, 0.0605, 0.0510, 0.0229, 0.0451, 0.0496,
         0.0403],
        [0.0634, 0.0777, 0.0440, 0.0477, 0.0548, 0.0334, 0.5433, 0.0548, 0.0429,
         0.0379],
        [0.0626, 0.0927, 0.0234, 0.0388, 0.6047, 0.0256, 0.0178, 0.0756, 0.0335,
         0.0253],
        [0.0691, 0.0613, 0.0253, 0.0479, 0.0856, 0.0433, 0.0176, 0.5307, 0.0742,
         0.0450],
        [0.0686, 0.0503, 0.0467, 0.0363, 0.1202, 0.0678, 0.0371, 0.0408, 0.0465,
         0.4857],
        [0.0798, 0.0667, 0.0279, 0.0447, 0.0706, 0.0552, 0.0218, 0.5018, 0.0804,
         0.0512],
        [0.0873, 0.0707, 0.0435, 0.0466, 0.0539, 0.0305, 0.5420, 0.0496, 0.0357,
         0.0401],
        [0.0370, 0.0299, 0.0237, 0.0364, 0.0803, 0.6313, 0.0238, 0.0627, 0.0372,
         0.0377],
        [0.0394, 0.0308, 0.0296, 0.0316, 0.0654, 0.6287, 0.0304, 0.0589, 0.0501,
         0.0351],
        [0.0778, 0.0588, 0.0447, 0.0439, 0.1652, 0.0568, 0.0403, 0.0690, 0.0526,
         0.3909],
        [0.0417, 0.0418, 0.0591, 0.0847, 0.0741, 0.0585, 0.0343, 0.0552, 0.4996,
         0.0507],
        [0.0342, 0.6685, 0.0161, 0.0354, 0.0714, 0.0281, 0.0189, 0.0598, 0.0352,
         0.0325],
        [0.6242, 0.0505, 0.0326, 0.0354, 0.0507, 0.0431, 0.0370, 0.0510, 0.0483,
         0.0272],
        [0.0845, 0.0588, 0.0322, 0.0449, 0.5559, 0.0377, 0.0399, 0.0593, 0.0378,
         0.0490],
        [0.0772, 0.0572, 0.0389, 0.0540, 0.1657, 0.0665, 0.0372, 0.0568, 0.0580,
         0.3886],
        [0.0697, 0.0472, 0.0301, 0.5489, 0.0638, 0.0674, 0.0271, 0.0520, 0.0524,
         0.0414],
        [0.0683, 0.0889, 0.0236, 0.0560, 0.0813, 0.0423, 0.0222, 0.4731, 0.0830,
         0.0613],
        [0.7375, 0.0241, 0.0259, 0.0247, 0.0334, 0.0331, 0.0269, 0.0332, 0.0393,
         0.0218],
        [0.0779, 0.0806, 0.4395, 0.0385, 0.0901, 0.0614, 0.0370, 0.0596, 0.0529,
         0.0626],
        [0.0620, 0.0432, 0.0209, 0.6422, 0.0501, 0.0456, 0.0209, 0.0366, 0.0411,
         0.0373],
        [0.0743, 0.0522, 0.0250, 0.0406, 0.6289, 0.0283, 0.0259, 0.0600, 0.0370,
         0.0277],
        [0.0806, 0.0688, 0.0296, 0.0346, 0.0699, 0.0531, 0.0227, 0.5067, 0.0768,
         0.0571],
        [0.0303, 0.0244, 0.0169, 0.0292, 0.0602, 0.7159, 0.0213, 0.0480, 0.0304,
         0.0234],
        [0.0306, 0.6802, 0.0198, 0.0372, 0.0591, 0.0284, 0.0191, 0.0561, 0.0452,
         0.0244],
        [0.0313, 0.0253, 0.0194, 0.0351, 0.0614, 0.6960, 0.0223, 0.0503, 0.0326,
         0.0265],
        [0.0378, 0.0369, 0.0371, 0.0720, 0.0680, 0.0700, 0.0388, 0.0647, 0.5382,
         0.0365],
        [0.0657, 0.0642, 0.0420, 0.0517, 0.0504, 0.0397, 0.5552, 0.0499, 0.0394,
         0.0420],
        [0.0309, 0.6852, 0.0201, 0.0357, 0.0589, 0.0272, 0.0191, 0.0592, 0.0373,
         0.0264],
        [0.6447, 0.0383, 0.0321, 0.0334, 0.0529, 0.0362, 0.0474, 0.0418, 0.0471,
         0.0261],
        [0.0366, 0.0359, 0.0401, 0.0676, 0.0626, 0.0653, 0.0376, 0.0588, 0.5530,
         0.0425],
        [0.0392, 0.0401, 0.0388, 0.0550, 0.0716, 0.0766, 0.0370, 0.0656, 0.5393,
         0.0369]], device='cuda:0', grad_fn=<SoftmaxBackward>)
>> best accuracy: 98.28333333333333	best epoch: 0

>> final recovery rate: 59.68148148148148%
>> val epoch: 5
>> current accuracy: 98.46666666666667%
outputs: tensor([[0.0926, 0.0589, 0.0543, 0.0754, 0.0593, 0.4394, 0.0667, 0.0655, 0.0315,
         0.0565],
        [0.0514, 0.0366, 0.0390, 0.0499, 0.0255, 0.0273, 0.6750, 0.0485, 0.0231,
         0.0237],
        [0.7189, 0.0200, 0.0367, 0.0323, 0.0372, 0.0276, 0.0466, 0.0319, 0.0305,
         0.0184],
        [0.1000, 0.0512, 0.0666, 0.0612, 0.0552, 0.3702, 0.1625, 0.0607, 0.0368,
         0.0358],
        [0.0153, 0.0305, 0.0622, 0.0406, 0.6892, 0.0247, 0.0551, 0.0259, 0.0243,
         0.0322],
        [0.0364, 0.0402, 0.0473, 0.0514, 0.5783, 0.0350, 0.0661, 0.0549, 0.0462,
         0.0442],
        [0.0524, 0.0357, 0.4983, 0.0492, 0.0637, 0.0276, 0.0305, 0.0331, 0.1688,
         0.0405],
        [0.0181, 0.0477, 0.0600, 0.0479, 0.6552, 0.0269, 0.0582, 0.0321, 0.0316,
         0.0222],
        [0.0455, 0.0417, 0.0663, 0.0473, 0.0469, 0.0209, 0.0404, 0.6169, 0.0458,
         0.0283],
        [0.0314, 0.5670, 0.0421, 0.0863, 0.0551, 0.0347, 0.0473, 0.0601, 0.0443,
         0.0315],
        [0.0381, 0.0382, 0.0446, 0.0427, 0.0478, 0.0236, 0.0313, 0.6647, 0.0427,
         0.0264],
        [0.0381, 0.0474, 0.2998, 0.0648, 0.2543, 0.0484, 0.0687, 0.0533, 0.0726,
         0.0526],
        [0.0228, 0.0322, 0.0339, 0.0498, 0.0394, 0.0215, 0.0229, 0.6792, 0.0612,
         0.0372],
        [0.0525, 0.0213, 0.0414, 0.0520, 0.0337, 0.0210, 0.0509, 0.0350, 0.0602,
         0.6322],
        [0.6673, 0.0217, 0.0394, 0.0420, 0.0355, 0.0289, 0.0535, 0.0354, 0.0542,
         0.0222],
        [0.0526, 0.0525, 0.0629, 0.0680, 0.0600, 0.0290, 0.0470, 0.3205, 0.0849,
         0.2227],
        [0.0704, 0.0498, 0.0617, 0.0637, 0.0572, 0.4861, 0.0667, 0.0501, 0.0515,
         0.0430],
        [0.0511, 0.0544, 0.0471, 0.0698, 0.0450, 0.5240, 0.0635, 0.0503, 0.0480,
         0.0468],
        [0.0347, 0.0293, 0.0410, 0.0508, 0.0402, 0.0206, 0.0374, 0.0312, 0.0359,
         0.6790],
        [0.0365, 0.5519, 0.0430, 0.0907, 0.0597, 0.0299, 0.0471, 0.0639, 0.0534,
         0.0238],
        [0.0376, 0.5568, 0.0420, 0.0881, 0.0525, 0.0346, 0.0532, 0.0625, 0.0409,
         0.0318],
        [0.0343, 0.0333, 0.0368, 0.6414, 0.0384, 0.0155, 0.0304, 0.0307, 0.1190,
         0.0202],
        [0.0405, 0.0515, 0.5815, 0.0485, 0.0776, 0.0279, 0.0472, 0.0414, 0.0424,
         0.0415],
        [0.0439, 0.0362, 0.0506, 0.0396, 0.0536, 0.0285, 0.0636, 0.0410, 0.0362,
         0.6068],
        [0.0504, 0.0396, 0.0355, 0.0494, 0.0397, 0.0323, 0.0531, 0.0595, 0.6083,
         0.0320],
        [0.7051, 0.0232, 0.0375, 0.0321, 0.0348, 0.0317, 0.0448, 0.0369, 0.0315,
         0.0223],
        [0.0518, 0.0321, 0.0429, 0.0464, 0.0316, 0.0278, 0.6791, 0.0438, 0.0219,
         0.0225],
        [0.0287, 0.5841, 0.0412, 0.0838, 0.0653, 0.0384, 0.0385, 0.0504, 0.0358,
         0.0338],
        [0.0418, 0.0402, 0.3114, 0.2278, 0.0496, 0.0257, 0.0641, 0.0548, 0.1477,
         0.0368],
        [0.0299, 0.5448, 0.0592, 0.0974, 0.0516, 0.0381, 0.0435, 0.0545, 0.0500,
         0.0310],
        [0.7268, 0.0210, 0.0329, 0.0353, 0.0305, 0.0286, 0.0406, 0.0349, 0.0284,
         0.0211],
        [0.0469, 0.0359, 0.0352, 0.0452, 0.0454, 0.0262, 0.0325, 0.6522, 0.0571,
         0.0233],
        [0.6748, 0.0260, 0.0512, 0.0299, 0.0496, 0.0376, 0.0391, 0.0433, 0.0290,
         0.0195],
        [0.0295, 0.5768, 0.0444, 0.0858, 0.0526, 0.0308, 0.0473, 0.0598, 0.0444,
         0.0286],
        [0.0298, 0.0341, 0.0779, 0.0500, 0.0405, 0.0518, 0.0646, 0.0329, 0.5601,
         0.0585],
        [0.0273, 0.0421, 0.0601, 0.0514, 0.5128, 0.0331, 0.0629, 0.0324, 0.0446,
         0.1334],
        [0.0363, 0.0281, 0.0518, 0.0467, 0.0384, 0.0247, 0.0394, 0.0356, 0.0355,
         0.6637],
        [0.0285, 0.0226, 0.0429, 0.0623, 0.0292, 0.0189, 0.0279, 0.0418, 0.7114,
         0.0144],
        [0.0395, 0.0240, 0.0506, 0.0513, 0.0396, 0.0217, 0.0329, 0.0353, 0.0379,
         0.6672],
        [0.0443, 0.0370, 0.0401, 0.0492, 0.0291, 0.0291, 0.6736, 0.0476, 0.0233,
         0.0268],
        [0.0335, 0.0292, 0.0572, 0.0403, 0.0574, 0.0206, 0.0363, 0.6092, 0.0478,
         0.0685],
        [0.0377, 0.5645, 0.0437, 0.0850, 0.0480, 0.0320, 0.0498, 0.0650, 0.0452,
         0.0291],
        [0.0538, 0.0384, 0.0411, 0.6108, 0.0425, 0.0174, 0.0383, 0.0426, 0.0783,
         0.0367],
        [0.0532, 0.0291, 0.0415, 0.0428, 0.0237, 0.0284, 0.6924, 0.0390, 0.0246,
         0.0253],
        [0.0341, 0.0327, 0.6753, 0.0416, 0.0583, 0.0256, 0.0220, 0.0390, 0.0388,
         0.0327],
        [0.0338, 0.5734, 0.0416, 0.0919, 0.0424, 0.0316, 0.0479, 0.0630, 0.0440,
         0.0304],
        [0.0949, 0.0481, 0.0568, 0.0642, 0.0674, 0.4280, 0.0824, 0.0641, 0.0392,
         0.0548],
        [0.0372, 0.0365, 0.0437, 0.0559, 0.0466, 0.0278, 0.0570, 0.0446, 0.0433,
         0.6073]], device='cuda:0', grad_fn=<SoftmaxBackward>)
>> best accuracy: 98.46666666666667	best epoch: 5

>> final recovery rate: 59.68148148148148%
>> val epoch: 10
>> current accuracy: 97.31666666666666%
outputs: tensor([[0.0585, 0.0775, 0.0366, 0.0632, 0.0450, 0.0514, 0.0351, 0.0437, 0.0321,
         0.5568],
        [0.0469, 0.5397, 0.0413, 0.0454, 0.0556, 0.0406, 0.0726, 0.0729, 0.0380,
         0.0470],
        [0.0273, 0.0180, 0.0522, 0.0422, 0.0229, 0.0290, 0.0361, 0.0340, 0.6970,
         0.0412],
        [0.0133, 0.0118, 0.0208, 0.0331, 0.0138, 0.0127, 0.0131, 0.0141, 0.8373,
         0.0300],
        [0.0393, 0.0169, 0.0745, 0.0379, 0.0321, 0.0338, 0.0380, 0.0276, 0.6554,
         0.0446],
        [0.0305, 0.0879, 0.5022, 0.0895, 0.0420, 0.0221, 0.0352, 0.0399, 0.1077,
         0.0431],
        [0.0238, 0.0183, 0.0277, 0.0254, 0.0120, 0.0264, 0.0213, 0.0170, 0.0089,
         0.8192],
        [0.0466, 0.0254, 0.0379, 0.0328, 0.0237, 0.0496, 0.0324, 0.0223, 0.0146,
         0.7148],
        [0.1182, 0.0463, 0.0261, 0.0581, 0.0310, 0.0301, 0.0452, 0.3779, 0.0520,
         0.2151],
        [0.0790, 0.0338, 0.0464, 0.0656, 0.0445, 0.0519, 0.0474, 0.5354, 0.0442,
         0.0520],
        [0.0218, 0.1368, 0.0721, 0.0674, 0.4259, 0.0172, 0.1306, 0.0555, 0.0278,
         0.0450],
        [0.0428, 0.0353, 0.0350, 0.0195, 0.0569, 0.7126, 0.0409, 0.0187, 0.0214,
         0.0170],
        [0.0150, 0.0141, 0.0301, 0.7489, 0.0252, 0.0201, 0.0592, 0.0233, 0.0375,
         0.0266],
        [0.0362, 0.0163, 0.0650, 0.0390, 0.0666, 0.5867, 0.1054, 0.0224, 0.0435,
         0.0188],
        [0.0779, 0.0635, 0.1759, 0.0709, 0.0123, 0.1761, 0.2560, 0.1177, 0.0278,
         0.0220],
        [0.0205, 0.0157, 0.0137, 0.7894, 0.0192, 0.0098, 0.0637, 0.0258, 0.0278,
         0.0145],
        [0.0399, 0.0396, 0.0267, 0.0175, 0.0210, 0.0330, 0.7647, 0.0241, 0.0183,
         0.0152],
        [0.0407, 0.0266, 0.0238, 0.0690, 0.0476, 0.4979, 0.1986, 0.0323, 0.0433,
         0.0201],
        [0.0368, 0.0373, 0.6023, 0.0992, 0.0712, 0.0405, 0.0456, 0.0351, 0.0168,
         0.0151],
        [0.0265, 0.0163, 0.7963, 0.0182, 0.0257, 0.0154, 0.0273, 0.0359, 0.0132,
         0.0252],
        [0.0194, 0.0177, 0.0348, 0.0415, 0.0396, 0.6242, 0.1189, 0.0404, 0.0501,
         0.0135],
        [0.0939, 0.0292, 0.0278, 0.1006, 0.4468, 0.0424, 0.1074, 0.0560, 0.0431,
         0.0528],
        [0.0229, 0.0264, 0.0268, 0.1315, 0.5995, 0.0137, 0.1129, 0.0178, 0.0218,
         0.0267],
        [0.0840, 0.1753, 0.3230, 0.0400, 0.0610, 0.0298, 0.0173, 0.2069, 0.0282,
         0.0344],
        [0.0731, 0.0540, 0.0498, 0.0499, 0.0357, 0.0424, 0.0518, 0.5783, 0.0346,
         0.0306],
        [0.0201, 0.0245, 0.0183, 0.0460, 0.0379, 0.7227, 0.0512, 0.0178, 0.0324,
         0.0290],
        [0.1308, 0.0140, 0.0384, 0.0407, 0.0458, 0.0378, 0.0160, 0.2022, 0.0419,
         0.4323],
        [0.0477, 0.5081, 0.0643, 0.0547, 0.0480, 0.0393, 0.0734, 0.0770, 0.0381,
         0.0494],
        [0.0364, 0.0257, 0.0311, 0.0314, 0.0293, 0.0331, 0.7336, 0.0337, 0.0263,
         0.0193],
        [0.0330, 0.0301, 0.0424, 0.0264, 0.0410, 0.7226, 0.0419, 0.0201, 0.0152,
         0.0273],
        [0.0260, 0.0303, 0.0176, 0.0593, 0.6911, 0.0269, 0.0803, 0.0256, 0.0253,
         0.0176],
        [0.0588, 0.0284, 0.0382, 0.0484, 0.0500, 0.0236, 0.0254, 0.6564, 0.0414,
         0.0294],
        [0.0297, 0.0199, 0.0370, 0.0437, 0.0303, 0.0424, 0.0451, 0.0402, 0.6676,
         0.0441],
        [0.0262, 0.1511, 0.0752, 0.1006, 0.2765, 0.0234, 0.1442, 0.0424, 0.0290,
         0.1316],
        [0.0485, 0.0479, 0.0470, 0.0479, 0.0406, 0.0541, 0.0301, 0.0351, 0.0408,
         0.6080],
        [0.0290, 0.0206, 0.0415, 0.6979, 0.0302, 0.0169, 0.0567, 0.0284, 0.0382,
         0.0406],
        [0.0706, 0.0183, 0.0536, 0.0306, 0.0546, 0.0441, 0.0298, 0.6389, 0.0287,
         0.0308],
        [0.0645, 0.0277, 0.0413, 0.0631, 0.0398, 0.0388, 0.0751, 0.5839, 0.0345,
         0.0313],
        [0.0596, 0.0488, 0.0399, 0.0402, 0.0384, 0.0563, 0.0347, 0.0338, 0.0369,
         0.6114],
        [0.0161, 0.0408, 0.4481, 0.1934, 0.0598, 0.0194, 0.1052, 0.0338, 0.0673,
         0.0162],
        [0.0439, 0.5263, 0.0498, 0.0501, 0.0393, 0.0449, 0.0832, 0.0754, 0.0470,
         0.0402],
        [0.1184, 0.0601, 0.0264, 0.0721, 0.0487, 0.0121, 0.0352, 0.2539, 0.0767,
         0.2964],
        [0.0773, 0.0449, 0.0228, 0.0258, 0.0184, 0.0342, 0.6998, 0.0271, 0.0201,
         0.0296],
        [0.0468, 0.5465, 0.0331, 0.0455, 0.0484, 0.0555, 0.0868, 0.0637, 0.0274,
         0.0463],
        [0.0552, 0.0201, 0.0192, 0.0365, 0.0402, 0.0421, 0.0478, 0.6820, 0.0326,
         0.0242],
        [0.0360, 0.0331, 0.0495, 0.0204, 0.0666, 0.6812, 0.0389, 0.0285, 0.0224,
         0.0234],
        [0.0382, 0.0703, 0.0225, 0.0571, 0.0685, 0.0224, 0.0554, 0.0243, 0.6079,
         0.0333],
        [0.0268, 0.5883, 0.0416, 0.0428, 0.0614, 0.0331, 0.0752, 0.0560, 0.0344,
         0.0402]], device='cuda:0', grad_fn=<SoftmaxBackward>)
>> best accuracy: 98.46666666666667	best epoch: 5

>> final recovery rate: 59.68148148148148%
>> val epoch: 15
>> current accuracy: 92.2%
outputs: tensor([[0.0268, 0.0047, 0.3240, 0.0015, 0.0049, 0.0033, 0.0342, 0.0200, 0.0074,
         0.5730],
        [0.1677, 0.0379, 0.4161, 0.0258, 0.1005, 0.0528, 0.0489, 0.0353, 0.0472,
         0.0679],
        [0.0492, 0.5372, 0.0389, 0.0660, 0.0607, 0.0712, 0.0321, 0.0641, 0.0411,
         0.0394],
        [0.0199, 0.0329, 0.0293, 0.0200, 0.0261, 0.0344, 0.0441, 0.0370, 0.7060,
         0.0504],
        [0.0164, 0.0095, 0.0211, 0.0593, 0.1204, 0.6684, 0.0026, 0.0361, 0.0206,
         0.0456],
        [0.0828, 0.1065, 0.0253, 0.0617, 0.0397, 0.0541, 0.0368, 0.1426, 0.3773,
         0.0731],
        [0.0425, 0.0151, 0.0101, 0.0094, 0.0234, 0.7404, 0.0498, 0.0398, 0.0609,
         0.0085],
        [0.0045, 0.0131, 0.1266, 0.0311, 0.0059, 0.0172, 0.0723, 0.0669, 0.6336,
         0.0287],
        [0.0021, 0.0020, 0.6412, 0.1335, 0.0025, 0.0002, 0.0574, 0.0184, 0.1279,
         0.0148],
        [0.0483, 0.0081, 0.0038, 0.0363, 0.7516, 0.0271, 0.0057, 0.0226, 0.0464,
         0.0502],
        [0.0313, 0.5627, 0.0282, 0.0685, 0.0650, 0.0606, 0.0175, 0.0918, 0.0613,
         0.0130],
        [0.0396, 0.0328, 0.0322, 0.0693, 0.0522, 0.0495, 0.0917, 0.0335, 0.0186,
         0.5805],
        [0.0023, 0.0030, 0.0094, 0.9340, 0.0090, 0.0053, 0.0292, 0.0033, 0.0019,
         0.0025],
        [0.0025, 0.0078, 0.2500, 0.0140, 0.0053, 0.0763, 0.6039, 0.0076, 0.0278,
         0.0048],
        [0.6267, 0.0101, 0.0312, 0.0560, 0.0155, 0.0432, 0.0757, 0.0335, 0.0516,
         0.0565],
        [0.8239, 0.0098, 0.0686, 0.0014, 0.0238, 0.0105, 0.0051, 0.0200, 0.0316,
         0.0055],
        [0.0441, 0.5240, 0.0552, 0.0432, 0.0373, 0.0479, 0.0439, 0.1129, 0.0356,
         0.0559],
        [0.4921, 0.0615, 0.0623, 0.0825, 0.0518, 0.0249, 0.0171, 0.0513, 0.1031,
         0.0534],
        [0.0299, 0.0173, 0.0262, 0.0450, 0.0995, 0.0289, 0.0613, 0.0513, 0.0424,
         0.5983],
        [0.0679, 0.0446, 0.5410, 0.0243, 0.0854, 0.1016, 0.0159, 0.0407, 0.0566,
         0.0219],
        [0.0161, 0.0037, 0.1669, 0.0336, 0.0197, 0.0132, 0.6061, 0.0390, 0.0330,
         0.0686],
        [0.0382, 0.0201, 0.0889, 0.0510, 0.0627, 0.0120, 0.0564, 0.0349, 0.0110,
         0.6248],
        [0.0313, 0.0058, 0.0449, 0.0508, 0.0939, 0.7330, 0.0034, 0.0171, 0.0148,
         0.0049],
        [0.0151, 0.0819, 0.0793, 0.1237, 0.0280, 0.0117, 0.4693, 0.1381, 0.0507,
         0.0022],
        [0.0245, 0.0135, 0.0197, 0.0126, 0.0636, 0.7487, 0.0216, 0.0482, 0.0270,
         0.0205],
        [0.0365, 0.6006, 0.0279, 0.0616, 0.0567, 0.0842, 0.0263, 0.0449, 0.0266,
         0.0348],
        [0.0080, 0.0107, 0.8045, 0.0023, 0.0383, 0.0081, 0.0028, 0.0639, 0.0210,
         0.0405],
        [0.0173, 0.0106, 0.0211, 0.0335, 0.0216, 0.0440, 0.7727, 0.0488, 0.0137,
         0.0166],
        [0.1077, 0.0881, 0.0096, 0.0048, 0.0622, 0.0396, 0.1711, 0.0141, 0.4046,
         0.0982],
        [0.0044, 0.0144, 0.0164, 0.0311, 0.0040, 0.0115, 0.8775, 0.0071, 0.0143,
         0.0194],
        [0.0395, 0.5224, 0.0400, 0.0784, 0.0579, 0.0399, 0.0498, 0.0670, 0.0744,
         0.0310],
        [0.0506, 0.5257, 0.0387, 0.0364, 0.0458, 0.0561, 0.0478, 0.1209, 0.0473,
         0.0307],
        [0.0141, 0.0113, 0.0188, 0.0440, 0.0500, 0.0249, 0.0505, 0.7474, 0.0175,
         0.0215],
        [0.0118, 0.0045, 0.0181, 0.8005, 0.0267, 0.0031, 0.0277, 0.0106, 0.0307,
         0.0662],
        [0.0674, 0.0048, 0.1046, 0.0056, 0.0236, 0.0044, 0.0027, 0.7266, 0.0379,
         0.0226],
        [0.1609, 0.0648, 0.0570, 0.0370, 0.0366, 0.0565, 0.0127, 0.0382, 0.4003,
         0.1360],
        [0.0183, 0.0036, 0.0013, 0.8439, 0.0129, 0.0135, 0.0263, 0.0503, 0.0251,
         0.0049],
        [0.0144, 0.0055, 0.0039, 0.0139, 0.0340, 0.8742, 0.0174, 0.0292, 0.0034,
         0.0041],
        [0.0532, 0.0222, 0.0208, 0.0155, 0.0486, 0.0183, 0.0261, 0.0176, 0.0106,
         0.7669],
        [0.0421, 0.5137, 0.0407, 0.0351, 0.1187, 0.0275, 0.0759, 0.0666, 0.0306,
         0.0491],
        [0.0399, 0.4928, 0.0151, 0.0773, 0.0257, 0.0452, 0.0686, 0.1463, 0.0569,
         0.0323],
        [0.0483, 0.0301, 0.0781, 0.0333, 0.0166, 0.0133, 0.0091, 0.0958, 0.6044,
         0.0710],
        [0.0251, 0.0144, 0.5559, 0.0147, 0.0771, 0.0129, 0.0049, 0.1435, 0.1383,
         0.0132],
        [0.0633, 0.0184, 0.0262, 0.5926, 0.1178, 0.0522, 0.0635, 0.0250, 0.0113,
         0.0297],
        [0.0035, 0.0306, 0.0411, 0.0016, 0.0996, 0.0976, 0.0202, 0.0824, 0.6151,
         0.0083],
        [0.0031, 0.0068, 0.0045, 0.0015, 0.0156, 0.9101, 0.0193, 0.0070, 0.0253,
         0.0068],
        [0.0312, 0.0272, 0.0686, 0.0276, 0.1087, 0.0673, 0.0387, 0.0257, 0.5366,
         0.0683],
        [0.0336, 0.0390, 0.0185, 0.7899, 0.0308, 0.0192, 0.0257, 0.0263, 0.0053,
         0.0116]], device='cuda:0', grad_fn=<SoftmaxBackward>)
>> best accuracy: 98.46666666666667	best epoch: 5

>> final recovery rate: 59.68148148148148%
>> val epoch: 20
>> current accuracy: 81.53333333333333%
outputs: tensor([[0.0241, 0.0067, 0.0144, 0.0109, 0.0410, 0.0404, 0.1025, 0.0035, 0.7386,
         0.0178],
        [0.0383, 0.6351, 0.0223, 0.0325, 0.1198, 0.0376, 0.0365, 0.0363, 0.0291,
         0.0125],
        [0.0211, 0.0047, 0.0052, 0.0059, 0.6665, 0.1056, 0.0007, 0.1066, 0.0166,
         0.0669],
        [0.0273, 0.5194, 0.0256, 0.0401, 0.0622, 0.0299, 0.0375, 0.0401, 0.1913,
         0.0267],
        [0.0362, 0.2078, 0.0092, 0.0189, 0.5001, 0.0506, 0.0372, 0.0255, 0.0894,
         0.0251],
        [0.0017, 0.0009, 0.0010, 0.0016, 0.0377, 0.0723, 0.0037, 0.8653, 0.0009,
         0.0151],
        [0.0005, 0.0004, 0.0050, 0.3662, 0.6216, 0.0006, 0.0002, 0.0002, 0.0046,
         0.0007],
        [0.8562, 0.0114, 0.0007, 0.0005, 0.0082, 0.0031, 0.0598, 0.0162, 0.0432,
         0.0007],
        [0.0115, 0.0134, 0.9258, 0.0062, 0.0035, 0.0096, 0.0210, 0.0006, 0.0013,
         0.0071],
        [0.0415, 0.6097, 0.0319, 0.0616, 0.0339, 0.0394, 0.0480, 0.0448, 0.0315,
         0.0578],
        [0.0085, 0.0184, 0.0036, 0.0038, 0.9202, 0.0294, 0.0007, 0.0131, 0.0002,
         0.0021],
        [0.0285, 0.0523, 0.0241, 0.0490, 0.0906, 0.0161, 0.1198, 0.0178, 0.0564,
         0.5453],
        [0.7849, 0.0166, 0.0024, 0.0095, 0.0007, 0.0199, 0.1005, 0.0302, 0.0315,
         0.0038],
        [0.0927, 0.0064, 0.0153, 0.0064, 0.0070, 0.0415, 0.0067, 0.7770, 0.0409,
         0.0062],
        [0.0007, 0.0018, 0.9019, 0.0051, 0.0015, 0.0008, 0.0041, 0.0020, 0.0014,
         0.0809],
        [0.0051, 0.0002, 0.0001, 0.9811, 0.0005, 0.0069, 0.0022, 0.0022, 0.0005,
         0.0013],
        [0.1430, 0.0277, 0.0102, 0.0285, 0.3754, 0.0379, 0.3491, 0.0201, 0.0027,
         0.0055],
        [0.0011, 0.0001, 0.0001, 0.0471, 0.9084, 0.0058, 0.0018, 0.0004, 0.0349,
         0.0002],
        [0.0575, 0.0749, 0.0312, 0.0529, 0.0352, 0.0109, 0.0343, 0.0251, 0.0912,
         0.5870],
        [0.0138, 0.0193, 0.0188, 0.0128, 0.0132, 0.0144, 0.0047, 0.0045, 0.0096,
         0.8888],
        [0.0128, 0.0008, 0.0005, 0.0163, 0.0001, 0.0082, 0.0024, 0.9565, 0.0007,
         0.0017],
        [0.2925, 0.0473, 0.0731, 0.0208, 0.0153, 0.0878, 0.0281, 0.0156, 0.0323,
         0.3872],
        [0.0003, 0.0024, 0.0015, 0.0002, 0.0012, 0.0018, 0.9924, 0.0000, 0.0001,
         0.0001],
        [0.0110, 0.0037, 0.0046, 0.0111, 0.0171, 0.1174, 0.0108, 0.0513, 0.0218,
         0.7512],
        [0.0006, 0.0045, 0.0036, 0.0949, 0.6586, 0.0003, 0.0043, 0.0084, 0.2202,
         0.0046],
        [0.0867, 0.0420, 0.0346, 0.0039, 0.0165, 0.0004, 0.0108, 0.0915, 0.6114,
         0.1022],
        [0.0008, 0.0031, 0.0002, 0.0010, 0.0008, 0.0061, 0.9873, 0.0000, 0.0006,
         0.0001],
        [0.0036, 0.8425, 0.0255, 0.0054, 0.0008, 0.0061, 0.0189, 0.0396, 0.0532,
         0.0045],
        [0.7407, 0.0849, 0.0401, 0.0291, 0.0604, 0.0045, 0.0008, 0.0083, 0.0040,
         0.0272],
        [0.0003, 0.0031, 0.8625, 0.0152, 0.0008, 0.0013, 0.0000, 0.1120, 0.0026,
         0.0019],
        [0.0055, 0.0442, 0.0344, 0.0149, 0.6091, 0.0354, 0.0906, 0.0794, 0.0601,
         0.0265],
        [0.0273, 0.0290, 0.6801, 0.0024, 0.0124, 0.0049, 0.0115, 0.0068, 0.0195,
         0.2062],
        [0.0060, 0.2638, 0.0573, 0.1405, 0.0017, 0.0024, 0.0033, 0.3888, 0.0079,
         0.1283],
        [0.0059, 0.0075, 0.0178, 0.0058, 0.0072, 0.9294, 0.0072, 0.0016, 0.0114,
         0.0062],
        [0.0027, 0.0017, 0.9358, 0.0010, 0.0399, 0.0044, 0.0083, 0.0018, 0.0026,
         0.0019],
        [0.0379, 0.0056, 0.0038, 0.1411, 0.0590, 0.2336, 0.0049, 0.0865, 0.2297,
         0.1980],
        [0.0098, 0.7339, 0.0094, 0.0058, 0.0035, 0.0156, 0.0283, 0.0257, 0.1598,
         0.0081],
        [0.0298, 0.0305, 0.0421, 0.0063, 0.0115, 0.0166, 0.0114, 0.0267, 0.0034,
         0.8218],
        [0.0031, 0.0026, 0.0144, 0.0002, 0.0033, 0.4316, 0.2069, 0.0070, 0.3293,
         0.0016],
        [0.0006, 0.0033, 0.9718, 0.0001, 0.0008, 0.0028, 0.0021, 0.0002, 0.0001,
         0.0182],
        [0.9001, 0.0203, 0.0013, 0.0112, 0.0270, 0.0167, 0.0018, 0.0047, 0.0133,
         0.0035],
        [0.6228, 0.1144, 0.0485, 0.0241, 0.0131, 0.0427, 0.0365, 0.0424, 0.0293,
         0.0263],
        [0.0134, 0.0573, 0.0164, 0.0131, 0.0093, 0.0212, 0.0205, 0.8160, 0.0287,
         0.0042],
        [0.0036, 0.0053, 0.0021, 0.0218, 0.0154, 0.2212, 0.7196, 0.0006, 0.0072,
         0.0032],
        [0.0414, 0.0071, 0.0015, 0.5760, 0.0473, 0.0095, 0.0083, 0.0605, 0.2419,
         0.0065],
        [0.0644, 0.0064, 0.0524, 0.0197, 0.0243, 0.0648, 0.0491, 0.1169, 0.0580,
         0.5441],
        [0.0004, 0.0169, 0.0842, 0.8072, 0.0011, 0.0233, 0.0019, 0.0310, 0.0312,
         0.0026],
        [0.0026, 0.0024, 0.0016, 0.9755, 0.0008, 0.0078, 0.0014, 0.0011, 0.0010,
         0.0058]], device='cuda:0', grad_fn=<SoftmaxBackward>)
>> best accuracy: 98.46666666666667	best epoch: 5

>> final recovery rate: 59.68148148148148%
>> val epoch: 25
>> current accuracy: 74.21666666666667%
outputs: tensor([[3.1010e-04, 2.6213e-03, 9.1846e-01, 1.0966e-02, 6.1002e-03, 2.2919e-04,
         3.8909e-04, 5.9512e-02, 3.2457e-04, 1.0861e-03],
        [1.5111e-03, 5.3762e-04, 3.9887e-05, 2.5467e-04, 8.1065e-04, 2.1480e-03,
         9.9420e-01, 3.9770e-04, 4.0707e-05, 5.5348e-05],
        [9.5517e-01, 1.2687e-02, 6.6184e-04, 2.5546e-03, 2.5073e-03, 1.9622e-04,
         5.3673e-03, 1.0770e-03, 3.5704e-04, 1.9417e-02],
        [6.7331e-02, 3.3964e-02, 2.0711e-01, 2.9049e-02, 5.4776e-03, 7.0393e-04,
         1.5084e-03, 4.7589e-02, 1.9124e-03, 6.0536e-01],
        [7.2729e-03, 4.2461e-03, 4.4807e-04, 9.6799e-01, 4.1402e-04, 6.3672e-05,
         1.0233e-02, 7.1229e-03, 1.4424e-03, 7.6728e-04],
        [6.1104e-04, 1.0415e-01, 9.4655e-02, 2.1260e-02, 4.6653e-03, 3.5291e-04,
         6.2457e-04, 7.6861e-01, 1.2069e-03, 3.8735e-03],
        [4.1148e-04, 4.3711e-03, 1.6450e-04, 4.0085e-04, 9.5870e-01, 3.7615e-04,
         1.5805e-04, 1.4510e-04, 3.3965e-02, 1.3130e-03],
        [1.7885e-04, 5.2673e-03, 7.6145e-03, 6.6370e-03, 2.2911e-02, 2.9854e-02,
         6.6142e-03, 1.1395e-03, 2.0508e-01, 7.1470e-01],
        [9.8830e-01, 1.1360e-04, 8.1927e-05, 3.9030e-03, 5.5772e-03, 2.0549e-04,
         2.9506e-04, 1.0966e-03, 2.1299e-04, 2.1116e-04],
        [6.0419e-03, 1.2450e-04, 9.3173e-01, 2.5862e-04, 9.5684e-03, 1.1140e-03,
         4.6455e-02, 1.9836e-03, 2.4670e-03, 2.5995e-04],
        [5.5184e-01, 7.0408e-02, 3.6230e-03, 6.0193e-03, 2.0821e-01, 3.7094e-02,
         7.1494e-03, 7.9416e-02, 4.4831e-03, 3.1754e-02],
        [1.3521e-04, 3.2308e-04, 1.4653e-03, 9.2308e-01, 8.0248e-06, 1.0167e-03,
         1.2698e-02, 2.5653e-04, 6.0988e-02, 2.8027e-05],
        [1.2373e-04, 6.6863e-04, 5.2763e-03, 6.1090e-02, 3.5762e-02, 1.4486e-03,
         8.9354e-01, 7.3300e-04, 8.9414e-04, 4.6517e-04],
        [6.1846e-04, 5.9687e-05, 3.1912e-03, 2.0913e-05, 1.0404e-02, 1.6564e-03,
         5.5122e-05, 8.6790e-05, 3.9134e-04, 9.8352e-01],
        [6.4145e-03, 5.9476e-02, 5.6683e-03, 6.7981e-04, 1.7028e-03, 4.0228e-04,
         3.0529e-05, 8.0790e-04, 9.2176e-01, 3.0556e-03],
        [1.2713e-02, 6.9792e-01, 6.8794e-04, 1.9439e-01, 8.3005e-02, 5.8073e-03,
         1.0602e-03, 2.6998e-04, 3.3450e-04, 3.8101e-03],
        [1.0384e-04, 4.7966e-04, 1.2509e-04, 5.0173e-03, 3.9022e-03, 2.0337e-04,
         1.1013e-03, 3.7328e-03, 6.7420e-02, 9.1791e-01],
        [3.9888e-04, 3.0693e-05, 7.1149e-05, 4.3911e-04, 8.9021e-03, 9.8960e-01,
         2.3312e-05, 1.9315e-04, 2.1139e-04, 1.3487e-04],
        [9.8484e-01, 9.3545e-04, 1.2482e-06, 1.0483e-02, 2.5444e-05, 8.9315e-06,
         2.4691e-03, 6.8880e-04, 2.4768e-04, 2.9665e-04],
        [3.4546e-04, 1.0628e-04, 2.0290e-04, 1.0439e-04, 6.3389e-02, 8.9199e-01,
         4.6992e-04, 1.5555e-04, 3.7553e-02, 5.6810e-03],
        [4.8330e-04, 2.9338e-02, 1.5482e-03, 9.0463e-01, 1.1401e-03, 2.4432e-02,
         6.8881e-03, 3.2346e-03, 2.6477e-02, 1.8244e-03],
        [4.3506e-04, 2.4030e-04, 1.9260e-02, 2.9523e-04, 8.2843e-04, 5.8081e-04,
         9.3953e-01, 3.4370e-02, 3.1473e-03, 1.3088e-03],
        [6.7594e-05, 1.0713e-03, 2.2193e-04, 2.4028e-04, 7.9992e-04, 9.9595e-01,
         2.4163e-05, 2.4191e-05, 1.4401e-03, 1.6056e-04],
        [3.9947e-03, 2.9115e-04, 1.8465e-01, 3.0612e-03, 6.3346e-02, 2.8516e-03,
         1.2199e-03, 7.2584e-01, 6.9382e-03, 7.8021e-03],
        [2.8405e-04, 7.6550e-04, 9.9458e-01, 1.0517e-04, 3.5461e-04, 1.2681e-04,
         2.8708e-04, 1.7356e-03, 1.9161e-04, 1.5659e-03],
        [1.9449e-02, 5.2418e-03, 2.4980e-03, 4.1349e-05, 1.0395e-04, 5.8773e-03,
         1.1310e-02, 6.8386e-04, 5.0540e-02, 9.0425e-01],
        [7.5876e-02, 5.4523e-01, 1.2115e-02, 9.3307e-02, 1.1749e-01, 4.7567e-02,
         5.2698e-03, 3.7297e-02, 2.3614e-02, 4.2235e-02],
        [5.1199e-04, 9.3532e-01, 2.4368e-04, 8.3469e-03, 1.2021e-04, 4.8262e-04,
         5.0751e-02, 1.1404e-03, 1.3655e-03, 1.7183e-03],
        [3.0406e-02, 1.6737e-03, 6.4009e-04, 6.1650e-02, 5.4109e-04, 2.2983e-02,
         4.8624e-01, 3.3984e-01, 1.2845e-02, 4.3177e-02],
        [6.9371e-03, 5.5999e-03, 5.9033e-03, 2.1986e-04, 4.7301e-04, 4.1841e-04,
         9.3910e-01, 3.0794e-03, 3.8269e-05, 3.8226e-02],
        [1.9145e-04, 9.0253e-05, 2.8381e-04, 4.5926e-01, 4.1237e-03, 5.1444e-01,
         6.9607e-04, 1.4176e-02, 5.9001e-03, 8.4097e-04],
        [4.5299e-03, 3.6199e-03, 9.5434e-01, 3.4178e-03, 2.0779e-03, 5.2498e-04,
         1.3840e-02, 1.4779e-02, 3.3171e-04, 2.5435e-03],
        [1.6319e-02, 8.0227e-04, 7.3251e-01, 1.8587e-01, 1.4962e-03, 1.9530e-02,
         2.1162e-02, 4.7895e-03, 1.7297e-02, 2.2516e-04],
        [2.5135e-03, 6.4611e-03, 1.2447e-03, 6.1234e-03, 5.8778e-03, 4.5777e-04,
         1.4659e-02, 1.0116e-03, 1.6085e-02, 9.4557e-01],
        [8.0457e-04, 3.7009e-05, 3.7447e-05, 1.4834e-03, 2.3819e-03, 9.7243e-01,
         3.1110e-05, 2.2019e-02, 3.0443e-04, 4.7512e-04],
        [1.1424e-03, 8.9913e-01, 6.3973e-05, 8.1644e-02, 7.7327e-04, 9.9164e-03,
         8.5834e-04, 1.6883e-03, 2.7781e-04, 4.5068e-03],
        [2.8596e-04, 2.6689e-03, 6.4403e-01, 6.5703e-02, 2.7767e-01, 7.3221e-03,
         3.2531e-04, 7.8998e-04, 6.4139e-05, 1.1396e-03],
        [3.5213e-04, 3.0423e-03, 2.1658e-04, 1.5246e-03, 8.6753e-04, 3.1926e-04,
         3.0168e-03, 9.8919e-01, 1.2288e-03, 2.4173e-04],
        [7.2101e-05, 4.4257e-04, 4.8187e-05, 3.8296e-04, 9.9712e-01, 1.3017e-03,
         3.7444e-05, 2.3630e-04, 2.9321e-04, 6.3356e-05],
        [6.3942e-04, 7.4969e-06, 1.3132e-04, 8.0135e-03, 1.2121e-04, 5.4416e-03,
         7.5110e-01, 2.3348e-01, 1.4132e-04, 9.2462e-04],
        [2.3511e-03, 9.1816e-04, 3.3238e-03, 2.5403e-02, 4.8888e-03, 5.6695e-03,
         6.4986e-01, 5.4042e-03, 1.9881e-01, 1.0337e-01],
        [6.6504e-05, 1.9639e-04, 1.0109e-04, 1.6408e-04, 9.9524e-01, 5.0916e-05,
         4.4328e-04, 1.3068e-04, 3.3638e-03, 2.4477e-04],
        [6.7397e-05, 2.2771e-04, 1.2179e-05, 1.7603e-04, 3.1294e-03, 1.1475e-05,
         2.2137e-04, 7.3977e-05, 9.9605e-01, 2.8785e-05],
        [5.1689e-02, 6.6887e-03, 8.7725e-01, 2.0649e-04, 7.0158e-05, 3.1459e-02,
         6.3485e-03, 2.4951e-02, 5.4737e-04, 7.9125e-04],
        [2.3653e-03, 1.3592e-01, 9.8452e-04, 4.4314e-03, 2.1420e-03, 6.2009e-03,
         2.4351e-03, 7.8860e-03, 8.3507e-01, 2.5647e-03],
        [2.1147e-02, 3.8206e-03, 8.9438e-04, 2.1970e-03, 1.6575e-01, 7.6948e-01,
         7.2288e-03, 4.2851e-03, 5.9558e-04, 2.4604e-02],
        [4.5251e-03, 3.2747e-04, 9.2318e-03, 2.6751e-03, 2.9735e-03, 2.6781e-03,
         3.5689e-03, 3.8063e-03, 1.4176e-01, 8.2845e-01],
        [7.7643e-02, 2.8327e-01, 7.2855e-03, 4.1030e-01, 9.7064e-03, 2.8356e-02,
         4.7791e-02, 6.0360e-03, 6.8577e-03, 1.2275e-01]],
       device='cuda:0', grad_fn=<SoftmaxBackward>)
>> best accuracy: 98.46666666666667	best epoch: 5

>> final recovery rate: 59.68148148148148%
>> val epoch: 30
>> current accuracy: 69.19999999999999%
outputs: tensor([[2.8194e-05, 1.5761e-05, 9.8955e-01, 1.1908e-03, 2.6949e-04, 4.5439e-05,
         7.2875e-03, 3.9553e-04, 7.8230e-05, 1.1425e-03],
        [2.6104e-05, 2.1730e-04, 1.9783e-04, 1.0866e-04, 1.7448e-02, 1.0862e-04,
         1.6148e-04, 4.9660e-05, 9.8136e-01, 3.1986e-04],
        [3.7828e-02, 1.1973e-04, 1.4391e-03, 1.1902e-03, 9.4582e-01, 7.1966e-03,
         5.5094e-05, 4.6473e-04, 5.6692e-03, 2.1239e-04],
        [7.7570e-04, 4.3684e-01, 1.7554e-02, 5.0603e-02, 9.9066e-03, 3.7605e-01,
         2.1868e-02, 2.3145e-03, 6.3320e-02, 2.0763e-02],
        [1.7196e-02, 3.3134e-05, 2.5543e-03, 3.2593e-01, 5.0933e-03, 6.3890e-01,
         4.6899e-03, 4.4336e-04, 7.5337e-04, 4.4061e-03],
        [7.0857e-04, 8.6039e-05, 9.2328e-01, 6.1790e-05, 8.6204e-04, 3.8494e-02,
         2.2201e-03, 9.9159e-03, 1.6144e-02, 8.2297e-03],
        [2.1815e-05, 1.3252e-04, 7.3844e-06, 4.3539e-05, 1.6814e-06, 4.6181e-05,
         9.9878e-01, 2.8035e-06, 9.5043e-04, 1.2342e-05],
        [8.4129e-04, 1.5541e-04, 9.5973e-01, 1.1251e-02, 1.6098e-02, 1.1851e-04,
         1.0814e-05, 3.2840e-03, 8.3237e-03, 1.8773e-04],
        [9.6115e-05, 6.4472e-04, 3.9611e-01, 1.9416e-04, 2.4132e-03, 1.5076e-02,
         2.5635e-03, 1.2411e-01, 4.4636e-01, 1.2436e-02],
        [9.4015e-04, 1.8829e-01, 8.5604e-03, 1.8608e-01, 9.9028e-02, 1.5182e-01,
         1.4566e-03, 3.2450e-01, 2.6948e-02, 1.2372e-02],
        [4.8028e-03, 7.3083e-05, 5.1138e-05, 1.6452e-04, 1.7391e-03, 9.7779e-03,
         6.0208e-02, 9.1851e-01, 3.8963e-03, 7.8127e-04],
        [7.3248e-05, 1.0362e-05, 9.9943e-01, 2.3437e-05, 3.1020e-05, 5.6454e-06,
         1.6642e-04, 3.4593e-05, 1.2023e-04, 1.0918e-04],
        [5.0099e-05, 1.3228e-03, 9.9574e-01, 6.5050e-04, 6.4339e-05, 3.4458e-05,
         9.5842e-04, 6.7047e-05, 1.1002e-03, 8.7851e-06],
        [2.4231e-02, 7.2655e-01, 1.3060e-01, 1.4692e-03, 7.2295e-04, 2.7086e-04,
         1.0862e-01, 4.5540e-03, 2.4033e-03, 5.8089e-04],
        [1.4019e-04, 5.5449e-05, 9.6319e-05, 2.8555e-03, 9.8234e-01, 2.0859e-03,
         3.6033e-03, 6.4824e-03, 1.9684e-03, 3.7351e-04],
        [1.6957e-04, 4.0837e-05, 9.9885e-01, 3.6541e-04, 9.6137e-06, 2.3617e-05,
         4.3259e-04, 3.2236e-05, 7.1078e-05, 7.9251e-06],
        [1.4657e-05, 2.6312e-03, 2.5796e-04, 1.1153e-02, 1.5826e-04, 4.7455e-04,
         9.8292e-01, 4.7229e-04, 1.6590e-03, 2.5468e-04],
        [4.7239e-03, 9.0186e-01, 4.2852e-04, 3.2792e-03, 1.0038e-04, 2.5453e-02,
         6.2062e-02, 1.3671e-04, 1.0704e-03, 8.8998e-04],
        [8.2410e-04, 3.7672e-04, 9.8701e-01, 2.3412e-04, 1.8037e-03, 1.0625e-03,
         1.6275e-03, 5.1940e-04, 8.9537e-05, 6.4562e-03],
        [2.2592e-04, 5.8209e-03, 7.8957e-02, 2.5135e-04, 9.0290e-01, 7.5633e-05,
         6.1015e-03, 5.1581e-03, 9.4405e-05, 4.1294e-04],
        [6.3920e-04, 1.1393e-01, 1.5247e-02, 1.0002e-02, 8.1100e-01, 5.1524e-05,
         4.4740e-02, 4.4883e-04, 2.1937e-05, 3.9253e-03],
        [1.1940e-02, 4.2614e-01, 3.6723e-03, 4.6059e-03, 3.8686e-01, 5.8540e-03,
         6.2549e-04, 8.6064e-02, 3.3339e-02, 4.0895e-02],
        [2.7683e-04, 2.9176e-02, 1.3832e-04, 4.3598e-01, 5.3185e-01, 3.9613e-04,
         4.9676e-05, 3.2338e-04, 5.4674e-05, 1.7620e-03],
        [6.5530e-01, 8.1974e-02, 2.1537e-03, 9.3526e-05, 1.4160e-03, 2.3038e-04,
         2.1192e-03, 2.5409e-01, 1.9975e-03, 6.2137e-04],
        [1.8708e-03, 5.1139e-05, 1.8458e-03, 4.0529e-03, 4.6271e-04, 8.5788e-01,
         5.9667e-03, 6.0411e-02, 6.5446e-03, 6.0917e-02],
        [4.4452e-04, 1.6000e-03, 4.6078e-05, 2.1736e-03, 1.1608e-01, 8.6616e-01,
         8.8432e-05, 5.2276e-03, 7.8514e-04, 7.3913e-03],
        [1.9686e-05, 3.7264e-06, 1.3698e-05, 8.2169e-05, 2.5550e-04, 3.3968e-04,
         1.2076e-04, 9.9807e-01, 3.1926e-04, 7.7671e-04],
        [8.3541e-04, 1.5808e-02, 2.4992e-03, 7.8068e-04, 7.7448e-05, 3.0549e-01,
         6.3643e-01, 1.7211e-04, 3.7854e-02, 5.1122e-05],
        [1.2008e-04, 5.8125e-04, 3.8707e-05, 7.2783e-04, 1.7778e-04, 6.4197e-04,
         2.4370e-03, 1.4161e-05, 1.8065e-05, 9.9524e-01],
        [2.6560e-04, 2.4009e-06, 5.7854e-04, 6.4377e-06, 7.0438e-04, 1.6920e-03,
         8.5527e-03, 1.7809e-03, 9.8627e-01, 1.5207e-04],
        [6.1154e-05, 1.5541e-02, 1.0992e-03, 1.9432e-02, 1.3782e-01, 3.6739e-04,
         8.2495e-01, 5.7929e-04, 6.6055e-05, 8.1996e-05],
        [4.4077e-06, 1.7638e-04, 2.9986e-06, 2.1322e-05, 6.6824e-05, 9.9951e-01,
         5.4689e-06, 8.0021e-06, 1.8992e-04, 1.7521e-05],
        [7.2886e-05, 7.3207e-06, 8.1966e-07, 3.4044e-05, 4.4353e-05, 3.4985e-05,
         1.1264e-05, 9.9865e-01, 1.2582e-04, 1.0143e-03],
        [6.1333e-04, 3.6856e-04, 5.9797e-06, 9.8608e-01, 5.8261e-04, 1.1600e-05,
         3.1858e-03, 1.9891e-05, 1.7433e-03, 7.3848e-03],
        [3.7808e-01, 4.7725e-02, 2.3614e-04, 7.1837e-03, 1.2075e-02, 1.3430e-02,
         7.7224e-03, 1.2387e-02, 5.6394e-04, 5.2060e-01],
        [7.3318e-01, 2.1938e-03, 3.1048e-03, 2.5103e-01, 8.5616e-03, 4.2072e-05,
         1.5764e-03, 1.6847e-04, 9.6337e-05, 3.9872e-05],
        [1.2941e-03, 3.8135e-03, 1.1973e-05, 1.6028e-04, 9.8270e-01, 6.5029e-04,
         1.4744e-03, 4.5639e-05, 1.2850e-04, 9.7191e-03],
        [8.4284e-01, 1.6704e-02, 1.3615e-05, 1.2444e-01, 2.1943e-04, 1.1265e-03,
         2.1171e-03, 1.2441e-05, 1.6750e-03, 1.0855e-02],
        [6.9410e-01, 3.5707e-02, 2.0249e-01, 6.8051e-04, 2.5779e-02, 4.2030e-04,
         2.1478e-04, 1.0606e-02, 2.5855e-02, 4.1425e-03],
        [2.1416e-01, 3.2776e-04, 6.7221e-01, 2.2205e-04, 6.6371e-04, 5.7316e-03,
         7.6983e-04, 4.6416e-03, 1.0515e-02, 9.0756e-02],
        [5.4662e-04, 1.2919e-04, 1.2146e-04, 9.9561e-01, 1.1628e-04, 1.2334e-04,
         4.7171e-06, 2.0468e-04, 2.2671e-03, 8.7701e-04],
        [3.4204e-04, 3.3561e-02, 1.4635e-01, 7.6347e-01, 1.7158e-04, 1.9120e-03,
         3.7705e-03, 5.0163e-02, 6.7448e-05, 1.9616e-04],
        [9.9902e-01, 1.4047e-04, 8.9252e-05, 1.6001e-04, 3.5561e-05, 1.1003e-05,
         1.5613e-04, 7.9136e-05, 4.3066e-05, 2.6305e-04],
        [7.0365e-05, 9.8334e-01, 1.8471e-04, 3.4221e-04, 1.3271e-02, 2.3539e-04,
         6.9524e-05, 7.6864e-05, 1.7700e-03, 6.3726e-04],
        [9.1258e-01, 2.0118e-02, 1.6840e-04, 1.1153e-04, 1.2383e-03, 5.0607e-04,
         2.6814e-03, 5.1480e-02, 2.6574e-03, 8.4572e-03],
        [9.8038e-01, 4.3555e-03, 8.6489e-04, 2.4582e-04, 4.0527e-04, 5.5867e-04,
         5.3552e-04, 2.3822e-03, 7.4693e-03, 2.7998e-03],
        [8.3328e-01, 1.3344e-04, 1.2275e-05, 1.3382e-01, 6.8387e-05, 1.7693e-04,
         8.6666e-04, 1.2850e-02, 8.6095e-03, 1.0179e-02],
        [1.4406e-05, 3.3183e-04, 6.3041e-04, 6.4064e-03, 3.6269e-02, 7.7415e-01,
         1.5491e-02, 1.2724e-02, 1.2371e-01, 3.0274e-02]],
       device='cuda:0', grad_fn=<SoftmaxBackward>)
>> best accuracy: 98.46666666666667	best epoch: 5

>> final recovery rate: 62.99259259259259%
>> val epoch: 35
>> current accuracy: 70.36666666666666%
outputs: tensor([[1.1704e-06, 9.9984e-01, 8.3573e-06, 6.4758e-06, 5.0527e-05, 1.6343e-05,
