noise type: uniform
noise level: 0.4
when_to_apply_epoch: 10
total clean data num: 26960
probability transition matrix:
[[0.6        0.04444444 0.04444444 0.04444444 0.04444444 0.04444444
  0.04444444 0.04444444 0.04444444 0.04444444]
 [0.04444444 0.6        0.04444444 0.04444444 0.04444444 0.04444444
  0.04444444 0.04444444 0.04444444 0.04444444]
 [0.04444444 0.04444444 0.6        0.04444444 0.04444444 0.04444444
  0.04444444 0.04444444 0.04444444 0.04444444]
 [0.04444444 0.04444444 0.04444444 0.6        0.04444444 0.04444444
  0.04444444 0.04444444 0.04444444 0.04444444]
 [0.04444444 0.04444444 0.04444444 0.04444444 0.6        0.04444444
  0.04444444 0.04444444 0.04444444 0.04444444]
 [0.04444444 0.04444444 0.04444444 0.04444444 0.04444444 0.6
  0.04444444 0.04444444 0.04444444 0.04444444]
 [0.04444444 0.04444444 0.04444444 0.04444444 0.04444444 0.04444444
  0.6        0.04444444 0.04444444 0.04444444]
 [0.04444444 0.04444444 0.04444444 0.04444444 0.04444444 0.04444444
  0.04444444 0.6        0.04444444 0.04444444]
 [0.04444444 0.04444444 0.04444444 0.04444444 0.04444444 0.04444444
  0.04444444 0.04444444 0.6        0.04444444]
 [0.04444444 0.04444444 0.04444444 0.04444444 0.04444444 0.04444444
  0.04444444 0.04444444 0.04444444 0.6       ]]
>> val epoch: 0
>> current accuracy: 44.2%
outputs: tensor([[0.4571, 0.0433, 0.1162, 0.0426, 0.0487, 0.0545, 0.0330, 0.0453, 0.1309,
         0.0284],
        [0.0618, 0.0643, 0.1159, 0.0859, 0.1982, 0.1247, 0.0829, 0.1760, 0.0449,
         0.0453],
        [0.1427, 0.1375, 0.0499, 0.0501, 0.1029, 0.0724, 0.0520, 0.1622, 0.1059,
         0.1243],
        [0.1732, 0.0824, 0.1003, 0.0726, 0.0865, 0.0831, 0.0511, 0.1553, 0.1016,
         0.0939],
        [0.1638, 0.2286, 0.0699, 0.0654, 0.0464, 0.0566, 0.0776, 0.0517, 0.1436,
         0.0964],
        [0.1062, 0.1223, 0.1635, 0.0736, 0.0951, 0.1048, 0.0671, 0.0770, 0.0759,
         0.1145],
        [0.0228, 0.0372, 0.0408, 0.0586, 0.1755, 0.0851, 0.0481, 0.4767, 0.0305,
         0.0247],
        [0.0804, 0.0640, 0.1842, 0.0920, 0.2048, 0.1172, 0.0612, 0.1028, 0.0539,
         0.0395],
        [0.1507, 0.2372, 0.0644, 0.0492, 0.0599, 0.0627, 0.0602, 0.0437, 0.0929,
         0.1792],
        [0.1453, 0.1499, 0.1052, 0.0635, 0.0731, 0.0765, 0.0569, 0.0841, 0.1081,
         0.1374],
        [0.1019, 0.0563, 0.3068, 0.0647, 0.1713, 0.0630, 0.1193, 0.0382, 0.0386,
         0.0399],
        [0.1329, 0.2507, 0.0546, 0.0563, 0.0410, 0.0548, 0.0620, 0.0537, 0.0839,
         0.2102],
        [0.0569, 0.0676, 0.0875, 0.2227, 0.0487, 0.2993, 0.0566, 0.0698, 0.0540,
         0.0369],
        [0.0553, 0.0411, 0.1025, 0.1142, 0.1021, 0.0573, 0.3482, 0.0993, 0.0404,
         0.0395],
        [0.0697, 0.0465, 0.1202, 0.1621, 0.0698, 0.2179, 0.0714, 0.1173, 0.0585,
         0.0664],
        [0.1807, 0.1345, 0.0671, 0.0498, 0.0366, 0.0628, 0.0450, 0.0381, 0.2558,
         0.1297],
        [0.1839, 0.1039, 0.1101, 0.0480, 0.0661, 0.0599, 0.0624, 0.0437, 0.2535,
         0.0685],
        [0.0531, 0.0984, 0.0838, 0.0857, 0.0954, 0.1122, 0.1069, 0.1647, 0.0828,
         0.1169],
        [0.0940, 0.1018, 0.1167, 0.0668, 0.0995, 0.1187, 0.0557, 0.1268, 0.0845,
         0.1355],
        [0.0910, 0.0648, 0.1869, 0.1289, 0.1080, 0.1563, 0.0818, 0.0675, 0.0615,
         0.0534],
        [0.1700, 0.2268, 0.1000, 0.0662, 0.0922, 0.0728, 0.0490, 0.0698, 0.0822,
         0.0711],
        [0.0860, 0.1324, 0.0916, 0.0867, 0.0636, 0.1300, 0.0527, 0.0900, 0.1008,
         0.1662],
        [0.0603, 0.0671, 0.1187, 0.1408, 0.0816, 0.1413, 0.0817, 0.1385, 0.0681,
         0.1020],
        [0.0759, 0.0995, 0.1393, 0.1682, 0.0883, 0.1427, 0.0750, 0.0678, 0.0786,
         0.0646],
        [0.1044, 0.2566, 0.0515, 0.0470, 0.0558, 0.0535, 0.0575, 0.0642, 0.0686,
         0.2408],
        [0.0579, 0.0578, 0.0802, 0.1369, 0.1259, 0.1746, 0.0937, 0.1791, 0.0581,
         0.0358],
        [0.4486, 0.0409, 0.1020, 0.0372, 0.0490, 0.0476, 0.0276, 0.0569, 0.1497,
         0.0404],
        [0.0561, 0.0482, 0.1107, 0.1022, 0.1688, 0.1189, 0.1256, 0.1890, 0.0484,
         0.0321],
        [0.2124, 0.0544, 0.1292, 0.0738, 0.0515, 0.1020, 0.0555, 0.0497, 0.2029,
         0.0686],
        [0.0391, 0.0516, 0.0419, 0.0628, 0.1220, 0.0829, 0.0433, 0.4728, 0.0397,
         0.0440],
        [0.0920, 0.0759, 0.1132, 0.1672, 0.0529, 0.1790, 0.0577, 0.0746, 0.1243,
         0.0631],
        [0.4109, 0.0542, 0.1165, 0.0564, 0.0501, 0.0522, 0.0426, 0.0429, 0.1376,
         0.0364],
        [0.0650, 0.0513, 0.1409, 0.0346, 0.1488, 0.0323, 0.4162, 0.0404, 0.0333,
         0.0373],
        [0.1157, 0.1502, 0.0818, 0.0615, 0.0830, 0.0661, 0.1315, 0.1050, 0.0640,
         0.1412],
        [0.1256, 0.1523, 0.0983, 0.0541, 0.0867, 0.0611, 0.0703, 0.0727, 0.0915,
         0.1874],
        [0.1420, 0.3370, 0.0525, 0.0457, 0.0703, 0.0520, 0.0703, 0.0358, 0.1262,
         0.0682],
        [0.0861, 0.0635, 0.1763, 0.0921, 0.1549, 0.1429, 0.0733, 0.1152, 0.0501,
         0.0455],
        [0.1113, 0.1379, 0.0879, 0.0755, 0.0833, 0.0813, 0.0813, 0.1056, 0.0650,
         0.1710],
        [0.0432, 0.0536, 0.0651, 0.1886, 0.0420, 0.3946, 0.0490, 0.0760, 0.0523,
         0.0356],
        [0.0972, 0.1024, 0.1019, 0.0941, 0.0720, 0.0908, 0.1221, 0.1008, 0.0845,
         0.1341],
        [0.0274, 0.0555, 0.0414, 0.1146, 0.0739, 0.1990, 0.0365, 0.3606, 0.0451,
         0.0461],
        [0.0918, 0.0894, 0.2056, 0.1637, 0.1012, 0.1292, 0.0646, 0.0579, 0.0519,
         0.0445],
        [0.0966, 0.0749, 0.1822, 0.0818, 0.1695, 0.0863, 0.0929, 0.0832, 0.0712,
         0.0615],
        [0.1518, 0.1666, 0.0579, 0.0334, 0.0367, 0.0480, 0.0451, 0.0469, 0.1886,
         0.2250],
        [0.1038, 0.0914, 0.1336, 0.0734, 0.1288, 0.0538, 0.2442, 0.0684, 0.0498,
         0.0528],
        [0.0803, 0.0648, 0.2026, 0.0904, 0.2224, 0.1013, 0.0625, 0.0980, 0.0411,
         0.0365],
        [0.1098, 0.1196, 0.0644, 0.0663, 0.0855, 0.0664, 0.0785, 0.1557, 0.0671,
         0.1867],
        [0.0964, 0.0541, 0.1269, 0.0855, 0.1605, 0.1051, 0.0979, 0.1786, 0.0460,
         0.0489],
        [0.0899, 0.1208, 0.1177, 0.0790, 0.0934, 0.0696, 0.1778, 0.0620, 0.0965,
         0.0934],
        [0.2521, 0.0888, 0.0570, 0.0400, 0.0470, 0.0499, 0.0373, 0.0331, 0.3470,
         0.0479],
        [0.3730, 0.0528, 0.0905, 0.0479, 0.0484, 0.0525, 0.0399, 0.0380, 0.2283,
         0.0287],
        [0.1076, 0.1703, 0.0596, 0.0435, 0.1149, 0.0593, 0.0640, 0.2149, 0.0617,
         0.1042],
        [0.0961, 0.0962, 0.1302, 0.1126, 0.0474, 0.0907, 0.1031, 0.0659, 0.1173,
         0.1405],
        [0.2339, 0.1241, 0.0718, 0.0387, 0.0568, 0.0528, 0.0402, 0.0432, 0.1887,
         0.1497],
        [0.2791, 0.0846, 0.1301, 0.0567, 0.0633, 0.0645, 0.0522, 0.0522, 0.1562,
         0.0612],
        [0.0351, 0.0377, 0.0447, 0.0655, 0.1213, 0.0834, 0.0562, 0.4647, 0.0432,
         0.0481],
        [0.0986, 0.1524, 0.0659, 0.0636, 0.0509, 0.0559, 0.0589, 0.0802, 0.0828,
         0.2908],
        [0.1282, 0.1032, 0.1896, 0.0691, 0.1465, 0.0689, 0.0968, 0.0671, 0.0586,
         0.0719],
        [0.0789, 0.0594, 0.1482, 0.1065, 0.1725, 0.1222, 0.0851, 0.1314, 0.0513,
         0.0444],
        [0.0585, 0.5180, 0.0322, 0.0329, 0.0422, 0.0391, 0.0683, 0.0220, 0.1011,
         0.0856],
        [0.0817, 0.0654, 0.1088, 0.1752, 0.0649, 0.1982, 0.0753, 0.0933, 0.0758,
         0.0614],
        [0.1006, 0.0577, 0.1201, 0.1037, 0.0830, 0.0672, 0.2898, 0.0719, 0.0615,
         0.0445],
        [0.2313, 0.1296, 0.0950, 0.0731, 0.0489, 0.0759, 0.0592, 0.0481, 0.1851,
         0.0537],
        [0.2539, 0.1246, 0.0592, 0.0331, 0.0900, 0.0509, 0.0350, 0.1274, 0.1112,
         0.1148],
        [0.0555, 0.0734, 0.1065, 0.1325, 0.0888, 0.1698, 0.0600, 0.1639, 0.0697,
         0.0798],
        [0.0831, 0.1031, 0.0774, 0.0704, 0.0542, 0.0708, 0.0593, 0.0688, 0.0805,
         0.3325],
        [0.2709, 0.0998, 0.0851, 0.0341, 0.0544, 0.0496, 0.0465, 0.0324, 0.2349,
         0.0923],
        [0.1272, 0.0819, 0.2375, 0.0914, 0.1153, 0.1165, 0.0574, 0.0666, 0.0581,
         0.0482],
        [0.1516, 0.0767, 0.1056, 0.1361, 0.0443, 0.2236, 0.0552, 0.0658, 0.0827,
         0.0586],
        [0.0384, 0.0564, 0.0688, 0.1393, 0.1139, 0.2395, 0.0466, 0.2171, 0.0478,
         0.0322],
        [0.2568, 0.0703, 0.2027, 0.0442, 0.1361, 0.0633, 0.0490, 0.0623, 0.0589,
         0.0564],
        [0.0400, 0.0558, 0.0670, 0.0775, 0.1834, 0.0685, 0.2454, 0.1812, 0.0426,
         0.0387]], device='cuda:0', grad_fn=<SoftmaxBackward>)
>> best accuracy: 44.2	best epoch: 0

>> final recovery rate: 59.91111111111111%
