noise type: uniform
noise level: 0.4
when_to_apply_epoch: 25
total clean data num: 26966
probability transition matrix:
[[0.6        0.04444444 0.04444444 0.04444444 0.04444444 0.04444444
  0.04444444 0.04444444 0.04444444 0.04444444]
 [0.04444444 0.6        0.04444444 0.04444444 0.04444444 0.04444444
  0.04444444 0.04444444 0.04444444 0.04444444]
 [0.04444444 0.04444444 0.6        0.04444444 0.04444444 0.04444444
  0.04444444 0.04444444 0.04444444 0.04444444]
 [0.04444444 0.04444444 0.04444444 0.6        0.04444444 0.04444444
  0.04444444 0.04444444 0.04444444 0.04444444]
 [0.04444444 0.04444444 0.04444444 0.04444444 0.6        0.04444444
  0.04444444 0.04444444 0.04444444 0.04444444]
 [0.04444444 0.04444444 0.04444444 0.04444444 0.04444444 0.6
  0.04444444 0.04444444 0.04444444 0.04444444]
 [0.04444444 0.04444444 0.04444444 0.04444444 0.04444444 0.04444444
  0.6        0.04444444 0.04444444 0.04444444]
 [0.04444444 0.04444444 0.04444444 0.04444444 0.04444444 0.04444444
  0.04444444 0.6        0.04444444 0.04444444]
 [0.04444444 0.04444444 0.04444444 0.04444444 0.04444444 0.04444444
  0.04444444 0.04444444 0.6        0.04444444]
 [0.04444444 0.04444444 0.04444444 0.04444444 0.04444444 0.04444444
  0.04444444 0.04444444 0.04444444 0.6       ]]
>> val epoch: 0
>> current accuracy: 45.78%
outputs: tensor([[0.0712, 0.0291, 0.1216, 0.0644, 0.4364, 0.0431, 0.0960, 0.0682, 0.0512,
         0.0190],
        [0.0532, 0.0360, 0.1566, 0.2476, 0.1144, 0.2303, 0.0395, 0.0641, 0.0401,
         0.0183],
        [0.0467, 0.2016, 0.0361, 0.0391, 0.0294, 0.0349, 0.0340, 0.0276, 0.4163,
         0.1341],
        [0.2134, 0.0579, 0.0552, 0.0443, 0.0403, 0.0552, 0.0347, 0.0483, 0.3966,
         0.0541],
        [0.0459, 0.0425, 0.1098, 0.3105, 0.0567, 0.2022, 0.1058, 0.0533, 0.0403,
         0.0330],
        [0.0692, 0.1099, 0.0612, 0.0616, 0.0552, 0.0547, 0.0446, 0.0406, 0.3542,
         0.1487],
        [0.0836, 0.1548, 0.0608, 0.1239, 0.0775, 0.0794, 0.0912, 0.0616, 0.0387,
         0.2287],
        [0.0889, 0.0533, 0.0521, 0.0958, 0.1265, 0.1157, 0.0581, 0.2997, 0.0622,
         0.0477],
        [0.4533, 0.0540, 0.0551, 0.0394, 0.0508, 0.0384, 0.0368, 0.0313, 0.1935,
         0.0473],
        [0.0553, 0.1081, 0.0209, 0.0409, 0.0361, 0.0241, 0.0585, 0.0458, 0.0660,
         0.5442],
        [0.1114, 0.0510, 0.0812, 0.1510, 0.0996, 0.0805, 0.1220, 0.1637, 0.0537,
         0.0860],
        [0.0779, 0.0678, 0.1007, 0.1043, 0.1524, 0.1755, 0.0387, 0.1982, 0.0432,
         0.0412],
        [0.0470, 0.0330, 0.1200, 0.3165, 0.0548, 0.2785, 0.0423, 0.0429, 0.0457,
         0.0194],
        [0.0681, 0.0370, 0.0812, 0.1115, 0.2120, 0.1234, 0.1131, 0.1807, 0.0416,
         0.0313],
        [0.0585, 0.0415, 0.0612, 0.0505, 0.2304, 0.0631, 0.0462, 0.3712, 0.0442,
         0.0332],
        [0.4862, 0.0254, 0.0440, 0.0336, 0.0352, 0.0379, 0.0327, 0.0316, 0.2504,
         0.0230],
        [0.0782, 0.0553, 0.1420, 0.1755, 0.0654, 0.1531, 0.0596, 0.0618, 0.1522,
         0.0570],
        [0.0864, 0.0427, 0.1157, 0.2655, 0.0806, 0.2022, 0.0720, 0.0648, 0.0450,
         0.0251],
        [0.0543, 0.0327, 0.0321, 0.0257, 0.2260, 0.0381, 0.0303, 0.5032, 0.0294,
         0.0283],
        [0.0777, 0.1558, 0.0601, 0.0718, 0.0686, 0.0624, 0.0606, 0.0408, 0.1855,
         0.2167],
        [0.0589, 0.0412, 0.1169, 0.2590, 0.1145, 0.1281, 0.1304, 0.0599, 0.0566,
         0.0345],
        [0.0927, 0.0427, 0.1894, 0.0459, 0.3383, 0.0336, 0.1019, 0.0944, 0.0359,
         0.0252],
        [0.1473, 0.0405, 0.2854, 0.0820, 0.1390, 0.0772, 0.0429, 0.0887, 0.0745,
         0.0224],
        [0.1394, 0.0410, 0.1184, 0.0863, 0.2651, 0.0595, 0.0980, 0.0874, 0.0651,
         0.0399],
        [0.0643, 0.0430, 0.0740, 0.1149, 0.2120, 0.1312, 0.0469, 0.2377, 0.0479,
         0.0281],
        [0.0456, 0.0713, 0.0890, 0.2748, 0.0639, 0.1431, 0.1741, 0.0427, 0.0368,
         0.0587],
        [0.2842, 0.0562, 0.1471, 0.0444, 0.1906, 0.0323, 0.0632, 0.0958, 0.0603,
         0.0259],
        [0.0821, 0.0575, 0.1211, 0.2302, 0.0840, 0.1710, 0.0705, 0.0749, 0.0556,
         0.0532],
        [0.0580, 0.3144, 0.0600, 0.0740, 0.0643, 0.0528, 0.0865, 0.0262, 0.0628,
         0.2009],
        [0.0660, 0.0386, 0.1036, 0.1236, 0.1588, 0.1721, 0.0448, 0.2082, 0.0521,
         0.0323],
        [0.0783, 0.0496, 0.0885, 0.1000, 0.2283, 0.0778, 0.1561, 0.1242, 0.0385,
         0.0587],
        [0.0605, 0.0508, 0.0986, 0.2210, 0.1147, 0.1156, 0.2116, 0.0495, 0.0433,
         0.0342],
        [0.0598, 0.0357, 0.1490, 0.2222, 0.1802, 0.1115, 0.1325, 0.0470, 0.0446,
         0.0174],
        [0.0873, 0.0323, 0.0238, 0.0349, 0.0228, 0.0419, 0.0235, 0.0284, 0.6666,
         0.0385],
        [0.0532, 0.0302, 0.2289, 0.0508, 0.4001, 0.0346, 0.0985, 0.0522, 0.0308,
         0.0205],
        [0.0585, 0.0417, 0.0957, 0.1220, 0.2174, 0.1632, 0.0730, 0.1554, 0.0428,
         0.0303],
        [0.1449, 0.0426, 0.1897, 0.1753, 0.1350, 0.1404, 0.0433, 0.0658, 0.0481,
         0.0149],
        [0.0442, 0.0506, 0.0760, 0.2996, 0.0602, 0.2220, 0.0920, 0.0588, 0.0506,
         0.0460],
        [0.1010, 0.0487, 0.0795, 0.1055, 0.1298, 0.0606, 0.2279, 0.0564, 0.1181,
         0.0725],
        [0.0426, 0.0442, 0.0781, 0.3109, 0.0771, 0.1791, 0.1290, 0.0615, 0.0385,
         0.0389],
        [0.0960, 0.0745, 0.0939, 0.0990, 0.1612, 0.1023, 0.0631, 0.2134, 0.0481,
         0.0484],
        [0.2847, 0.0943, 0.0640, 0.0471, 0.0737, 0.0467, 0.0458, 0.0582, 0.1850,
         0.1005],
        [0.0503, 0.4406, 0.0811, 0.0639, 0.0494, 0.0561, 0.0440, 0.0338, 0.0727,
         0.1082],
        [0.1153, 0.2736, 0.0995, 0.0714, 0.0709, 0.0571, 0.0478, 0.0607, 0.1209,
         0.0827],
        [0.2353, 0.0379, 0.1453, 0.1400, 0.0915, 0.1145, 0.0608, 0.0725, 0.0703,
         0.0319],
        [0.0468, 0.0369, 0.0670, 0.1418, 0.1682, 0.0708, 0.3402, 0.0545, 0.0369,
         0.0370],
        [0.1077, 0.1207, 0.1355, 0.1601, 0.0483, 0.1059, 0.0640, 0.0690, 0.0791,
         0.1097],
        [0.1325, 0.2442, 0.0764, 0.0582, 0.0756, 0.0489, 0.0517, 0.0462, 0.0907,
         0.1755],
        [0.0500, 0.1950, 0.0896, 0.1517, 0.0660, 0.1234, 0.0626, 0.0464, 0.0629,
         0.1525],
        [0.0528, 0.0410, 0.1090, 0.2687, 0.0673, 0.1642, 0.0907, 0.0876, 0.0501,
         0.0686],
        [0.2019, 0.0945, 0.0423, 0.0455, 0.0472, 0.0505, 0.0341, 0.0617, 0.3137,
         0.1087],
        [0.0768, 0.3998, 0.0420, 0.0483, 0.0485, 0.0379, 0.0455, 0.0390, 0.0650,
         0.1970],
        [0.1100, 0.0607, 0.1091, 0.1215, 0.1213, 0.0834, 0.1768, 0.0671, 0.1033,
         0.0468],
        [0.0705, 0.0343, 0.2336, 0.1545, 0.2050, 0.0856, 0.0878, 0.0509, 0.0598,
         0.0180],
        [0.0826, 0.0600, 0.1431, 0.2290, 0.1083, 0.0938, 0.1403, 0.0465, 0.0540,
         0.0425],
        [0.1630, 0.0734, 0.0349, 0.0447, 0.0607, 0.0268, 0.0805, 0.0861, 0.1007,
         0.3293],
        [0.1034, 0.0868, 0.0668, 0.0951, 0.0773, 0.0714, 0.0608, 0.1360, 0.0649,
         0.2376],
        [0.1574, 0.0627, 0.0725, 0.0899, 0.1079, 0.0624, 0.0591, 0.1935, 0.0501,
         0.1445],
        [0.2241, 0.0297, 0.0809, 0.0554, 0.0707, 0.0585, 0.0391, 0.0491, 0.3581,
         0.0345],
        [0.5377, 0.0288, 0.0575, 0.0385, 0.0471, 0.0362, 0.0357, 0.0328, 0.1629,
         0.0227],
        [0.4832, 0.0324, 0.0837, 0.0330, 0.0782, 0.0285, 0.0399, 0.0554, 0.1369,
         0.0287],
        [0.0816, 0.0459, 0.0889, 0.2328, 0.0639, 0.2075, 0.0723, 0.0860, 0.0442,
         0.0767],
        [0.0923, 0.2850, 0.0547, 0.0627, 0.0663, 0.0475, 0.0681, 0.0491, 0.0761,
         0.1982],
        [0.0607, 0.3268, 0.0375, 0.0620, 0.0532, 0.0449, 0.0693, 0.0240, 0.0489,
         0.2726],
        [0.2429, 0.0974, 0.0985, 0.0684, 0.0702, 0.0655, 0.0511, 0.0550, 0.1762,
         0.0748],
        [0.1083, 0.2223, 0.1205, 0.0919, 0.0690, 0.0941, 0.0613, 0.0573, 0.0759,
         0.0994],
        [0.0667, 0.0380, 0.1143, 0.2134, 0.1522, 0.1213, 0.0974, 0.0973, 0.0480,
         0.0515],
        [0.1331, 0.0614, 0.0378, 0.0633, 0.0833, 0.0580, 0.0430, 0.3591, 0.0530,
         0.1080],
        [0.0889, 0.0419, 0.1266, 0.1418, 0.2201, 0.0918, 0.1034, 0.0791, 0.0787,
         0.0278],
        [0.2059, 0.0611, 0.1182, 0.1195, 0.1042, 0.1064, 0.0397, 0.1325, 0.0589,
         0.0537],
        [0.2964, 0.0675, 0.0819, 0.0486, 0.1445, 0.0456, 0.0390, 0.1192, 0.0867,
         0.0707],
        [0.1557, 0.1032, 0.0503, 0.0541, 0.0808, 0.0467, 0.0497, 0.0961, 0.0921,
         0.2712]], device='cuda:0', grad_fn=<SoftmaxBackward>)
>> best accuracy: 45.78	best epoch: 0

>> final recovery rate: 59.92444444444445%
