noise type: uniform
noise level: 0.8
when_to_apply_epoch: 15
total clean data num: 10717
probability transition matrix:
[[0.2        0.08888889 0.08888889 0.08888889 0.08888889 0.08888889
  0.08888889 0.08888889 0.08888889 0.08888889]
 [0.08888889 0.2        0.08888889 0.08888889 0.08888889 0.08888889
  0.08888889 0.08888889 0.08888889 0.08888889]
 [0.08888889 0.08888889 0.2        0.08888889 0.08888889 0.08888889
  0.08888889 0.08888889 0.08888889 0.08888889]
 [0.08888889 0.08888889 0.08888889 0.2        0.08888889 0.08888889
  0.08888889 0.08888889 0.08888889 0.08888889]
 [0.08888889 0.08888889 0.08888889 0.08888889 0.2        0.08888889
  0.08888889 0.08888889 0.08888889 0.08888889]
 [0.08888889 0.08888889 0.08888889 0.08888889 0.08888889 0.2
  0.08888889 0.08888889 0.08888889 0.08888889]
 [0.08888889 0.08888889 0.08888889 0.08888889 0.08888889 0.08888889
  0.2        0.08888889 0.08888889 0.08888889]
 [0.08888889 0.08888889 0.08888889 0.08888889 0.08888889 0.08888889
  0.08888889 0.2        0.08888889 0.08888889]
 [0.08888889 0.08888889 0.08888889 0.08888889 0.08888889 0.08888889
  0.08888889 0.08888889 0.2        0.08888889]
 [0.08888889 0.08888889 0.08888889 0.08888889 0.08888889 0.08888889
  0.08888889 0.08888889 0.08888889 0.2       ]]
>> val epoch: 0
>> current accuracy: 46.1%
outputs: tensor([[0.1006, 0.0802, 0.1201, 0.1298, 0.1044, 0.1249, 0.0963, 0.0797, 0.0865,
         0.0775],
        [0.0974, 0.1238, 0.0778, 0.0832, 0.0959, 0.1206, 0.1460, 0.0797, 0.0973,
         0.0782],
        [0.1014, 0.1029, 0.0974, 0.0947, 0.0988, 0.1177, 0.1200, 0.0819, 0.0997,
         0.0855],
        [0.1014, 0.1076, 0.0824, 0.0884, 0.1004, 0.1198, 0.1380, 0.0785, 0.0982,
         0.0853],
        [0.1037, 0.1045, 0.0854, 0.0895, 0.0996, 0.1189, 0.1358, 0.0786, 0.0986,
         0.0854],
        [0.1028, 0.1026, 0.0749, 0.0844, 0.1069, 0.1210, 0.1539, 0.0740, 0.0949,
         0.0847],
        [0.1011, 0.1114, 0.1037, 0.0900, 0.0946, 0.1113, 0.1145, 0.0884, 0.1031,
         0.0819],
        [0.1270, 0.0884, 0.1085, 0.0929, 0.0983, 0.1058, 0.1206, 0.0803, 0.0952,
         0.0830],
        [0.1062, 0.0810, 0.0982, 0.1014, 0.0780, 0.0927, 0.1059, 0.1779, 0.0808,
         0.0779],
        [0.1047, 0.1002, 0.0870, 0.0919, 0.1068, 0.1179, 0.1373, 0.0783, 0.0914,
         0.0844],
        [0.1159, 0.0916, 0.1017, 0.0940, 0.1007, 0.1113, 0.1228, 0.0791, 0.0976,
         0.0852],
        [0.1066, 0.0960, 0.0907, 0.0877, 0.1250, 0.1182, 0.1193, 0.0739, 0.0965,
         0.0860],
        [0.1046, 0.1007, 0.0812, 0.0890, 0.1026, 0.1200, 0.1414, 0.0763, 0.0971,
         0.0871],
        [0.1156, 0.0863, 0.1093, 0.1028, 0.1007, 0.1118, 0.1131, 0.0808, 0.0946,
         0.0850],
        [0.1146, 0.0933, 0.0768, 0.0875, 0.1220, 0.1149, 0.1475, 0.0713, 0.0889,
         0.0832],
        [0.1013, 0.0831, 0.1077, 0.1245, 0.1058, 0.1254, 0.1027, 0.0798, 0.0850,
         0.0846],
        [0.1060, 0.0828, 0.1253, 0.1205, 0.1005, 0.1140, 0.0966, 0.0857, 0.0883,
         0.0803],
        [0.0994, 0.1213, 0.0983, 0.0884, 0.0922, 0.1122, 0.1182, 0.0908, 0.1004,
         0.0788],
        [0.0984, 0.0864, 0.1199, 0.1143, 0.1023, 0.1167, 0.0988, 0.0827, 0.0968,
         0.0837],
        [0.1033, 0.0842, 0.1102, 0.1062, 0.1153, 0.1290, 0.1018, 0.0732, 0.0915,
         0.0852],
        [0.1003, 0.0904, 0.0957, 0.1042, 0.1096, 0.1233, 0.1136, 0.0785, 0.0929,
         0.0916],
        [0.1033, 0.1021, 0.0934, 0.0959, 0.1120, 0.1167, 0.1170, 0.0807, 0.0942,
         0.0847],
        [0.0964, 0.0808, 0.1193, 0.1298, 0.1048, 0.1257, 0.0956, 0.0795, 0.0896,
         0.0784],
        [0.1111, 0.0821, 0.1060, 0.1092, 0.1086, 0.1170, 0.1001, 0.0774, 0.0927,
         0.0959],
        [0.0982, 0.1156, 0.0938, 0.0888, 0.0949, 0.1150, 0.1239, 0.0851, 0.1024,
         0.0823],
        [0.0973, 0.0830, 0.1179, 0.1282, 0.1012, 0.1200, 0.0971, 0.0856, 0.0883,
         0.0815],
        [0.1406, 0.0843, 0.1033, 0.0889, 0.0990, 0.1024, 0.1223, 0.0756, 0.0993,
         0.0843],
        [0.0914, 0.0828, 0.1102, 0.1362, 0.1042, 0.1255, 0.0948, 0.0848, 0.0872,
         0.0829],
        [0.1220, 0.0926, 0.1007, 0.0914, 0.0979, 0.1084, 0.1258, 0.0802, 0.0959,
         0.0849],
        [0.0994, 0.0884, 0.1009, 0.0979, 0.1105, 0.1203, 0.1082, 0.0781, 0.1010,
         0.0952],
        [0.0950, 0.0984, 0.1000, 0.0983, 0.1079, 0.1199, 0.1100, 0.0835, 0.0973,
         0.0897],
        [0.0944, 0.0849, 0.1114, 0.1225, 0.1076, 0.1227, 0.0955, 0.0824, 0.0922,
         0.0865],
        [0.1053, 0.0902, 0.1016, 0.1045, 0.1025, 0.1153, 0.1148, 0.0837, 0.0933,
         0.0887],
        [0.0905, 0.1610, 0.0775, 0.0767, 0.0878, 0.1190, 0.1398, 0.0836, 0.0965,
         0.0677],
        [0.0980, 0.0839, 0.1165, 0.1164, 0.1079, 0.1197, 0.0945, 0.0812, 0.0944,
         0.0876],
        [0.0972, 0.0845, 0.1156, 0.1176, 0.1065, 0.1222, 0.0958, 0.0812, 0.0938,
         0.0857],
        [0.0990, 0.0829, 0.1169, 0.1131, 0.1007, 0.1130, 0.0956, 0.0909, 0.0957,
         0.0923],
        [0.1220, 0.0942, 0.0979, 0.0888, 0.0988, 0.1085, 0.1309, 0.0795, 0.0955,
         0.0839],
        [0.0998, 0.0979, 0.0828, 0.0903, 0.1051, 0.1200, 0.1384, 0.0789, 0.0978,
         0.0891],
        [0.1299, 0.0880, 0.0998, 0.0904, 0.0993, 0.1062, 0.1279, 0.0777, 0.0963,
         0.0846],
        [0.1022, 0.0904, 0.1044, 0.1022, 0.1100, 0.1142, 0.1047, 0.0828, 0.0979,
         0.0913],
        [0.0995, 0.1109, 0.0886, 0.0880, 0.0965, 0.1167, 0.1303, 0.0827, 0.1026,
         0.0840],
        [0.0995, 0.0930, 0.1068, 0.0972, 0.1016, 0.1154, 0.1093, 0.0820, 0.1050,
         0.0902],
        [0.0999, 0.1037, 0.1086, 0.0938, 0.0971, 0.1103, 0.1096, 0.0872, 0.1035,
         0.0862],
        [0.1167, 0.0969, 0.0900, 0.0880, 0.0988, 0.1111, 0.1394, 0.0789, 0.0956,
         0.0845],
        [0.1280, 0.0915, 0.0818, 0.0852, 0.1013, 0.1086, 0.1543, 0.0739, 0.0933,
         0.0820],
        [0.0950, 0.1413, 0.0839, 0.0815, 0.0910, 0.1167, 0.1338, 0.0844, 0.0998,
         0.0726],
        [0.1043, 0.0988, 0.0997, 0.0883, 0.0993, 0.1118, 0.1209, 0.0811, 0.1084,
         0.0872]], device='cuda:0', grad_fn=<SoftmaxBackward>)
>> best accuracy: 46.1	best epoch: 0

>> final recovery rate: 19.846296296296295%
>> val epoch: 5
>> current accuracy: 75.86666666666667%
outputs: tensor([[0.0673, 0.0830, 0.0870, 0.0706, 0.0681, 0.2070, 0.0539, 0.0856, 0.0676,
         0.2098],
        [0.0665, 0.0816, 0.0943, 0.0720, 0.0602, 0.3015, 0.0610, 0.0702, 0.0718,
         0.1207],
        [0.0924, 0.1469, 0.0906, 0.0944, 0.0817, 0.0965, 0.0943, 0.1025, 0.0970,
         0.1037],
        [0.0949, 0.0922, 0.0827, 0.0989, 0.1604, 0.1059, 0.0758, 0.0790, 0.0791,
         0.1312],
        [0.0897, 0.0946, 0.1532, 0.1110, 0.0822, 0.1035, 0.0846, 0.0955, 0.0918,
         0.0938],
        [0.0730, 0.0898, 0.0959, 0.0786, 0.0717, 0.1823, 0.1150, 0.0860, 0.0878,
         0.1200],
        [0.0939, 0.0935, 0.0854, 0.0959, 0.1665, 0.1116, 0.0818, 0.0767, 0.0809,
         0.1139],
        [0.0931, 0.0941, 0.0928, 0.0947, 0.0846, 0.1005, 0.1487, 0.0945, 0.0921,
         0.1048],
        [0.0916, 0.1562, 0.0957, 0.0921, 0.0811, 0.0962, 0.0885, 0.1013, 0.0948,
         0.1025],
        [0.1728, 0.0833, 0.0928, 0.0946, 0.0889, 0.0790, 0.1042, 0.0878, 0.0949,
         0.1017],
        [0.1535, 0.0872, 0.0904, 0.0927, 0.0866, 0.0927, 0.1103, 0.0882, 0.0927,
         0.1056],
        [0.0910, 0.1576, 0.0910, 0.0924, 0.0802, 0.0967, 0.0892, 0.1029, 0.0956,
         0.1034],
        [0.0897, 0.0868, 0.1001, 0.1496, 0.0816, 0.1100, 0.0971, 0.1111, 0.0918,
         0.0821],
        [0.0699, 0.0797, 0.0943, 0.0719, 0.0639, 0.1849, 0.0617, 0.0852, 0.1088,
         0.1797],
        [0.0783, 0.0870, 0.0810, 0.0939, 0.0750, 0.1129, 0.0780, 0.1347, 0.0771,
         0.1821],
        [0.0868, 0.0924, 0.0932, 0.0969, 0.0851, 0.1023, 0.1538, 0.0983, 0.0889,
         0.1022],
        [0.0924, 0.1513, 0.0984, 0.0926, 0.0818, 0.0956, 0.0896, 0.1009, 0.0950,
         0.1025],
        [0.0764, 0.0810, 0.0931, 0.0747, 0.0664, 0.1380, 0.0884, 0.0769, 0.1695,
         0.1355],
        [0.1766, 0.0789, 0.0918, 0.0952, 0.0910, 0.0771, 0.1036, 0.0905, 0.0921,
         0.1031],
        [0.0900, 0.0929, 0.0987, 0.1618, 0.0805, 0.1106, 0.0887, 0.0916, 0.0941,
         0.0912],
        [0.0707, 0.0801, 0.0940, 0.0696, 0.0665, 0.1935, 0.0639, 0.0860, 0.1083,
         0.1673],
        [0.0899, 0.1343, 0.1254, 0.0932, 0.0828, 0.0928, 0.0847, 0.1014, 0.0886,
         0.1068],
        [0.0911, 0.1617, 0.0886, 0.0921, 0.0795, 0.0959, 0.0897, 0.1026, 0.0957,
         0.1032],
        [0.0626, 0.0772, 0.0950, 0.0631, 0.0589, 0.3500, 0.0612, 0.0784, 0.0586,
         0.0950],
        [0.0811, 0.0951, 0.0932, 0.0898, 0.0751, 0.1611, 0.1134, 0.0913, 0.0851,
         0.1147],
        [0.0915, 0.1075, 0.0900, 0.0934, 0.0865, 0.0918, 0.1488, 0.0972, 0.0936,
         0.0996],
        [0.0900, 0.0944, 0.2130, 0.0875, 0.0828, 0.0944, 0.0796, 0.0813, 0.0854,
         0.0915],
        [0.1084, 0.0949, 0.0926, 0.0979, 0.1291, 0.1096, 0.0798, 0.0840, 0.0872,
         0.1166],
        [0.0860, 0.0823, 0.0885, 0.0930, 0.0856, 0.0759, 0.1113, 0.2071, 0.0836,
         0.0866],
        [0.0790, 0.0869, 0.0804, 0.0892, 0.0735, 0.1152, 0.0669, 0.0989, 0.0835,
         0.2265],
        [0.0876, 0.0906, 0.1038, 0.1400, 0.0834, 0.1082, 0.0988, 0.1093, 0.0948,
         0.0834],
        [0.0869, 0.0905, 0.0868, 0.0993, 0.1085, 0.1030, 0.0735, 0.0872, 0.0832,
         0.1810],
        [0.0872, 0.1981, 0.0818, 0.0862, 0.0741, 0.0926, 0.0849, 0.1022, 0.0911,
         0.1018],
        [0.0776, 0.0834, 0.0946, 0.0716, 0.0627, 0.2800, 0.0584, 0.0727, 0.0713,
         0.1277],
        [0.0792, 0.0932, 0.1014, 0.0940, 0.0723, 0.2097, 0.0717, 0.0819, 0.0837,
         0.1129],
        [0.0715, 0.0892, 0.0996, 0.0831, 0.0651, 0.2620, 0.0668, 0.0782, 0.0719,
         0.1127],
        [0.0907, 0.1029, 0.0880, 0.0968, 0.1359, 0.1051, 0.0941, 0.0867, 0.0844,
         0.1153],
        [0.0642, 0.0825, 0.0933, 0.0640, 0.0601, 0.3394, 0.0538, 0.0666, 0.0614,
         0.1147],
        [0.0938, 0.0919, 0.1730, 0.0965, 0.0832, 0.0895, 0.0851, 0.0902, 0.1033,
         0.0935],
        [0.0832, 0.0958, 0.0849, 0.0881, 0.0796, 0.1206, 0.1548, 0.0918, 0.0895,
         0.1116],
        [0.0872, 0.0900, 0.1054, 0.0924, 0.0754, 0.1387, 0.0828, 0.0823, 0.1336,
         0.1123],
        [0.0894, 0.0967, 0.0981, 0.1397, 0.0841, 0.1018, 0.0888, 0.0981, 0.0949,
         0.1084],
        [0.0875, 0.1049, 0.0956, 0.0910, 0.0796, 0.0859, 0.1146, 0.0915, 0.1419,
         0.1073],
        [0.0811, 0.0840, 0.0873, 0.0923, 0.0745, 0.0903, 0.0726, 0.0937, 0.1258,
         0.1983],
        [0.0935, 0.1011, 0.0937, 0.0945, 0.0816, 0.0829, 0.1139, 0.0903, 0.1428,
         0.1058],
        [0.0939, 0.1636, 0.0895, 0.0928, 0.0787, 0.0911, 0.0924, 0.0987, 0.0972,
         0.1021],
        [0.0961, 0.0940, 0.0832, 0.0967, 0.1649, 0.0916, 0.0849, 0.0821, 0.0855,
         0.1211],
        [0.0754, 0.0801, 0.0793, 0.0814, 0.0648, 0.1646, 0.0555, 0.0977, 0.0693,
         0.2320]], device='cuda:0', grad_fn=<SoftmaxBackward>)
>> best accuracy: 75.86666666666667	best epoch: 5

>> final recovery rate: 19.846296296296295%
>> val epoch: 10
>> current accuracy: 89.5%
outputs: tensor([[0.0889, 0.1831, 0.0798, 0.0771, 0.0877, 0.0957, 0.1079, 0.0924, 0.1034,
         0.0839],
        [0.0933, 0.1738, 0.0851, 0.0821, 0.0885, 0.0956, 0.1033, 0.0921, 0.1024,
         0.0837],
        [0.0944, 0.1493, 0.0814, 0.0749, 0.0883, 0.0900, 0.1209, 0.0880, 0.1258,
         0.0871],
        [0.0879, 0.1859, 0.0808, 0.0785, 0.0879, 0.0974, 0.1047, 0.0942, 0.1002,
         0.0825],
        [0.0977, 0.0981, 0.0846, 0.0829, 0.0940, 0.1007, 0.0862, 0.1634, 0.0924,
         0.1000],
        [0.0899, 0.1728, 0.0810, 0.0761, 0.0875, 0.0945, 0.1090, 0.0920, 0.1094,
         0.0878],
        [0.0934, 0.1732, 0.0838, 0.0809, 0.0887, 0.0955, 0.1064, 0.0919, 0.1028,
         0.0833],
        [0.0839, 0.0898, 0.2150, 0.0845, 0.1000, 0.0929, 0.0827, 0.0912, 0.0808,
         0.0792],
        [0.0934, 0.1685, 0.0841, 0.0818, 0.0908, 0.0960, 0.1063, 0.0925, 0.1026,
         0.0838],
        [0.0962, 0.1260, 0.0984, 0.0845, 0.1204, 0.1001, 0.0574, 0.0794, 0.0942,
         0.1435],
        [0.0816, 0.0757, 0.1024, 0.0817, 0.0780, 0.1031, 0.1033, 0.0908, 0.0862,
         0.1973],
        [0.0929, 0.0922, 0.1445, 0.1006, 0.1225, 0.0860, 0.0866, 0.0910, 0.1019,
         0.0817],
        [0.0817, 0.0872, 0.2190, 0.0834, 0.0934, 0.0918, 0.0957, 0.0905, 0.0782,
         0.0793],
        [0.0810, 0.0952, 0.0957, 0.0913, 0.0968, 0.1079, 0.1717, 0.0933, 0.0772,
         0.0899],
        [0.0765, 0.0799, 0.1075, 0.0713, 0.0783, 0.0968, 0.1144, 0.0945, 0.1447,
         0.1360],
        [0.0841, 0.0944, 0.0847, 0.0953, 0.0944, 0.1028, 0.0887, 0.1495, 0.0924,
         0.1137],
        [0.1651, 0.1087, 0.0839, 0.0853, 0.0996, 0.0916, 0.1049, 0.0890, 0.0874,
         0.0845],
        [0.1106, 0.0994, 0.0937, 0.1535, 0.1022, 0.0939, 0.0868, 0.0875, 0.0846,
         0.0876],
        [0.1010, 0.0979, 0.0836, 0.0852, 0.1921, 0.0925, 0.0935, 0.0807, 0.0884,
         0.0851],
        [0.0925, 0.0991, 0.0881, 0.1015, 0.0960, 0.0913, 0.1586, 0.0947, 0.0833,
         0.0949],
        [0.0811, 0.0897, 0.1781, 0.0885, 0.0973, 0.0819, 0.1142, 0.1072, 0.0816,
         0.0804],
        [0.0870, 0.1108, 0.0908, 0.0794, 0.0863, 0.1048, 0.1067, 0.0904, 0.1441,
         0.0997],
        [0.0950, 0.0982, 0.0807, 0.0855, 0.1889, 0.0925, 0.0939, 0.0846, 0.0881,
         0.0926],
        [0.0863, 0.0855, 0.1323, 0.0897, 0.1000, 0.0848, 0.0929, 0.1404, 0.0884,
         0.0998],
        [0.0862, 0.0997, 0.1000, 0.0868, 0.0877, 0.1536, 0.1058, 0.0841, 0.0989,
         0.0971],
        [0.0894, 0.1110, 0.1023, 0.1062, 0.1098, 0.0926, 0.0808, 0.1153, 0.0911,
         0.1015],
        [0.0880, 0.0940, 0.1036, 0.0788, 0.0917, 0.1459, 0.1061, 0.0801, 0.1095,
         0.1022],
        [0.0827, 0.1463, 0.1547, 0.0836, 0.0912, 0.0879, 0.0879, 0.0983, 0.0899,
         0.0776],
        [0.1018, 0.1055, 0.0816, 0.0844, 0.1821, 0.0929, 0.0956, 0.0823, 0.0895,
         0.0844],
        [0.0916, 0.0924, 0.0944, 0.0834, 0.1020, 0.1403, 0.1229, 0.0880, 0.0898,
         0.0952],
        [0.0901, 0.1015, 0.0996, 0.0888, 0.1622, 0.0919, 0.0891, 0.0857, 0.1001,
         0.0910],
        [0.0802, 0.0980, 0.0890, 0.0745, 0.0872, 0.0901, 0.0667, 0.0978, 0.1062,
         0.2101],
        [0.1090, 0.1129, 0.0828, 0.0882, 0.1613, 0.0923, 0.0961, 0.0829, 0.0885,
         0.0860],
        [0.1711, 0.0961, 0.1109, 0.0894, 0.0952, 0.0944, 0.0772, 0.1067, 0.0779,
         0.0811],
        [0.0819, 0.0894, 0.0999, 0.0775, 0.0848, 0.1726, 0.1178, 0.0846, 0.0912,
         0.1003],
        [0.0854, 0.0868, 0.0882, 0.0706, 0.0832, 0.0787, 0.1001, 0.0850, 0.2251,
         0.0969],
        [0.0926, 0.0904, 0.0932, 0.0829, 0.0905, 0.0996, 0.0837, 0.1310, 0.1034,
         0.1327],
        [0.0863, 0.1059, 0.0845, 0.0853, 0.0996, 0.0889, 0.1875, 0.0933, 0.0816,
         0.0869],
        [0.0960, 0.1025, 0.0883, 0.0772, 0.0892, 0.0839, 0.1112, 0.0876, 0.1577,
         0.1064],
        [0.0889, 0.1039, 0.0879, 0.0808, 0.0964, 0.0894, 0.1883, 0.0912, 0.0844,
         0.0889],
        [0.0832, 0.1051, 0.0854, 0.1003, 0.1002, 0.0933, 0.1693, 0.0920, 0.0818,
         0.0894],
        [0.1101, 0.0979, 0.0841, 0.0853, 0.2074, 0.0885, 0.0833, 0.0770, 0.0846,
         0.0819],
        [0.0891, 0.1945, 0.0931, 0.0701, 0.0852, 0.0904, 0.0994, 0.0918, 0.1029,
         0.0836],
        [0.0860, 0.1124, 0.0816, 0.1030, 0.0947, 0.0931, 0.0857, 0.1624, 0.0901,
         0.0910],
        [0.0819, 0.0851, 0.0943, 0.0846, 0.0819, 0.2068, 0.0942, 0.0806, 0.0882,
         0.1025],
        [0.0937, 0.0947, 0.0884, 0.1857, 0.0912, 0.0912, 0.0940, 0.0860, 0.0868,
         0.0884],
        [0.1455, 0.1111, 0.0835, 0.0826, 0.0991, 0.0880, 0.1180, 0.0859, 0.0996,
         0.0868],
        [0.0960, 0.1122, 0.0822, 0.0781, 0.0987, 0.0894, 0.1734, 0.0874, 0.0948,
         0.0878]], device='cuda:0', grad_fn=<SoftmaxBackward>)
>> best accuracy: 89.5	best epoch: 10

>> final recovery rate: 19.846296296296295%
>> val epoch: 15
>> current accuracy: 88.13333333333333%
outputs: tensor([[0.0770, 0.0861, 0.1036, 0.0943, 0.0950, 0.1375, 0.1229, 0.0950, 0.0993,
         0.0894],
        [0.0657, 0.0702, 0.0869, 0.0783, 0.0843, 0.1029, 0.1243, 0.2056, 0.0924,
         0.0894],
        [0.0745, 0.1005, 0.0801, 0.0851, 0.2285, 0.0782, 0.0901, 0.0857, 0.0919,
         0.0855],
        [0.0725, 0.0808, 0.1088, 0.0888, 0.0841, 0.0700, 0.2432, 0.0988, 0.0737,
         0.0794],
        [0.1691, 0.0998, 0.1079, 0.1101, 0.0868, 0.0574, 0.0878, 0.0952, 0.0956,
         0.0905],
        [0.0818, 0.0965, 0.0849, 0.1378, 0.1020, 0.0893, 0.1057, 0.1233, 0.0916,
         0.0871],
        [0.0950, 0.0856, 0.0968, 0.0902, 0.0962, 0.0906, 0.1039, 0.1377, 0.0943,
         0.1097],
        [0.0787, 0.0824, 0.1195, 0.0857, 0.0766, 0.1435, 0.1138, 0.0820, 0.1360,
         0.0817],
        [0.1536, 0.0812, 0.1003, 0.0794, 0.1040, 0.0597, 0.1037, 0.1203, 0.0992,
         0.0985],
        [0.1003, 0.0830, 0.0961, 0.0809, 0.1124, 0.0686, 0.0895, 0.1082, 0.0880,
         0.1730],
        [0.0681, 0.0788, 0.1036, 0.2014, 0.0886, 0.0937, 0.1283, 0.0869, 0.0642,
         0.0864],
        [0.1192, 0.0869, 0.0939, 0.0843, 0.1091, 0.0721, 0.0937, 0.1095, 0.0945,
         0.1370],
        [0.1021, 0.0751, 0.1040, 0.0781, 0.1156, 0.0644, 0.0805, 0.0984, 0.0822,
         0.1996],
        [0.0724, 0.0803, 0.0838, 0.0860, 0.0817, 0.1005, 0.1096, 0.2100, 0.0884,
         0.0872],
        [0.0800, 0.0852, 0.0888, 0.0711, 0.0953, 0.0935, 0.2139, 0.0899, 0.0960,
         0.0864],
        [0.1380, 0.0852, 0.0869, 0.0873, 0.1501, 0.0633, 0.0638, 0.1363, 0.0803,
         0.1087],
        [0.0741, 0.0751, 0.1094, 0.2931, 0.0734, 0.0692, 0.0932, 0.0666, 0.0690,
         0.0769],
        [0.1036, 0.0503, 0.1024, 0.1345, 0.0739, 0.1034, 0.1103, 0.1262, 0.0705,
         0.1248],
        [0.0747, 0.0983, 0.1648, 0.0921, 0.1085, 0.1028, 0.0980, 0.1125, 0.0759,
         0.0724],
        [0.0818, 0.0653, 0.1139, 0.0871, 0.0715, 0.0574, 0.0894, 0.0983, 0.2740,
         0.0611],
        [0.0763, 0.0888, 0.0979, 0.0856, 0.1451, 0.0858, 0.0963, 0.0880, 0.0988,
         0.1375],
        [0.0746, 0.0921, 0.0825, 0.0888, 0.2400, 0.0766, 0.0885, 0.0824, 0.0909,
         0.0836],
        [0.1485, 0.0779, 0.0932, 0.0973, 0.1106, 0.0599, 0.0686, 0.1337, 0.0725,
         0.1379],
        [0.0805, 0.0946, 0.1139, 0.0840, 0.0835, 0.1576, 0.1088, 0.0847, 0.0975,
         0.0949],
        [0.0749, 0.0882, 0.0794, 0.0895, 0.2544, 0.0743, 0.0886, 0.0768, 0.0893,
         0.0846],
        [0.0850, 0.1173, 0.0961, 0.0680, 0.0757, 0.1448, 0.1369, 0.0857, 0.1010,
         0.0896],
        [0.0761, 0.0966, 0.1855, 0.0848, 0.0833, 0.0944, 0.1105, 0.0965, 0.0893,
         0.0829],
        [0.0746, 0.1429, 0.1019, 0.0856, 0.0845, 0.0865, 0.1355, 0.1125, 0.0852,
         0.0908],
        [0.0677, 0.0965, 0.1329, 0.0852, 0.0869, 0.0759, 0.2013, 0.0968, 0.0810,
         0.0758],
        [0.0874, 0.0868, 0.0980, 0.0824, 0.0882, 0.0689, 0.1120, 0.0912, 0.2036,
         0.0815],
        [0.0778, 0.0783, 0.1074, 0.0853, 0.0972, 0.0758, 0.1147, 0.1859, 0.0864,
         0.0913],
        [0.1094, 0.0857, 0.0861, 0.0880, 0.1168, 0.1004, 0.0911, 0.1107, 0.1002,
         0.1117],
        [0.0849, 0.1755, 0.0874, 0.0831, 0.0868, 0.0866, 0.1034, 0.1034, 0.0963,
         0.0926],
        [0.0794, 0.0526, 0.0380, 0.1142, 0.0708, 0.0723, 0.1115, 0.2722, 0.0956,
         0.0934],
        [0.0752, 0.0694, 0.1976, 0.0815, 0.0898, 0.0865, 0.0924, 0.1455, 0.1028,
         0.0593],
        [0.0736, 0.1019, 0.0919, 0.1107, 0.1007, 0.0821, 0.1076, 0.1621, 0.0886,
         0.0807],
        [0.0747, 0.0862, 0.1150, 0.1490, 0.0833, 0.0958, 0.1042, 0.0820, 0.1299,
         0.0799],
        [0.0990, 0.0813, 0.1074, 0.0798, 0.0932, 0.0836, 0.0876, 0.0979, 0.1123,
         0.1580],
        [0.0634, 0.0698, 0.1346, 0.1061, 0.0819, 0.1694, 0.1009, 0.0945, 0.0862,
         0.0932],
        [0.0808, 0.1788, 0.0932, 0.0864, 0.0842, 0.0904, 0.0924, 0.1069, 0.0969,
         0.0898],
        [0.0712, 0.0896, 0.1194, 0.0872, 0.0957, 0.0796, 0.1150, 0.1134, 0.0872,
         0.1418],
        [0.0910, 0.0968, 0.0919, 0.0780, 0.1040, 0.0663, 0.0996, 0.0874, 0.0890,
         0.1960],
        [0.0679, 0.0728, 0.1121, 0.0584, 0.0706, 0.3038, 0.0871, 0.0812, 0.0650,
         0.0811],
        [0.0841, 0.0683, 0.1227, 0.0772, 0.0913, 0.1570, 0.1216, 0.0937, 0.0908,
         0.0934],
        [0.0647, 0.0805, 0.0696, 0.0838, 0.3203, 0.0697, 0.0830, 0.0695, 0.0808,
         0.0780],
        [0.0831, 0.0866, 0.1000, 0.0832, 0.1072, 0.0865, 0.0947, 0.0893, 0.0987,
         0.1708],
        [0.0724, 0.0797, 0.1057, 0.2453, 0.0814, 0.0811, 0.1058, 0.0722, 0.0740,
         0.0824],
        [0.0718, 0.0704, 0.1392, 0.0847, 0.0956, 0.0715, 0.1025, 0.1952, 0.0800,
         0.0891]], device='cuda:0', grad_fn=<SoftmaxBackward>)
>> best accuracy: 89.5	best epoch: 10

>> final recovery rate: 19.846296296296295%
>> val epoch: 20
>> current accuracy: 63.63333333333333%
outputs: tensor([[0.0794, 0.2423, 0.0803, 0.0648, 0.0746, 0.0961, 0.0735, 0.1151, 0.0893,
         0.0847],
        [0.0915, 0.1284, 0.0854, 0.0815, 0.1326, 0.0772, 0.0875, 0.1086, 0.0876,
         0.1198],
        [0.0957, 0.0928, 0.1425, 0.0763, 0.1137, 0.0785, 0.0835, 0.0937, 0.1070,
         0.1163],
        [0.0885, 0.0664, 0.0631, 0.0534, 0.1159, 0.1068, 0.2021, 0.1572, 0.0916,
         0.0549],
        [0.0863, 0.1154, 0.0810, 0.1160, 0.0947, 0.1802, 0.0764, 0.0979, 0.0605,
         0.0916],
        [0.1062, 0.0832, 0.1155, 0.2145, 0.0549, 0.0578, 0.0898, 0.0951, 0.1125,
         0.0705],
        [0.0720, 0.0997, 0.0787, 0.0787, 0.0980, 0.0833, 0.1177, 0.0739, 0.1082,
         0.1898],
        [0.0686, 0.0696, 0.0945, 0.0885, 0.0876, 0.1185, 0.0848, 0.2072, 0.1106,
         0.0702],
        [0.1159, 0.0722, 0.2197, 0.0862, 0.0609, 0.1250, 0.0767, 0.0783, 0.0552,
         0.1099],
        [0.0748, 0.0924, 0.1287, 0.0748, 0.0871, 0.0618, 0.2216, 0.1168, 0.0744,
         0.0677],
        [0.1014, 0.0752, 0.1921, 0.0645, 0.0554, 0.1219, 0.1024, 0.0717, 0.0990,
         0.1163],
        [0.0856, 0.0929, 0.0776, 0.0603, 0.1781, 0.1339, 0.1305, 0.0862, 0.0861,
         0.0687],
        [0.0690, 0.1459, 0.1081, 0.0614, 0.0979, 0.0672, 0.1078, 0.1694, 0.0843,
         0.0890],
        [0.0837, 0.2052, 0.0857, 0.0750, 0.0798, 0.0939, 0.0842, 0.1091, 0.0968,
         0.0868],
        [0.1125, 0.1057, 0.1191, 0.0841, 0.0956, 0.0869, 0.1094, 0.0868, 0.1116,
         0.0882],
        [0.0857, 0.0949, 0.0964, 0.0618, 0.0764, 0.0794, 0.1940, 0.0736, 0.1675,
         0.0703],
        [0.0965, 0.0842, 0.0992, 0.0840, 0.0637, 0.0725, 0.0740, 0.0620, 0.2236,
         0.1403],
        [0.1012, 0.0835, 0.1255, 0.1717, 0.0749, 0.0821, 0.0844, 0.0676, 0.1016,
         0.1075],
        [0.0585, 0.0844, 0.1611, 0.1704, 0.0852, 0.0486, 0.0853, 0.0864, 0.0384,
         0.1817],
        [0.0633, 0.0970, 0.0623, 0.0610, 0.0909, 0.0779, 0.0980, 0.2985, 0.0808,
         0.0703],
        [0.0800, 0.1404, 0.0810, 0.0725, 0.0883, 0.0856, 0.0965, 0.1871, 0.0928,
         0.0759],
        [0.0825, 0.1514, 0.0786, 0.0748, 0.1345, 0.1055, 0.0867, 0.1013, 0.0943,
         0.0904],
        [0.0528, 0.0593, 0.0641, 0.0910, 0.0726, 0.0903, 0.1318, 0.2688, 0.0739,
         0.0954],
        [0.0515, 0.1127, 0.0815, 0.0573, 0.0735, 0.0692, 0.0853, 0.3256, 0.0627,
         0.0807],
        [0.0831, 0.0777, 0.0791, 0.0496, 0.0701, 0.1078, 0.2488, 0.0796, 0.1341,
         0.0701],
        [0.0697, 0.0994, 0.0838, 0.0790, 0.1667, 0.0861, 0.0813, 0.1384, 0.0872,
         0.1084],
        [0.0860, 0.0852, 0.0766, 0.1110, 0.0661, 0.1942, 0.0761, 0.1173, 0.0642,
         0.1234],
        [0.0788, 0.1172, 0.0879, 0.1659, 0.0880, 0.0872, 0.1122, 0.0821, 0.1143,
         0.0666],
        [0.0893, 0.0892, 0.0573, 0.0981, 0.0791, 0.0934, 0.1169, 0.2121, 0.1035,
         0.0612],
        [0.0768, 0.1013, 0.0787, 0.0776, 0.0850, 0.0718, 0.1241, 0.2112, 0.1042,
         0.0693],
        [0.1814, 0.0765, 0.1190, 0.0621, 0.0791, 0.1583, 0.0552, 0.0866, 0.0591,
         0.1226],
        [0.0865, 0.1961, 0.0778, 0.0740, 0.0889, 0.0966, 0.0922, 0.1094, 0.0988,
         0.0795],
        [0.0600, 0.0804, 0.0750, 0.0711, 0.0749, 0.0852, 0.1124, 0.0998, 0.0909,
         0.2503],
        [0.0877, 0.0945, 0.1114, 0.2261, 0.0721, 0.0740, 0.0949, 0.0767, 0.0821,
         0.0805],
        [0.0369, 0.0690, 0.4204, 0.0574, 0.0756, 0.0315, 0.0550, 0.1442, 0.0575,
         0.0524],
        [0.0876, 0.2114, 0.0835, 0.0722, 0.0776, 0.0919, 0.0836, 0.1084, 0.0968,
         0.0870],
        [0.0600, 0.0680, 0.0557, 0.0833, 0.0637, 0.0723, 0.0839, 0.1926, 0.2182,
         0.1022],
        [0.0786, 0.0716, 0.1349, 0.0663, 0.0661, 0.0614, 0.1124, 0.0677, 0.2581,
         0.0830],
        [0.0820, 0.2001, 0.0799, 0.0725, 0.1020, 0.0964, 0.0747, 0.1109, 0.0921,
         0.0893],
        [0.0945, 0.0661, 0.0531, 0.0638, 0.0865, 0.0878, 0.1946, 0.1498, 0.1076,
         0.0962],
        [0.0704, 0.1067, 0.0652, 0.0751, 0.1542, 0.1019, 0.1401, 0.1107, 0.0980,
         0.0777],
        [0.0906, 0.0874, 0.0489, 0.1038, 0.1670, 0.0818, 0.0639, 0.1460, 0.0606,
         0.1500],
        [0.0780, 0.2261, 0.0785, 0.0664, 0.0888, 0.0970, 0.0600, 0.1223, 0.0900,
         0.0929],
        [0.1483, 0.1034, 0.0992, 0.0866, 0.0898, 0.0678, 0.0551, 0.0878, 0.0591,
         0.2030],
        [0.1405, 0.0667, 0.0629, 0.0537, 0.0759, 0.0693, 0.1597, 0.1606, 0.1250,
         0.0858],
        [0.0640, 0.0942, 0.0739, 0.0563, 0.0740, 0.0804, 0.3265, 0.0977, 0.0538,
         0.0792],
        [0.0800, 0.0881, 0.1188, 0.0957, 0.0910, 0.0761, 0.0872, 0.1861, 0.0973,
         0.0799],
        [0.0761, 0.0690, 0.0743, 0.0459, 0.0685, 0.0890, 0.2760, 0.1261, 0.1104,
         0.0648]], device='cuda:0', grad_fn=<SoftmaxBackward>)
>> best accuracy: 89.5	best epoch: 10

>> final recovery rate: 89.34444444444445%
>> val epoch: 25
>> current accuracy: 95.1%
outputs: tensor([[1.1459e-05, 3.9270e-07, 1.5423e-06, 2.4207e-07, 3.5722e-05, 9.1384e-07,
         3.8961e-06, 3.5771e-06, 2.5185e-04, 9.9969e-01],
        [2.2867e-06, 2.4973e-06, 9.9995e-01, 1.2126e-06, 1.8397e-07, 4.9443e-06,
         3.1975e-06, 4.6854e-07, 3.4250e-05, 9.1327e-08],
        [5.5245e-05, 1.5763e-04, 2.3611e-04, 2.4572e-04, 3.1293e-05, 4.3154e-04,
         8.4541e-06, 9.9661e-01, 4.1268e-04, 1.8104e-03],
        [1.1122e-08, 2.4139e-06, 2.7010e-07, 6.5779e-10, 9.9999e-01, 3.5994e-08,
         1.5421e-09, 2.6216e-08, 4.9472e-08, 4.6188e-06],
        [6.0354e-07, 3.5635e-07, 7.7722e-06, 1.5980e-07, 7.6603e-06, 5.1123e-05,
         1.7667e-04, 1.6467e-06, 2.5845e-05, 9.9973e-01],
        [9.2994e-07, 9.9998e-01, 1.2989e-07, 1.6207e-07, 7.8184e-07, 5.8793e-06,
         1.7231e-06, 1.1892e-06, 7.0908e-06, 4.8356e-07],
        [9.9958e-01, 1.0906e-07, 5.6293e-06, 7.6528e-08, 6.3053e-07, 3.2277e-08,
         3.8077e-07, 2.3792e-08, 4.0729e-04, 1.7287e-06],
        [9.9311e-01, 5.0097e-06, 2.5228e-04, 9.1231e-07, 2.1951e-03, 4.7452e-06,
         5.1130e-04, 1.7331e-05, 6.7067e-05, 3.8346e-03],
        [3.9578e-05, 1.3357e-06, 5.5626e-05, 9.9971e-01, 3.2172e-06, 1.0127e-04,
         7.6743e-06, 6.5645e-06, 6.4352e-05, 5.4916e-06],
        [3.3174e-05, 1.3500e-02, 2.8143e-05, 4.5253e-06, 4.5310e-04, 6.4878e-03,
         9.7871e-01, 9.6297e-05, 6.2792e-04, 6.2018e-05],
        [5.1282e-09, 8.7053e-08, 1.8373e-06, 2.2639e-08, 1.0000e+00, 1.5943e-07,
         7.2005e-09, 1.4702e-07, 1.3350e-06, 2.1505e-07],
        [5.5001e-04, 2.9583e-05, 3.3015e-04, 8.5342e-07, 4.0341e-05, 1.6339e-04,
         9.9864e-01, 6.2064e-07, 2.3896e-04, 9.4453e-06],
        [1.6239e-03, 2.5576e-04, 2.0339e-03, 1.6666e-03, 3.0202e-04, 2.2020e-04,
         1.8858e-04, 1.0946e-03, 7.6148e-02, 9.1647e-01],
        [3.3536e-05, 9.8319e-01, 1.1209e-04, 1.8477e-06, 3.0221e-05, 1.3620e-05,
         4.2732e-05, 1.2929e-04, 1.6430e-02, 1.9256e-05],
        [2.5803e-06, 9.9997e-01, 2.4606e-07, 4.9027e-07, 5.7542e-07, 1.9865e-06,
         7.8910e-06, 9.5087e-07, 1.0167e-05, 3.9559e-07],
        [1.6549e-04, 5.8530e-05, 3.5250e-04, 9.9664e-01, 1.8754e-05, 2.1051e-03,
         1.0884e-04, 3.1286e-05, 4.5731e-04, 6.6803e-05],
        [1.6365e-04, 3.9280e-04, 1.6401e-03, 9.9477e-01, 5.8289e-05, 1.4625e-03,
         2.5385e-04, 8.1933e-05, 9.4749e-04, 2.3028e-04],
        [2.7777e-08, 1.8616e-06, 9.7144e-06, 1.9597e-06, 7.9479e-07, 5.5220e-07,
         5.1869e-07, 9.9998e-01, 5.3343e-06, 4.0498e-06],
        [2.3695e-06, 9.9997e-01, 1.2221e-07, 2.6664e-07, 1.0915e-06, 6.6182e-06,
         1.1223e-05, 1.5815e-06, 9.1151e-06, 6.4903e-07],
        [4.8223e-04, 4.9905e-05, 1.8690e-04, 2.0028e-05, 9.5934e-01, 1.2979e-05,
         3.4319e-05, 3.7288e-04, 1.2221e-02, 2.7279e-02],
        [2.0165e-05, 3.9518e-06, 1.0884e-05, 4.5506e-07, 8.4778e-06, 2.4164e-05,
         9.9990e-01, 3.4369e-07, 2.9053e-05, 1.4624e-06],
        [3.3735e-05, 4.6331e-06, 4.6498e-04, 2.4805e-05, 1.9772e-05, 5.2809e-06,
         3.1833e-06, 9.9904e-01, 7.0725e-05, 3.3379e-04],
        [9.9905e-01, 4.8291e-05, 6.2370e-04, 5.0645e-07, 3.8865e-05, 3.5563e-06,
         8.4382e-05, 9.4777e-07, 7.2691e-05, 7.3730e-05],
        [1.0793e-04, 9.1060e-06, 4.3328e-04, 9.9897e-01, 1.2114e-05, 9.0229e-05,
         1.6039e-05, 2.2359e-05, 3.1527e-04, 2.6006e-05],
        [1.0116e-03, 1.4513e-03, 7.2333e-03, 9.2968e-01, 8.1541e-04, 7.9621e-03,
         8.9573e-04, 1.6877e-04, 4.8166e-02, 2.6184e-03],
        [2.8855e-04, 1.9420e-02, 6.9779e-03, 7.1552e-03, 9.4803e-03, 7.8558e-01,
         3.2645e-02, 2.7960e-02, 2.8553e-02, 8.1937e-02],
        [9.9996e-01, 1.2793e-06, 7.8291e-06, 1.2192e-07, 7.5510e-06, 4.2690e-06,
         1.3730e-05, 4.4202e-08, 1.5489e-06, 6.5669e-07],
        [9.9995e-01, 9.5258e-07, 3.4965e-05, 1.0746e-06, 1.8468e-06, 9.5406e-07,
         1.8866e-07, 3.2078e-07, 8.9757e-06, 5.4369e-06],
        [9.9863e-01, 4.9172e-05, 4.9320e-04, 3.7522e-05, 2.0500e-04, 3.9235e-05,
         7.1399e-05, 1.0336e-05, 3.3582e-04, 1.3136e-04],
        [7.4420e-06, 2.0209e-05, 6.3679e-05, 3.2072e-06, 2.1317e-06, 5.3549e-05,
         1.2629e-04, 6.9474e-07, 9.9946e-01, 2.6536e-04],
        [3.1902e-06, 2.7198e-07, 9.9999e-01, 1.1818e-06, 2.1213e-07, 4.2516e-07,
         8.2932e-07, 3.7424e-08, 5.3195e-07, 1.0992e-07],
        [9.9998e-01, 3.5546e-06, 6.2165e-06, 7.7359e-07, 2.5718e-06, 7.3925e-07,
         1.3760e-06, 2.4620e-07, 2.5319e-06, 1.3312e-06],
        [7.9465e-07, 2.5324e-06, 1.4866e-06, 1.0836e-06, 2.8985e-07, 2.0472e-06,
         3.3858e-06, 2.8705e-07, 9.9996e-01, 2.7446e-05],
        [8.8518e-06, 1.3479e-07, 9.9996e-01, 1.3206e-05, 4.6366e-07, 1.4387e-05,
         1.5690e-06, 2.5257e-07, 4.8599e-07, 2.3444e-07],
        [2.4141e-08, 1.0000e+00, 5.0903e-10, 9.9001e-10, 4.8633e-08, 4.0678e-08,
         4.3928e-08, 5.0069e-08, 5.6769e-08, 1.9469e-08],
        [9.9995e-01, 2.3384e-06, 1.9484e-05, 2.8504e-07, 6.2321e-06, 3.9205e-06,
         1.4732e-05, 2.8155e-07, 6.1508e-06, 1.4686e-06],
        [1.9908e-05, 9.2246e-07, 9.2117e-05, 9.0131e-04, 5.4132e-06, 9.7410e-06,
         1.2920e-05, 6.7639e-06, 9.9889e-01, 6.3446e-05],
        [1.2967e-06, 1.5382e-08, 9.9999e-01, 3.1355e-06, 3.3634e-08, 4.7089e-07,
         3.2499e-08, 7.2778e-09, 1.5623e-07, 1.2739e-07],
        [7.8206e-08, 1.8229e-07, 9.0373e-08, 3.9369e-08, 1.0000e+00, 3.0537e-08,
         6.7109e-08, 4.6259e-08, 2.6460e-07, 2.3260e-07],
        [5.2914e-09, 2.8190e-06, 1.3430e-04, 5.4776e-07, 1.0094e-06, 2.1086e-07,
         4.0787e-07, 9.9985e-01, 7.7205e-07, 6.3696e-06],
        [6.2095e-05, 6.2017e-05, 2.8607e-05, 2.0021e-06, 6.8444e-04, 2.1087e-05,
         7.6561e-05, 1.1227e-05, 1.0645e-05, 9.9904e-01],
        [2.5587e-07, 1.2718e-07, 1.6872e-07, 2.4645e-07, 1.3986e-07, 1.0902e-07,
         4.4925e-07, 5.8563e-08, 1.0000e+00, 7.2734e-07],
        [1.3604e-05, 3.0103e-06, 1.3204e-06, 1.0339e-08, 7.6485e-07, 9.6210e-07,
         9.9998e-01, 9.5929e-09, 1.4198e-06, 4.4879e-08],
        [1.2234e-06, 2.3103e-06, 3.0163e-07, 6.9873e-09, 9.9999e-01, 8.1243e-08,
         2.1761e-08, 1.4688e-07, 2.1799e-07, 9.7235e-06],
        [8.0021e-01, 4.6404e-05, 9.4573e-04, 7.2735e-06, 1.9848e-01, 1.0380e-05,
         2.1503e-05, 2.8090e-05, 1.1648e-05, 2.3488e-04],
        [4.5021e-06, 4.0939e-05, 6.6277e-05, 3.0967e-06, 1.4015e-06, 3.5361e-04,
         2.5579e-04, 6.3867e-07, 9.9926e-01, 1.7093e-05],
        [3.9919e-06, 5.1629e-04, 3.0447e-04, 5.2022e-04, 4.1097e-05, 4.4376e-05,
         3.2647e-04, 9.9692e-01, 3.1789e-04, 1.0038e-03],
        [2.7648e-05, 1.1420e-04, 7.0333e-04, 1.0464e-04, 8.5093e-06, 1.5110e-04,
         1.4237e-04, 3.5968e-06, 9.9817e-01, 5.7000e-04]], device='cuda:0',
       grad_fn=<SoftmaxBackward>)
>> best accuracy: 95.1	best epoch: 25

>> final recovery rate: 93.28518518518518%
>> val epoch: 30
>> current accuracy: 95.01666666666667%
outputs: tensor([[2.5524e-06, 6.5500e-07, 1.3183e-06, 4.8799e-08, 9.9999e-01, 2.9592e-08,
         2.9048e-07, 8.3391e-08, 1.3385e-07, 6.7038e-06],
        [1.0000e+00, 4.5739e-10, 2.9822e-07, 2.0438e-09, 2.3523e-07, 5.7172e-08,
         4.6559e-10, 2.2441e-09, 2.8191e-09, 4.7791e-10],
        [7.8748e-08, 2.0158e-07, 4.1709e-06, 4.4987e-07, 6.0939e-08, 4.7111e-06,
         9.8812e-07, 4.9541e-09, 9.9998e-01, 1.1701e-05],
        [6.2787e-08, 1.9525e-05, 2.7674e-08, 2.0959e-07, 1.8672e-07, 4.7671e-08,
         1.4784e-08, 9.9998e-01, 1.2892e-07, 3.6086e-07],
        [1.0889e-09, 1.1393e-10, 4.7729e-08, 1.4175e-08, 2.3998e-09, 4.5867e-10,
         5.0651e-10, 1.0000e+00, 2.2530e-09, 2.0375e-08],
        [7.1410e-06, 2.0688e-04, 2.3469e-05, 1.7821e-06, 4.1708e-06, 3.9252e-04,
         9.9797e-01, 6.5872e-07, 1.3905e-03, 1.4969e-06],
        [9.9999e-01, 1.2743e-07, 8.0936e-08, 4.1466e-09, 1.2583e-06, 1.4571e-08,
         4.9245e-06, 1.6430e-09, 4.9862e-07, 4.9624e-09],
        [4.0985e-10, 4.4643e-10, 3.0510e-09, 3.5375e-09, 1.1575e-09, 1.0000e+00,
         1.0832e-08, 8.7307e-09, 1.8563e-09, 9.7490e-10],
        [1.0000e+00, 1.7218e-10, 4.9687e-07, 1.4673e-07, 5.7756e-07, 2.0989e-07,
         6.0332e-09, 4.8900e-08, 1.5067e-08, 1.0246e-08],
        [1.0000e+00, 1.6090e-08, 2.7059e-08, 2.1481e-10, 3.2317e-07, 1.3290e-09,
         6.1147e-07, 4.3206e-09, 3.6323e-08, 1.9237e-09],
        [2.4326e-06, 3.3473e-08, 1.0000e+00, 9.5951e-09, 2.5244e-08, 8.9504e-07,
         3.1057e-07, 1.7160e-07, 1.0985e-07, 4.8636e-10],
        [8.5931e-13, 3.1871e-09, 8.4725e-11, 4.9627e-09, 4.2484e-10, 6.0068e-10,
         2.6141e-10, 1.0000e+00, 1.1610e-09, 1.5074e-09],
        [1.5976e-05, 2.9179e-02, 1.3672e-03, 9.4804e-01, 2.3134e-05, 7.3178e-04,
         1.4134e-02, 1.5143e-06, 6.5046e-03, 7.2707e-06],
        [1.5774e-07, 2.5133e-08, 8.6889e-09, 5.8599e-10, 1.0000e+00, 3.0587e-10,
         2.3533e-08, 2.6862e-09, 1.1162e-08, 2.4138e-08],
        [2.2560e-08, 3.5012e-08, 6.1760e-07, 2.8846e-08, 3.4098e-07, 3.3261e-08,
         5.1978e-08, 6.1262e-09, 1.0000e+00, 3.0032e-07],
        [9.5953e-07, 9.9993e-01, 5.5107e-07, 1.0136e-07, 3.1753e-07, 1.1646e-06,
         1.6487e-06, 5.7243e-07, 6.6037e-05, 6.0369e-08],
        [6.0977e-04, 8.4806e-05, 7.6555e-01, 2.2795e-01, 2.7048e-04, 7.8179e-07,
         1.4170e-04, 1.1713e-05, 5.1382e-03, 2.4242e-04],
        [9.2661e-07, 1.2910e-06, 1.2150e-05, 1.9262e-05, 9.5102e-03, 5.1469e-06,
         1.8981e-05, 1.2184e-05, 2.0307e-05, 9.9040e-01],
        [2.0523e-08, 1.0000e+00, 2.1717e-08, 4.8745e-09, 1.8602e-08, 9.2551e-09,
         2.5753e-07, 1.7053e-08, 1.3528e-07, 4.0274e-10],
        [3.4575e-11, 9.8608e-08, 6.2142e-10, 3.1117e-08, 1.6353e-09, 4.1313e-09,
         7.9849e-10, 1.0000e+00, 3.6716e-09, 1.1816e-08],
        [3.7010e-07, 1.1692e-05, 1.0961e-06, 2.5945e-05, 2.0238e-04, 3.8052e-07,
         2.6913e-07, 3.4002e-06, 4.6824e-06, 9.9975e-01],
        [2.8711e-09, 1.0000e+00, 6.8185e-07, 4.1119e-07, 1.0269e-08, 9.6432e-08,
         2.6580e-08, 2.5602e-07, 3.2150e-07, 2.1202e-09],
        [9.9996e-01, 3.1618e-06, 3.2088e-05, 2.7037e-08, 1.9029e-06, 1.5772e-06,
         1.0305e-06, 2.5508e-07, 1.4430e-06, 1.3236e-07],
        [5.5713e-05, 3.9665e-09, 5.0551e-06, 4.3216e-07, 9.9994e-01, 1.7935e-08,
         8.7788e-08, 5.0271e-07, 1.7866e-07, 3.2903e-08],
        [3.7375e-09, 2.7610e-08, 1.1410e-08, 1.7095e-09, 1.0623e-08, 1.0000e+00,
         4.0399e-09, 9.8616e-09, 8.7750e-09, 3.4289e-08],
        [5.7485e-07, 3.9395e-08, 1.0000e+00, 1.2801e-08, 1.2096e-07, 2.0227e-09,
         4.8734e-08, 1.7024e-08, 4.0938e-09, 2.0398e-09],
        [2.8377e-02, 4.7633e-02, 2.7097e-05, 7.6353e-05, 1.3232e-03, 2.4101e-03,
         9.0562e-01, 6.7330e-05, 1.4309e-02, 1.5777e-04],
        [2.2267e-08, 1.5065e-07, 4.0660e-08, 9.8605e-11, 3.5555e-08, 1.8536e-07,
         1.0000e+00, 5.5610e-09, 3.6971e-08, 4.2288e-10],
        [2.7304e-07, 2.4928e-06, 2.3571e-06, 1.1349e-07, 6.4475e-08, 3.3729e-06,
         1.4025e-06, 1.2997e-08, 9.9998e-01, 5.2757e-06],
        [2.5549e-12, 2.1400e-08, 1.0212e-11, 7.5691e-10, 1.7723e-10, 8.7321e-11,
         2.8242e-11, 1.0000e+00, 2.9425e-10, 5.2720e-10],
        [9.6766e-08, 1.7580e-08, 1.9009e-07, 1.1854e-06, 2.0830e-06, 9.9999e-01,
         2.5507e-06, 7.1735e-08, 4.0089e-06, 2.5972e-07],
        [9.3807e-07, 4.1868e-09, 1.7466e-07, 6.5354e-08, 3.2630e-07, 1.2614e-10,
         2.9788e-09, 1.0000e+00, 5.0167e-08, 1.5737e-07],
        [1.6588e-07, 1.0000e+00, 4.5413e-08, 4.9647e-09, 3.3598e-07, 2.7606e-08,
         3.0493e-08, 1.8144e-07, 2.9748e-07, 3.6730e-09],
        [4.0407e-05, 3.7217e-06, 4.3741e-05, 2.4103e-06, 8.6546e-06, 1.3235e-07,
         8.3516e-07, 9.9976e-01, 4.3447e-05, 9.7794e-05],
        [9.4982e-10, 2.2900e-10, 1.5519e-08, 2.7416e-12, 1.0000e+00, 1.8353e-11,
         7.4088e-10, 1.9937e-09, 4.4368e-09, 4.1657e-10],
        [9.9999e-01, 2.1866e-09, 4.6227e-07, 4.3414e-08, 5.1215e-06, 1.3101e-08,
         7.3600e-09, 2.4961e-08, 1.9790e-07, 6.4808e-09],
        [2.8338e-04, 2.9512e-05, 5.1696e-03, 4.3587e-03, 6.1600e-05, 9.8830e-01,
         1.7574e-03, 9.9608e-06, 2.1672e-05, 9.8881e-06],
        [1.0000e+00, 1.3755e-09, 6.6364e-09, 2.8751e-09, 2.3812e-07, 3.1183e-09,
         6.0084e-10, 7.5625e-10, 2.4761e-08, 2.7861e-10],
        [1.0587e-10, 9.6505e-08, 3.2174e-10, 1.4179e-08, 1.5395e-08, 2.0484e-09,
         6.1451e-10, 1.0000e+00, 8.2512e-09, 2.7218e-08],
        [3.0494e-06, 9.9938e-01, 3.8966e-07, 5.7290e-08, 1.0968e-06, 5.0137e-06,
         5.2200e-04, 7.9328e-07, 8.3130e-05, 2.7347e-07],
        [1.8752e-08, 3.6451e-06, 1.3748e-05, 9.9997e-01, 2.0448e-07, 1.1656e-05,
         8.8358e-07, 5.8086e-08, 1.4652e-06, 3.7215e-08],
        [6.7269e-06, 3.5109e-03, 7.0566e-05, 1.4150e-06, 1.9984e-04, 2.8603e-05,
         1.8274e-04, 3.0263e-05, 9.9596e-01, 6.1099e-06],
        [2.9763e-04, 2.0680e-05, 7.5751e-06, 3.8434e-06, 1.3929e-03, 7.9568e-06,
         8.9172e-07, 1.4837e-04, 1.2030e-05, 9.9811e-01],
        [7.2846e-06, 8.2266e-07, 2.8882e-08, 3.6760e-10, 2.3574e-06, 2.4475e-07,
         9.9999e-01, 4.9501e-09, 6.7070e-07, 3.1274e-08],
        [5.4357e-06, 2.1622e-05, 1.1564e-05, 3.1458e-06, 3.5964e-05, 1.0753e-03,
         4.0336e-06, 1.4534e-06, 1.4781e-04, 9.9869e-01],
        [7.2470e-10, 1.7113e-10, 1.4735e-08, 1.0000e+00, 8.2399e-11, 5.1205e-09,
         5.0322e-11, 8.8822e-09, 1.0331e-08, 2.0759e-08],
        [3.5216e-05, 6.4365e-07, 9.9996e-01, 4.5298e-08, 2.2179e-06, 5.7728e-08,
         4.2887e-07, 1.8744e-07, 9.0522e-08, 1.2445e-06],
        [3.6867e-08, 1.7189e-07, 3.0679e-06, 9.9998e-01, 3.1856e-08, 1.1820e-05,
         4.1015e-07, 1.0889e-07, 5.6424e-07, 7.9556e-08]], device='cuda:0',
       grad_fn=<SoftmaxBackward>)
>> best accuracy: 95.1	best epoch: 25

>> final recovery rate: 93.50555555555556%
>> val epoch: 35
>> current accuracy: 95.03333333333333%
outputs: tensor([[5.4605e-07, 1.6047e-08, 4.2721e-06, 9.9965e-01, 1.1404e-04, 3.5903e-05,
         6.8395e-06, 1.6830e-05, 4.7725e-06, 1.6657e-04],
        [5.7085e-07, 9.6314e-06, 1.8752e-06, 1.2191e-06, 2.6481e-06, 3.4136e-02,
