noise type: uniform
noise level: 0.0
when_to_apply_epoch: 25
total clean data num: 45000
probability transition matrix:
[[1. 0. 0. 0. 0. 0. 0. 0. 0. 0.]
 [0. 1. 0. 0. 0. 0. 0. 0. 0. 0.]
 [0. 0. 1. 0. 0. 0. 0. 0. 0. 0.]
 [0. 0. 0. 1. 0. 0. 0. 0. 0. 0.]
 [0. 0. 0. 0. 1. 0. 0. 0. 0. 0.]
 [0. 0. 0. 0. 0. 1. 0. 0. 0. 0.]
 [0. 0. 0. 0. 0. 0. 1. 0. 0. 0.]
 [0. 0. 0. 0. 0. 0. 0. 1. 0. 0.]
 [0. 0. 0. 0. 0. 0. 0. 0. 1. 0.]
 [0. 0. 0. 0. 0. 0. 0. 0. 0. 1.]]
>> val epoch: 0
>> current accuracy: 56.48%
outputs: tensor([[6.2048e-03, 2.0614e-03, 1.2589e-01, 1.6226e-01, 7.9878e-02, 2.7079e-01,
         8.9032e-02, 2.5101e-01, 2.5782e-03, 1.0295e-02],
        [6.4112e-02, 1.1064e-03, 3.5521e-01, 1.3907e-01, 1.1566e-01, 1.6987e-01,
         1.4722e-02, 1.1341e-01, 1.9528e-02, 7.3063e-03],
        [1.5399e-02, 1.5597e-03, 4.7453e-01, 6.9770e-02, 9.7740e-02, 1.2566e-02,
         3.1085e-01, 8.8583e-03, 7.5611e-03, 1.1646e-03],
        [5.6305e-02, 2.5877e-02, 9.7104e-02, 1.8233e-01, 5.9906e-02, 1.3236e-01,
         1.0742e-02, 3.6189e-01, 2.4330e-02, 4.9155e-02],
        [3.2265e-03, 7.9740e-04, 1.3424e-02, 1.0094e-01, 1.5106e-02, 7.0484e-01,
         4.5405e-03, 1.5258e-01, 2.2688e-03, 2.2753e-03],
        [8.2736e-03, 2.0466e-03, 2.6904e-01, 8.8672e-02, 5.7704e-02, 1.9708e-02,
         5.2928e-01, 8.2129e-03, 1.3766e-02, 3.2946e-03],
        [1.4790e-02, 2.6025e-02, 2.4944e-01, 1.1603e-01, 1.0538e-01, 5.5615e-02,
         3.4372e-01, 4.7233e-02, 1.7143e-02, 2.4625e-02],
        [1.0368e-03, 5.6617e-04, 6.2427e-02, 1.1287e-01, 1.3221e-01, 3.5210e-02,
         6.4425e-01, 9.5572e-03, 9.9912e-04, 8.7504e-04],
        [1.8235e-02, 2.9880e-02, 1.6314e-02, 1.1194e-01, 8.8782e-02, 1.5340e-01,
         1.3775e-01, 1.5774e-01, 6.0592e-03, 2.7990e-01],
        [5.0912e-04, 2.7883e-02, 1.1363e-04, 5.2697e-04, 2.2844e-04, 6.6122e-04,
         2.0525e-04, 1.4040e-03, 1.1064e-03, 9.6736e-01],
        [8.7037e-02, 9.5378e-03, 3.3276e-01, 5.9082e-02, 8.1588e-02, 1.3384e-02,
         1.4238e-01, 7.2834e-03, 2.6178e-01, 5.1689e-03],
        [2.0868e-03, 1.1310e-03, 1.2196e-02, 2.4523e-01, 7.3791e-03, 3.2147e-02,
         6.9203e-01, 3.6684e-03, 2.7866e-03, 1.3453e-03],
        [5.4447e-03, 1.9204e-03, 1.4369e-01, 3.3923e-02, 9.1493e-02, 3.3142e-03,
         7.1116e-01, 3.7572e-03, 4.2740e-03, 1.0174e-03],
        [3.7483e-01, 3.0045e-03, 6.9980e-02, 3.1792e-02, 1.7942e-02, 5.4791e-03,
         1.1497e-02, 4.6546e-03, 4.7795e-01, 2.8663e-03],
        [2.6913e-01, 5.4278e-03, 6.0817e-03, 2.0849e-03, 4.1904e-03, 6.0603e-04,
         3.7656e-04, 7.1804e-04, 7.0019e-01, 1.1193e-02],
        [8.0419e-01, 4.7350e-04, 5.7456e-02, 5.3867e-03, 6.4353e-02, 6.8002e-03,
         4.9806e-04, 4.6829e-02, 1.2897e-02, 1.1148e-03],
        [3.7639e-03, 1.0715e-03, 1.6187e-02, 4.6561e-01, 1.4055e-02, 4.4006e-01,
         1.8889e-02, 3.5229e-02, 3.5253e-03, 1.6090e-03],
        [1.4358e-01, 7.0050e-01, 1.4110e-03, 1.4561e-03, 6.8319e-03, 9.0737e-04,
         4.3070e-04, 5.7278e-03, 1.6026e-02, 1.2313e-01],
        [1.7083e-01, 8.7455e-02, 3.7286e-03, 7.2823e-03, 9.9896e-03, 1.9501e-03,
         2.1639e-03, 9.6106e-03, 1.3523e-01, 5.7176e-01],
        [4.3531e-02, 7.1738e-02, 6.3742e-02, 2.3419e-01, 3.9709e-02, 6.2501e-02,
         2.5783e-01, 6.0635e-02, 4.6192e-02, 1.1993e-01],
        [6.9876e-01, 5.4374e-02, 1.8321e-02, 2.1389e-02, 1.2978e-02, 7.7178e-03,
         3.9682e-03, 8.5070e-03, 1.0127e-01, 7.2711e-02],
        [9.1200e-03, 8.7165e-04, 6.2048e-02, 3.7112e-01, 7.7338e-02, 1.4955e-01,
         2.8282e-01, 3.2891e-02, 1.0449e-02, 3.7971e-03],
        [5.2071e-01, 7.4117e-02, 6.7904e-02, 6.8840e-03, 4.0862e-02, 2.8272e-03,
         4.0729e-03, 8.4587e-03, 2.5798e-01, 1.6179e-02],
        [2.2854e-02, 1.1583e-03, 5.0839e-01, 1.7510e-01, 5.0475e-02, 2.5212e-02,
         1.8727e-01, 1.5458e-02, 1.1866e-02, 2.2186e-03],
        [4.9118e-01, 1.6296e-01, 7.7885e-03, 1.5176e-03, 2.3533e-02, 8.2529e-04,
         4.7082e-04, 1.0040e-02, 8.9298e-02, 2.1239e-01],
        [2.0027e-04, 5.6432e-05, 3.6239e-03, 4.0697e-03, 3.5651e-01, 5.9128e-02,
         3.5045e-03, 5.7271e-01, 3.0329e-05, 1.6043e-04],
        [1.8967e-03, 4.0265e-04, 1.2400e-01, 5.1812e-02, 5.3919e-02, 6.0726e-03,
         7.5553e-01, 4.0661e-03, 1.9681e-03, 3.2940e-04],
        [9.6762e-02, 1.1744e-02, 1.0521e-01, 1.7173e-01, 9.0497e-02, 2.8528e-02,
         1.1407e-01, 2.6164e-02, 3.1744e-01, 3.7852e-02],
        [2.0994e-02, 1.9487e-02, 2.1814e-01, 1.7078e-01, 1.2716e-01, 1.6504e-01,
         1.8623e-01, 4.6817e-02, 1.4634e-02, 3.0716e-02],
        [1.1383e-02, 2.5799e-02, 1.0129e-03, 1.3740e-03, 3.5525e-03, 9.5868e-04,
         6.0873e-04, 1.3203e-02, 7.6068e-03, 9.3450e-01],
        [1.6325e-02, 2.2178e-03, 6.0881e-02, 5.6653e-02, 4.3752e-01, 7.5024e-02,
         4.7245e-02, 2.9492e-01, 2.6340e-03, 6.5850e-03],
        [6.4068e-04, 6.9917e-02, 7.6302e-06, 4.8176e-06, 1.9639e-05, 4.1575e-06,
         4.3954e-06, 6.8371e-05, 2.1601e-04, 9.2912e-01],
        [3.5087e-02, 5.9977e-01, 9.6799e-05, 4.6017e-05, 1.9040e-04, 1.5739e-05,
         7.7763e-06, 7.1938e-05, 3.5637e-01, 8.3445e-03],
        [1.5597e-01, 3.1143e-03, 1.1006e-03, 3.5803e-04, 9.7283e-04, 7.5405e-05,
         7.7093e-05, 1.2539e-04, 8.3474e-01, 3.4659e-03],
        [1.0185e-03, 4.6018e-05, 7.0173e-02, 3.8769e-03, 8.6687e-01, 1.2986e-02,
         1.0431e-02, 3.4302e-02, 2.1135e-04, 8.2248e-05],
        [4.3698e-02, 1.5784e-03, 3.1424e-01, 1.7384e-01, 8.1895e-02, 1.5800e-01,
         2.4780e-02, 1.8748e-01, 9.6093e-03, 4.8816e-03],
        [2.9746e-01, 5.9350e-04, 4.1200e-01, 1.1893e-01, 3.3557e-02, 7.1459e-02,
         1.3777e-02, 3.8310e-02, 1.2248e-02, 1.6607e-03],
        [1.5511e-02, 2.0179e-04, 9.3211e-02, 1.0692e-02, 7.9026e-01, 1.8791e-02,
         1.7160e-02, 5.0876e-02, 2.8717e-03, 4.2987e-04],
        [6.1623e-01, 5.0462e-02, 1.4459e-02, 6.1975e-03, 7.7087e-03, 9.8841e-04,
         6.8387e-03, 7.4140e-03, 1.7266e-02, 2.7243e-01],
        [1.0470e-03, 4.1789e-02, 1.9636e-04, 4.2001e-04, 1.2853e-03, 7.2284e-04,
         2.9701e-04, 2.3339e-03, 2.0209e-03, 9.4989e-01],
        [6.4904e-03, 3.0834e-03, 1.0164e-01, 2.3281e-01, 6.2290e-02, 3.5803e-01,
         8.5774e-02, 1.1947e-01, 6.0567e-03, 2.4345e-02],
        [7.9107e-04, 4.5924e-05, 1.7623e-02, 1.0423e-03, 7.4024e-01, 2.0844e-02,
         8.5900e-04, 2.1843e-01, 5.9472e-05, 6.0608e-05],
        [1.3066e-02, 4.5802e-03, 3.9068e-02, 2.6832e-01, 5.9433e-02, 2.7284e-01,
         4.8075e-02, 2.2771e-01, 1.0682e-02, 5.6230e-02],
        [1.0723e-03, 8.6321e-01, 5.9941e-05, 2.8897e-05, 1.8453e-04, 4.1130e-05,
         3.3762e-05, 2.6886e-04, 7.6273e-04, 1.3433e-01],
        [1.8556e-03, 9.7125e-01, 2.1551e-05, 9.7558e-06, 5.1941e-05, 6.8487e-06,
         2.4346e-05, 2.0122e-05, 3.4803e-04, 2.6417e-02],
        [1.1553e-02, 2.0185e-03, 1.1784e-01, 2.9837e-01, 5.9189e-02, 3.8736e-01,
         1.6608e-02, 9.9261e-02, 4.8399e-03, 2.9626e-03],
        [1.6443e-02, 1.3461e-02, 5.7193e-04, 1.1237e-03, 7.2441e-04, 3.3770e-04,
         1.7344e-04, 6.2225e-04, 9.5502e-01, 1.1524e-02],
        [9.2493e-01, 9.5392e-04, 3.7487e-02, 7.7160e-03, 5.9375e-03, 2.5527e-03,
         1.5911e-03, 1.4828e-03, 1.4774e-02, 2.5718e-03],
        [1.5481e-02, 2.3284e-03, 3.9233e-02, 8.2098e-02, 1.3605e-01, 2.8159e-01,
         1.2565e-02, 3.9835e-01, 1.0028e-02, 2.2274e-02],
        [6.1461e-04, 3.3984e-04, 6.6565e-02, 1.0634e-01, 3.6299e-01, 2.7280e-02,
         4.2002e-01, 1.5266e-02, 3.6709e-04, 2.1984e-04],
        [1.3158e-01, 1.8691e-03, 2.2124e-01, 9.2088e-02, 2.4190e-01, 4.6772e-02,
         3.9441e-02, 9.9576e-02, 9.4510e-02, 3.1026e-02],
        [2.6108e-02, 5.4716e-02, 6.2405e-02, 1.8337e-01, 3.1769e-02, 5.5473e-02,
         4.9636e-01, 2.2327e-02, 1.6302e-02, 5.1174e-02],
        [1.7536e-03, 1.3346e-03, 2.6508e-03, 5.8340e-03, 1.0453e-01, 3.9974e-02,
         1.2055e-03, 8.2417e-01, 6.0626e-04, 1.7941e-02],
        [2.2066e-02, 8.4140e-03, 6.5884e-05, 3.6557e-05, 9.3074e-05, 1.1440e-05,
         4.0375e-06, 2.6554e-05, 9.6775e-01, 1.5320e-03],
        [7.2626e-01, 1.9891e-02, 1.1249e-01, 2.1746e-02, 3.0168e-02, 1.5272e-02,
         4.4393e-03, 3.4173e-02, 2.7638e-02, 7.9202e-03],
        [6.3602e-03, 1.0189e-03, 1.6998e-01, 2.3959e-02, 6.5242e-01, 1.8972e-02,
         1.0240e-01, 2.2344e-02, 1.8787e-03, 6.5909e-04],
        [8.4249e-02, 9.3692e-02, 8.5351e-03, 4.2875e-02, 9.3502e-03, 2.1356e-02,
         9.9876e-03, 2.3328e-02, 6.0614e-02, 6.4601e-01],
        [2.5043e-01, 2.6028e-02, 2.4541e-02, 7.3174e-03, 1.7780e-02, 3.1140e-03,
         8.0514e-03, 7.6674e-03, 1.6385e-01, 4.9123e-01],
        [3.0615e-01, 9.8667e-03, 8.9495e-03, 6.4167e-02, 3.8743e-02, 2.2461e-02,
         3.4635e-03, 3.9901e-02, 3.4920e-01, 1.5710e-01],
        [5.3635e-03, 2.4350e-02, 9.5744e-02, 3.8741e-01, 1.2384e-01, 2.3122e-01,
         6.5122e-02, 5.2032e-02, 8.6221e-03, 6.2958e-03],
        [7.6142e-03, 2.5442e-04, 7.8599e-03, 6.8131e-03, 2.6901e-01, 1.0095e-01,
         3.6406e-04, 6.0542e-01, 1.4728e-03, 2.3835e-04],
        [3.6740e-02, 2.2184e-03, 7.0758e-01, 1.2128e-01, 2.6574e-02, 3.0963e-02,
         4.5124e-02, 1.8783e-02, 9.4245e-03, 1.3128e-03],
        [3.4491e-02, 1.1744e-03, 4.7470e-01, 1.1092e-01, 5.6274e-02, 2.3612e-01,
         1.4026e-02, 6.0508e-02, 9.4084e-03, 2.3729e-03],
        [3.0282e-04, 7.9196e-05, 2.4075e-02, 1.6231e-03, 7.6373e-03, 1.6836e-04,
         9.6579e-01, 8.0819e-05, 2.1348e-04, 3.1561e-05],
        [8.8651e-03, 3.9886e-03, 4.2413e-02, 2.0178e-01, 3.0924e-02, 4.2177e-01,
         2.2317e-02, 2.1115e-01, 1.0430e-02, 4.6362e-02],
        [3.2886e-04, 1.4951e-04, 2.2349e-03, 1.8905e-01, 9.7269e-03, 7.6372e-01,
         9.7998e-03, 2.4367e-02, 3.7546e-04, 2.4525e-04],
        [1.1838e-02, 1.2241e-03, 2.0475e-01, 6.7974e-02, 3.8319e-01, 2.0049e-02,
         2.8568e-01, 9.7904e-03, 1.4205e-02, 1.2998e-03],
        [5.4236e-04, 5.0097e-05, 1.0210e-02, 5.8754e-03, 1.8965e-01, 1.0954e-01,
         7.9463e-04, 6.8314e-01, 9.5558e-05, 1.0602e-04],
        [8.9087e-01, 8.0316e-03, 3.7963e-02, 1.2473e-02, 7.1019e-03, 3.1650e-03,
         9.2634e-03, 2.1869e-03, 1.8066e-02, 1.0880e-02],
        [3.1975e-03, 4.8209e-03, 9.0076e-02, 1.3470e-01, 2.7400e-01, 1.4328e-01,
         2.5570e-01, 8.1626e-02, 2.8495e-03, 9.7517e-03],
        [1.5658e-01, 2.8294e-03, 8.7877e-02, 8.9531e-02, 2.0910e-01, 8.3316e-02,
         7.6270e-03, 1.6763e-01, 1.7507e-01, 2.0433e-02],
        [1.5001e-01, 2.1171e-02, 5.1900e-02, 1.6302e-02, 9.8622e-03, 3.5080e-03,
         2.0886e-02, 2.9299e-03, 7.1869e-01, 4.7462e-03]],
       device='cuda:0', grad_fn=<SoftmaxBackward>)
>> best accuracy: 56.48	best epoch: 0

>> final recovery rate: 100.0%
>> val epoch: 5
>> current accuracy: 83.94%
outputs: tensor([[5.0051e-05, 9.6517e-07, 4.6799e-08, 4.6233e-08, 4.9027e-08, 1.2905e-09,
         1.1982e-08, 4.6975e-09, 9.9995e-01, 2.1401e-06],
        [1.6579e-03, 1.2287e-04, 5.1861e-01, 8.0834e-02, 3.6517e-01, 1.9677e-02,
         3.7853e-03, 8.5744e-03, 1.4458e-03, 1.2199e-04],
        [3.7704e-05, 1.5568e-05, 1.1406e-04, 9.9556e-01, 4.7896e-04, 3.5189e-03,
         4.9496e-05, 1.1311e-04, 6.8701e-05, 3.8764e-05],
        [1.5427e-02, 5.8658e-04, 5.7757e-01, 2.7000e-01, 1.2820e-02, 6.2248e-02,
         2.0233e-02, 3.8368e-02, 7.8516e-04, 1.9657e-03],
        [1.5245e-03, 1.8673e-03, 7.2159e-02, 1.7924e-01, 4.8052e-02, 3.0803e-02,
         6.4631e-01, 1.0312e-02, 6.7292e-03, 3.0040e-03],
        [8.5893e-01, 3.7052e-05, 1.2995e-01, 4.0357e-03, 3.2860e-03, 6.2880e-04,
         5.2953e-04, 4.5199e-04, 1.8991e-03, 2.5180e-04],
        [5.3080e-07, 3.5867e-07, 1.7959e-03, 1.8091e-04, 9.9576e-01, 1.7779e-03,
         1.7504e-04, 3.1109e-04, 3.1023e-07, 3.1795e-07],
        [5.5769e-03, 2.4955e-02, 2.0483e-04, 3.1589e-04, 1.4727e-04, 1.5678e-04,
         2.3843e-04, 5.5702e-03, 3.1851e-03, 9.5965e-01],
        [3.7715e-04, 2.2377e-03, 4.3951e-03, 3.3167e-03, 8.7199e-04, 2.9626e-04,
         9.8573e-01, 2.4165e-04, 8.2515e-04, 1.7057e-03],
        [6.7268e-06, 2.3612e-06, 3.2566e-03, 1.6124e-03, 9.9184e-01, 1.9352e-03,
         7.0943e-05, 1.2626e-03, 5.9984e-06, 2.6310e-06],
        [5.6963e-02, 1.1173e-01, 7.7347e-03, 1.0755e-02, 1.2638e-03, 1.3261e-03,
         5.0820e-03, 9.3424e-03, 7.8799e-01, 7.8122e-03],
        [1.5474e-01, 6.4988e-03, 3.6944e-02, 1.6011e-01, 8.7296e-03, 3.2755e-01,
         2.4178e-02, 1.8027e-02, 1.3837e-01, 1.2485e-01],
        [2.3635e-04, 7.9321e-03, 8.5645e-03, 2.4547e-03, 9.0132e-01, 2.3152e-02,
         2.0411e-04, 5.5734e-02, 6.9659e-05, 3.2880e-04],
        [5.5286e-03, 2.6614e-05, 4.1297e-01, 2.9294e-03, 5.7003e-01, 1.6385e-03,
         1.1904e-04, 4.2933e-03, 2.3425e-03, 1.1997e-04],
        [5.6830e-06, 1.2507e-05, 4.0948e-04, 3.5634e-03, 1.2843e-03, 3.9297e-04,
         9.9430e-01, 1.9064e-05, 1.0260e-05, 5.9020e-06],
        [3.4610e-04, 2.1918e-05, 2.4977e-06, 1.0260e-05, 2.4460e-06, 1.1966e-07,
         1.3257e-06, 6.7206e-07, 9.9956e-01, 4.9942e-05],
        [4.7903e-05, 4.0224e-03, 6.0817e-06, 8.7845e-05, 6.2592e-06, 4.7788e-06,
         5.1551e-07, 3.9592e-05, 5.4757e-04, 9.9524e-01],
        [5.8241e-05, 1.3410e-05, 3.4002e-04, 5.5535e-04, 2.4125e-01, 6.2506e-03,
         4.1440e-05, 7.5145e-01, 7.5276e-06, 3.4013e-05],
        [1.7939e-03, 1.4072e-04, 5.4800e-03, 1.6509e-01, 8.1300e-04, 8.1051e-01,
         3.6102e-04, 1.4295e-02, 1.0503e-03, 4.6490e-04],
        [1.6578e-04, 1.6863e-05, 2.9225e-02, 7.8748e-02, 3.9164e-01, 4.7685e-01,
         7.5328e-03, 1.5771e-02, 3.3786e-05, 2.0639e-05],
        [1.6887e-06, 2.5236e-06, 1.8091e-04, 2.4668e-02, 1.3984e-05, 1.0591e-03,
         9.7406e-01, 2.7615e-06, 5.9534e-06, 1.1649e-06],
        [1.0655e-06, 7.7665e-07, 3.2225e-04, 6.0116e-05, 4.1071e-05, 2.3145e-06,
         9.9956e-01, 2.4027e-07, 6.3724e-06, 7.8114e-07],
        [4.6203e-05, 5.9495e-03, 5.2378e-02, 1.5636e-02, 6.6793e-04, 9.2357e-01,
         9.8685e-04, 5.9786e-04, 3.5375e-05, 1.2799e-04],
        [6.7232e-01, 1.0372e-03, 2.7844e-01, 1.9258e-02, 1.3599e-03, 1.0222e-03,
         1.6939e-02, 9.2220e-04, 7.7352e-03, 9.6916e-04],
        [6.8252e-02, 2.2083e-03, 1.6494e-02, 3.0379e-01, 1.7550e-02, 5.1159e-01,
         3.2511e-03, 7.2499e-02, 3.1490e-03, 1.2147e-03],
        [6.0232e-04, 1.9038e-04, 1.1287e-01, 5.8404e-02, 9.5974e-02, 1.4459e-02,
         7.1354e-01, 3.3493e-03, 4.3346e-04, 1.7505e-04],
        [2.2748e-04, 9.7560e-01, 1.1991e-06, 2.2177e-05, 3.0156e-06, 2.0992e-06,
         2.7921e-05, 8.4619e-07, 1.7058e-03, 2.2407e-02],
        [6.5851e-03, 1.8685e-02, 1.0314e-01, 9.8445e-02, 3.3736e-03, 1.0460e-02,
         7.2699e-01, 1.1335e-02, 1.9264e-02, 1.7166e-03],
        [3.4152e-01, 2.1741e-03, 5.9806e-01, 2.7895e-02, 6.9237e-03, 7.4398e-03,
         1.8824e-03, 8.4225e-04, 1.1840e-02, 1.4188e-03],
        [5.9945e-03, 5.6945e-03, 3.1631e-02, 7.3387e-01, 5.1433e-03, 6.1832e-02,
         1.1325e-01, 3.6832e-03, 3.6616e-02, 2.2771e-03],
        [6.5915e-06, 4.1552e-05, 1.2084e-03, 7.8153e-04, 6.9013e-04, 1.1986e-04,
         9.9709e-01, 1.7056e-05, 1.7250e-05, 2.2855e-05],
        [1.9227e-03, 8.8672e-01, 7.1998e-06, 1.8379e-04, 2.4881e-05, 2.0100e-05,
         5.7474e-05, 3.7465e-05, 1.2584e-03, 1.0977e-01],
        [4.5019e-01, 6.6142e-06, 5.4637e-01, 5.1196e-04, 2.3446e-03, 1.5956e-04,
         6.8424e-05, 2.2045e-04, 1.0197e-04, 1.9484e-05],
        [5.4433e-05, 1.5579e-05, 2.6799e-03, 2.9679e-01, 8.6133e-03, 6.8783e-01,
         6.3339e-04, 3.3435e-03, 2.6683e-05, 1.1258e-05],
        [7.7859e-03, 9.4795e-05, 5.1009e-01, 2.7835e-01, 1.4765e-01, 4.8871e-02,
         8.7077e-04, 5.0572e-03, 1.0906e-03, 1.5029e-04],
        [4.8950e-07, 9.9919e-01, 2.5192e-07, 1.8397e-06, 1.4096e-07, 2.0201e-07,
         2.7785e-07, 1.6493e-07, 3.7520e-05, 7.6501e-04],
        [1.0329e-03, 5.7382e-05, 6.8253e-02, 1.7290e-03, 9.2368e-01, 1.6535e-03,
         6.0612e-05, 3.0835e-03, 4.1787e-04, 3.0549e-05],
        [1.0847e-04, 7.6105e-06, 9.8256e-01, 2.3540e-03, 2.8078e-03, 1.0153e-02,
         1.0619e-03, 9.0825e-04, 3.5385e-05, 6.5687e-06],
        [2.4435e-04, 2.4769e-07, 9.9947e-01, 5.6981e-05, 1.2535e-04, 2.2889e-05,
         5.3349e-05, 1.7064e-05, 7.5405e-06, 7.5444e-07],
        [3.3158e-06, 8.2373e-07, 6.4683e-05, 2.5168e-03, 1.8649e-05, 9.9670e-01,
         8.0596e-06, 6.8828e-04, 9.8897e-07, 1.5607e-06],
        [6.0078e-08, 3.4881e-08, 2.3982e-06, 1.8073e-06, 9.8046e-04, 3.7651e-04,
         8.8289e-08, 9.9864e-01, 6.2084e-09, 1.1117e-08],
        [1.4096e-02, 1.0580e-04, 1.4148e-04, 5.4987e-05, 1.8442e-03, 5.5985e-06,
         3.0799e-05, 8.7732e-05, 9.8037e-01, 3.2619e-03],
        [1.0961e-04, 7.3424e-03, 1.1259e-04, 5.5717e-04, 3.6291e-05, 3.0994e-05,
         1.2084e-04, 2.6849e-04, 4.5677e-04, 9.9096e-01],
        [2.2909e-07, 5.5482e-08, 9.6788e-06, 5.3747e-06, 5.4176e-05, 6.6576e-04,
         7.0094e-08, 9.9926e-01, 1.1819e-08, 9.3017e-09],
        [6.5842e-05, 1.2530e-04, 2.8440e-06, 2.3817e-05, 5.8610e-06, 8.6086e-06,
         2.2457e-06, 1.2617e-05, 2.8194e-05, 9.9972e-01],
        [7.6514e-05, 2.2238e-06, 1.0645e-06, 1.0878e-06, 2.3504e-06, 3.3894e-08,
         2.9445e-07, 1.0627e-07, 9.9991e-01, 1.0114e-05],
        [5.4309e-04, 3.6949e-02, 6.8022e-05, 7.1755e-05, 9.5212e-05, 1.7910e-05,
         9.7242e-04, 6.2891e-05, 1.1937e-03, 9.6003e-01],
        [2.0206e-04, 2.6592e-02, 4.7728e-07, 3.0165e-06, 1.2326e-06, 4.8672e-07,
         3.1343e-05, 6.3627e-07, 1.8352e-04, 9.7298e-01],
        [1.5506e-03, 1.7627e-03, 7.6359e-02, 9.0168e-02, 2.5487e-01, 6.0294e-03,
         5.6066e-01, 4.1314e-03, 1.7982e-03, 2.6723e-03],
        [4.0422e-02, 2.3765e-03, 1.4983e-01, 7.4340e-02, 6.9275e-01, 9.9272e-03,
         9.6706e-03, 6.6103e-03, 9.3316e-03, 4.7422e-03],
        [6.3827e-05, 5.9051e-07, 3.0090e-05, 4.4740e-06, 6.0389e-05, 1.1829e-04,
         1.3748e-07, 9.9972e-01, 9.7839e-08, 8.2278e-07],
        [3.1828e-03, 8.3317e-05, 4.5282e-03, 2.9642e-03, 9.8058e-01, 2.9751e-03,
         2.5277e-03, 2.8784e-03, 4.6992e-05, 2.2922e-04],
        [2.6091e-01, 2.0291e-03, 2.2010e-02, 3.2925e-02, 1.9450e-03, 1.4127e-02,
         1.4095e-03, 6.5533e-01, 8.5888e-03, 7.2802e-04],
        [5.0738e-03, 1.6459e-03, 1.2536e-01, 3.0811e-02, 3.8423e-01, 3.0279e-02,
         1.3408e-03, 4.0997e-01, 6.0707e-03, 5.2236e-03],
        [2.5521e-06, 5.7876e-07, 3.0785e-05, 5.7208e-03, 1.2962e-05, 9.9094e-01,
         2.3488e-06, 3.2876e-03, 1.9013e-06, 1.7896e-06],
        [1.6494e-02, 2.3627e-02, 5.0545e-04, 9.1402e-03, 1.7242e-03, 1.5724e-04,
         8.8144e-05, 1.8926e-04, 7.8241e-01, 1.6566e-01],
        [9.8472e-01, 4.0219e-06, 1.4935e-02, 1.3131e-04, 8.4739e-05, 1.3840e-05,
         2.1642e-05, 2.3614e-05, 4.2659e-05, 2.1802e-05],
        [8.2722e-06, 3.9235e-06, 2.3578e-04, 1.6212e-02, 3.6498e-05, 9.8328e-01,
         1.1457e-04, 9.8684e-05, 8.6854e-06, 5.0897e-06],
        [2.8870e-07, 9.9978e-01, 6.7541e-10, 1.1932e-08, 4.1313e-10, 1.0775e-09,
         3.1994e-09, 2.2439e-09, 1.9528e-06, 2.2175e-04],
        [4.1815e-02, 1.6986e-03, 6.5075e-02, 4.8176e-01, 4.8505e-02, 1.1013e-01,
         2.4568e-01, 1.3294e-03, 1.7616e-03, 2.2521e-03],
        [4.7228e-04, 1.6632e-03, 1.1101e-02, 8.6113e-01, 8.5141e-03, 1.0690e-01,
         2.7441e-03, 6.5525e-03, 3.1849e-04, 6.0759e-04],
        [2.1830e-03, 1.6215e-04, 8.2020e-04, 7.9556e-04, 2.9225e-03, 1.6762e-03,
         2.1694e-05, 9.9098e-01, 7.1791e-05, 3.6325e-04],
        [9.9847e-01, 1.1556e-05, 4.2166e-04, 4.9443e-04, 2.7806e-04, 1.6114e-05,
         5.6590e-05, 2.1325e-06, 1.2940e-04, 1.1745e-04],
        [1.0691e-03, 2.8104e-04, 3.7377e-03, 2.2549e-03, 2.6708e-03, 1.2456e-02,
         1.2272e-04, 9.7720e-01, 5.7850e-05, 1.5235e-04],
        [3.7485e-03, 1.3743e-04, 1.0950e-02, 2.4164e-02, 2.4737e-02, 5.4007e-03,
         9.3026e-01, 1.8361e-04, 1.4029e-04, 2.7970e-04],
        [9.3038e-05, 6.3278e-05, 8.0596e-03, 3.8365e-02, 4.6533e-04, 9.4957e-01,
         2.0951e-03, 1.2435e-03, 7.6087e-06, 3.2257e-05],
        [5.4478e-04, 9.9527e-01, 3.3241e-06, 2.2514e-05, 2.2412e-06, 2.5680e-06,
         6.8406e-06, 1.3912e-05, 9.0377e-04, 3.2292e-03],
        [1.1223e-05, 9.9888e-01, 2.8443e-08, 7.2218e-07, 1.3702e-08, 1.6260e-07,
         2.5081e-06, 1.2123e-07, 2.3958e-05, 1.0823e-03],
        [6.0810e-04, 6.3041e-01, 7.6771e-05, 1.7400e-03, 1.2499e-05, 1.3352e-03,
         5.2108e-05, 5.6232e-04, 1.2952e-03, 3.6391e-01],
        [8.5231e-02, 4.3291e-04, 8.3219e-01, 3.1617e-02, 2.7173e-02, 1.3096e-02,
         4.0947e-03, 8.4541e-04, 4.5690e-03, 7.5030e-04],
        [3.8576e-05, 6.0509e-05, 2.8837e-06, 3.3280e-05, 2.2560e-06, 2.6851e-06,
         2.4003e-06, 3.4883e-06, 9.9978e-01, 7.0291e-05],
        [3.7846e-02, 3.3057e-02, 1.2785e-02, 2.2653e-02, 1.6855e-02, 3.2601e-03,
         3.4430e-02, 6.7806e-02, 7.6567e-01, 5.6416e-03]],
       device='cuda:0', grad_fn=<SoftmaxBackward>)
>> best accuracy: 83.94	best epoch: 5

>> final recovery rate: 100.0%
>> val epoch: 10
>> current accuracy: 84.1%
outputs: tensor([[1.6876e-02, 4.7668e-05, 2.2346e-01, 5.8716e-01, 6.6704e-02, 8.3000e-02,
         2.0946e-02, 1.4402e-03, 2.5031e-04, 1.2528e-04],
        [3.2785e-06, 9.9990e-01, 1.2453e-07, 1.5139e-06, 3.5607e-08, 7.6815e-07,
         2.6000e-06, 3.9356e-07, 1.5365e-05, 7.9578e-05],
        [1.5557e-02, 1.2473e-02, 7.7301e-04, 2.7612e-04, 2.1828e-05, 3.4491e-05,
         8.4620e-05, 8.1995e-05, 2.3659e-04, 9.7046e-01],
        [1.7411e-04, 7.1779e-06, 3.0738e-04, 1.8897e-01, 4.5217e-03, 8.0172e-01,
         1.3215e-03, 2.9675e-03, 4.4547e-06, 9.1380e-06],
        [2.3196e-05, 2.3100e-05, 6.3976e-02, 5.7187e-01, 4.8082e-03, 9.9693e-03,
         3.4911e-01, 1.0782e-04, 9.0138e-05, 1.7913e-05],
        [1.2003e-05, 1.9251e-05, 6.3012e-03, 4.2620e-02, 5.1848e-04, 1.0166e-02,
         9.4031e-01, 2.4978e-05, 2.7308e-05, 4.7294e-06],
        [7.0134e-07, 1.8129e-05, 2.4734e-04, 1.2609e-04, 1.0423e-05, 2.4935e-05,
         9.9956e-01, 1.5035e-06, 1.0350e-05, 1.3387e-06],
        [4.3878e-04, 3.3298e-04, 6.8218e-03, 5.7137e-01, 2.1077e-02, 2.2594e-01,
         1.1333e-01, 5.9477e-02, 8.0815e-04, 4.0420e-04],
        [2.4993e-07, 1.2563e-05, 1.8012e-10, 1.3206e-09, 3.2560e-10, 2.6444e-10,
         7.0523e-10, 4.2409e-10, 1.5267e-08, 9.9999e-01],
        [1.3701e-06, 9.9979e-01, 2.4068e-10, 4.4360e-08, 1.1690e-09, 1.3143e-08,
         3.6326e-08, 4.1211e-09, 1.3945e-06, 2.0338e-04],
        [3.6556e-03, 1.1066e-04, 9.7973e-01, 1.7404e-03, 7.9762e-04, 1.9884e-03,
         1.1673e-02, 1.4264e-04, 8.6421e-05, 7.8794e-05],
        [9.5583e-01, 2.1664e-03, 3.4612e-02, 4.8258e-04, 1.3899e-03, 1.3800e-04,
         3.2858e-03, 1.9505e-04, 1.3788e-03, 5.2206e-04],
        [1.0936e-02, 8.8610e-06, 9.0275e-01, 9.2296e-03, 1.7720e-02, 3.8608e-03,
         5.3963e-02, 1.3461e-03, 7.9778e-05, 1.0165e-04],
        [3.2613e-04, 1.0393e-04, 1.3550e-02, 6.5475e-02, 2.7489e-02, 2.4924e-03,
         8.8898e-01, 8.2153e-04, 4.5917e-04, 3.0584e-04],
        [4.9276e-01, 3.2562e-04, 1.4434e-01, 1.0046e-02, 5.7293e-03, 1.7494e-02,
         6.6187e-03, 3.2017e-01, 3.5627e-04, 2.1555e-03],
        [1.3660e-04, 1.0381e-05, 3.5483e-02, 8.2431e-01, 9.4799e-04, 1.1414e-02,
         1.2720e-01, 3.5030e-04, 8.4829e-05, 6.0005e-05],
        [1.3563e-08, 9.9999e-01, 6.1392e-08, 1.5088e-07, 1.2915e-08, 3.3043e-07,
         1.8896e-08, 1.0926e-07, 1.3474e-07, 9.5520e-06],
        [6.1117e-04, 8.7156e-01, 1.3662e-02, 3.4318e-02, 1.5875e-04, 6.7936e-02,
         3.8629e-03, 4.7610e-04, 4.9603e-03, 2.4601e-03],
        [1.0165e-04, 5.7747e-05, 4.5711e-02, 1.5699e-02, 1.8718e-02, 1.1962e-03,
         9.1778e-01, 4.5915e-04, 2.3441e-04, 4.1889e-05],
        [1.0210e-04, 2.9282e-05, 3.6633e-04, 5.2325e-03, 1.7435e-02, 3.1881e-01,
         6.2234e-04, 6.5721e-01, 3.1896e-06, 1.9380e-04],
        [1.0902e-05, 4.3356e-08, 9.9966e-01, 8.2510e-06, 3.8572e-06, 3.6553e-05,
         2.4609e-04, 1.8397e-05, 1.3239e-05, 5.4108e-07],
        [1.4013e-04, 6.6850e-07, 2.0001e-05, 1.1888e-05, 3.6413e-04, 3.1042e-05,
         2.2441e-07, 9.9939e-01, 8.7568e-07, 3.7488e-05],
        [2.4493e-02, 1.1092e-04, 2.0980e-03, 6.7071e-04, 2.3223e-04, 2.6163e-04,
         3.8227e-04, 1.1207e-04, 9.7015e-01, 1.4857e-03],
        [2.8745e-06, 9.9961e-01, 1.1588e-07, 1.8915e-06, 1.4731e-07, 1.8473e-06,
         4.2500e-06, 3.7962e-07, 7.9590e-06, 3.6895e-04],
        [2.2986e-05, 2.0246e-03, 3.8817e-08, 8.8001e-08, 7.3084e-09, 2.7203e-08,
         1.7561e-08, 7.3955e-08, 2.1321e-07, 9.9795e-01],
        [1.9015e-03, 2.3616e-03, 3.2558e-03, 1.3214e-03, 2.7477e-05, 4.7503e-04,
         2.5988e-01, 1.5211e-04, 7.3031e-01, 3.0938e-04],
        [9.8273e-01, 5.2973e-04, 7.4301e-03, 2.0784e-03, 3.1385e-05, 3.6168e-04,
         4.9879e-03, 3.3841e-05, 4.0130e-04, 1.4149e-03],
        [2.5937e-04, 1.4560e-04, 9.7164e-05, 8.8149e-01, 2.3668e-03, 8.7946e-02,
         6.0008e-04, 2.6604e-02, 2.1616e-05, 4.6843e-04],
        [3.1676e-06, 2.5699e-07, 6.7981e-06, 5.5025e-03, 3.9780e-06, 9.9443e-01,
         2.4439e-06, 4.7675e-05, 2.3275e-07, 1.3065e-07],
        [1.9714e-04, 1.1805e-05, 5.2156e-06, 1.5988e-06, 7.4456e-07, 1.0472e-06,
         1.7470e-05, 4.1070e-07, 9.9974e-01, 2.6943e-05],
        [1.8467e-04, 1.9232e-05, 1.4699e-05, 1.6778e-05, 1.1635e-06, 5.1835e-06,
         7.8950e-05, 2.8855e-06, 9.9935e-01, 3.3147e-04],
        [4.6120e-05, 4.6284e-07, 2.7196e-04, 2.0858e-02, 7.6459e-06, 9.7851e-01,
         1.6936e-05, 2.8465e-04, 2.5171e-06, 4.4820e-07],
        [5.5685e-04, 7.1017e-05, 5.2269e-04, 5.1546e-04, 4.9740e-04, 1.2646e-04,
         2.3309e-05, 9.9706e-01, 1.5139e-05, 6.0731e-04],
        [6.4882e-04, 1.3404e-03, 2.0116e-06, 3.9813e-05, 1.2274e-06, 3.3856e-06,
         5.0134e-06, 2.1105e-05, 3.1840e-04, 9.9762e-01],
        [1.7801e-03, 4.3899e-06, 9.5259e-06, 1.2210e-05, 2.3898e-06, 1.7424e-06,
         1.0703e-05, 1.4079e-06, 9.9812e-01, 5.5380e-05],
        [1.1614e-03, 9.3243e-01, 4.1690e-04, 1.2887e-03, 3.9505e-05, 1.3585e-04,
         5.1322e-04, 4.7355e-04, 4.7833e-02, 1.5704e-02],
        [1.6551e-06, 5.4358e-08, 9.9244e-01, 1.1343e-04, 4.1948e-04, 6.7351e-03,
         2.8113e-04, 6.7959e-06, 3.9250e-06, 2.1596e-07],
        [7.8406e-06, 1.2658e-07, 8.9619e-07, 3.3307e-07, 4.1025e-08, 1.9606e-07,
         5.5191e-07, 1.5074e-07, 9.9999e-01, 1.2470e-06],
        [1.4882e-03, 9.9847e-05, 7.2089e-04, 2.5897e-02, 4.4328e-03, 3.0482e-03,
         1.0231e-02, 1.7454e-03, 9.5221e-01, 1.2839e-04],
        [3.9165e-05, 2.6991e-07, 6.0064e-04, 1.6562e-04, 9.9903e-01, 4.8049e-05,
         8.8381e-05, 2.6821e-05, 2.0176e-06, 1.8819e-06],
        [5.5812e-06, 3.3259e-06, 2.5810e-03, 2.9185e-03, 9.8814e-01, 2.1315e-03,
         3.5455e-03, 6.1248e-04, 2.3997e-05, 3.6673e-05],
        [9.4915e-01, 1.9488e-06, 4.8136e-02, 5.2394e-04, 7.1299e-04, 1.4549e-04,
         8.8628e-04, 2.9475e-05, 3.7097e-04, 4.5967e-05],
        [2.2866e-05, 2.6498e-07, 1.0978e-04, 1.6607e-04, 9.9635e-01, 1.1719e-03,
         3.4921e-05, 2.1377e-03, 8.9611e-07, 9.2006e-07],
        [9.6912e-06, 2.1064e-04, 3.4047e-06, 5.7126e-05, 6.7738e-07, 1.9270e-06,
         2.8858e-06, 2.3009e-06, 1.8971e-05, 9.9969e-01],
        [5.3933e-07, 5.9701e-06, 7.1574e-05, 5.0922e-04, 6.1843e-05, 4.4813e-05,
         9.9930e-01, 3.3481e-06, 3.6818e-06, 3.5274e-06],
        [4.4791e-07, 7.3195e-07, 1.1360e-05, 1.8695e-03, 1.1722e-06, 9.9806e-01,
         4.5773e-05, 6.3404e-06, 3.1769e-07, 1.6777e-07],
        [5.5864e-04, 9.9575e-05, 2.0412e-02, 1.3259e-01, 3.5204e-04, 3.1425e-02,
         4.9980e-02, 7.6425e-01, 2.1192e-04, 1.2212e-04],
        [3.5288e-02, 1.2484e-04, 3.0383e-02, 6.9925e-02, 4.1934e-01, 4.3599e-01,
         9.6375e-04, 7.1570e-03, 6.4769e-04, 1.7637e-04],
        [6.5468e-05, 4.1780e-06, 5.8285e-02, 3.2802e-02, 9.0536e-01, 2.3851e-03,
         9.8169e-04, 9.7780e-05, 1.5792e-05, 4.7658e-06],
        [4.7078e-06, 5.7155e-08, 5.2083e-07, 1.6643e-06, 1.2003e-05, 6.4295e-05,
         6.4261e-07, 9.9992e-01, 8.5837e-08, 1.2325e-07],
        [5.6341e-02, 2.1493e-04, 1.4223e-02, 2.5322e-03, 7.8932e-01, 8.6244e-03,
         4.4816e-04, 1.2312e-01, 2.3580e-03, 2.8148e-03],
        [6.4404e-03, 5.0699e-01, 1.0365e-01, 2.1158e-02, 9.8170e-03, 8.4888e-02,
         1.9371e-02, 5.9589e-04, 3.3403e-03, 2.4375e-01],
        [6.2430e-05, 1.2276e-05, 2.6269e-03, 1.8612e-01, 4.9824e-03, 1.8315e-01,
         6.2207e-01, 9.4717e-04, 1.4902e-05, 1.3546e-05],
        [6.1572e-05, 1.5501e-03, 1.7761e-06, 6.2474e-06, 4.9134e-06, 8.7484e-07,
         2.7512e-06, 3.8535e-06, 4.3602e-05, 9.9832e-01],
        [8.1979e-06, 7.8020e-07, 1.2756e-04, 9.6294e-01, 3.1738e-04, 3.5246e-02,
         1.2230e-04, 1.2331e-03, 7.9684e-07, 2.9226e-06],
        [1.1349e-05, 2.9644e-07, 5.2253e-05, 5.4476e-03, 1.7193e-04, 9.8031e-01,
         3.7040e-05, 1.3973e-02, 3.6180e-07, 4.6984e-07],
        [3.2744e-03, 2.9296e-05, 2.2496e-04, 9.4773e-05, 3.4470e-05, 1.5393e-05,
         6.6986e-05, 1.3809e-05, 9.9607e-01, 1.7704e-04],
        [5.5913e-01, 2.9265e-04, 1.2725e-01, 1.1722e-01, 4.1278e-03, 1.4417e-01,
         1.2635e-02, 3.4647e-02, 2.3635e-04, 2.8171e-04],
        [5.6388e-04, 3.4498e-06, 2.0520e-04, 2.2350e-05, 2.7442e-05, 7.0827e-06,
         1.0306e-04, 8.5177e-06, 9.9902e-01, 3.6571e-05],
        [4.2465e-07, 4.7780e-06, 1.5823e-09, 8.0149e-08, 4.5583e-10, 9.0618e-09,
         2.7929e-09, 9.1180e-09, 8.9435e-08, 9.9999e-01],
        [9.3242e-04, 8.4185e-06, 9.8953e-01, 5.1229e-04, 8.6294e-04, 5.1625e-03,
         7.9238e-05, 2.9028e-03, 7.2289e-06, 5.7354e-06],
        [4.4257e-02, 2.1419e-01, 1.1739e-03, 5.7664e-03, 1.7675e-04, 4.0808e-03,
         1.8617e-02, 1.0652e-03, 9.6232e-02, 6.1444e-01],
        [8.5823e-05, 9.9963e-01, 4.5285e-07, 2.2106e-06, 4.5557e-07, 1.1495e-06,
         7.9331e-07, 1.6025e-05, 1.1180e-05, 2.4876e-04],
        [2.4577e-09, 9.9998e-01, 2.9603e-11, 8.1156e-09, 3.3618e-11, 1.0768e-09,
         1.4140e-10, 9.5350e-10, 3.4731e-08, 1.6262e-05],
        [2.5628e-02, 2.8224e-05, 4.7429e-04, 1.2017e-05, 3.1083e-05, 5.0442e-06,
         1.7018e-03, 2.1213e-06, 9.7201e-01, 1.1159e-04],
        [6.7370e-05, 1.3721e-06, 5.6408e-04, 8.1952e-04, 9.9788e-01, 4.1050e-04,
         2.2473e-04, 1.6940e-05, 1.1115e-05, 3.3958e-06],
        [2.4866e-06, 3.5346e-07, 7.4923e-05, 5.2981e-03, 9.6699e-01, 2.7372e-02,
         1.8766e-05, 2.4289e-04, 2.4571e-07, 1.0494e-06],
        [3.9931e-04, 5.5733e-04, 1.4400e-06, 6.1246e-06, 2.7258e-06, 2.2941e-06,
         6.5008e-06, 2.4204e-05, 8.9783e-05, 9.9891e-01],
        [9.9848e-01, 2.2999e-06, 1.0543e-03, 3.0876e-06, 3.5666e-04, 1.8423e-06,
         1.2781e-05, 9.4871e-06, 4.8632e-05, 3.1844e-05],
        [3.2774e-06, 1.6203e-08, 8.7248e-04, 1.5300e-06, 9.9909e-01, 1.4836e-05,
         2.9691e-07, 1.7445e-05, 2.6110e-07, 1.4639e-07],
        [8.1435e-02, 2.7927e-05, 2.1033e-02, 3.1584e-03, 2.5028e-03, 7.6034e-03,
         2.5228e-03, 3.3230e-03, 8.7797e-01, 4.2863e-04],
        [3.0446e-07, 9.9994e-01, 3.1178e-08, 2.7604e-06, 1.8022e-08, 6.7257e-07,
         6.2215e-07, 1.2286e-08, 3.0786e-05, 2.0020e-05]],
       device='cuda:0', grad_fn=<SoftmaxBackward>)
>> best accuracy: 84.1	best epoch: 10

>> final recovery rate: 100.0%
