noise type: uniform
noise level: 0.8
when_to_apply_epoch: 100
total clean data num: 10786
probability transition matrix:
[[0.2        0.08888889 0.08888889 0.08888889 0.08888889 0.08888889
  0.08888889 0.08888889 0.08888889 0.08888889]
 [0.08888889 0.2        0.08888889 0.08888889 0.08888889 0.08888889
  0.08888889 0.08888889 0.08888889 0.08888889]
 [0.08888889 0.08888889 0.2        0.08888889 0.08888889 0.08888889
  0.08888889 0.08888889 0.08888889 0.08888889]
 [0.08888889 0.08888889 0.08888889 0.2        0.08888889 0.08888889
  0.08888889 0.08888889 0.08888889 0.08888889]
 [0.08888889 0.08888889 0.08888889 0.08888889 0.2        0.08888889
  0.08888889 0.08888889 0.08888889 0.08888889]
 [0.08888889 0.08888889 0.08888889 0.08888889 0.08888889 0.2
  0.08888889 0.08888889 0.08888889 0.08888889]
 [0.08888889 0.08888889 0.08888889 0.08888889 0.08888889 0.08888889
  0.2        0.08888889 0.08888889 0.08888889]
 [0.08888889 0.08888889 0.08888889 0.08888889 0.08888889 0.08888889
  0.08888889 0.2        0.08888889 0.08888889]
 [0.08888889 0.08888889 0.08888889 0.08888889 0.08888889 0.08888889
  0.08888889 0.08888889 0.2        0.08888889]
 [0.08888889 0.08888889 0.08888889 0.08888889 0.08888889 0.08888889
  0.08888889 0.08888889 0.08888889 0.2       ]]
>> val epoch: 0
>> current accuracy: 59.266666666666666%
outputs: tensor([[0.0729, 0.1524, 0.1007, 0.0753, 0.1350, 0.0865, 0.0634, 0.0562, 0.0712,
         0.1864],
        [0.0892, 0.1253, 0.1062, 0.0889, 0.1236, 0.0873, 0.0605, 0.0642, 0.0593,
         0.1954],
        [0.0824, 0.1714, 0.0858, 0.0829, 0.1295, 0.0916, 0.1314, 0.0395, 0.0602,
         0.1253],
        [0.0695, 0.1303, 0.0967, 0.0712, 0.1512, 0.0771, 0.0634, 0.0683, 0.0474,
         0.2249],
        [0.0924, 0.1567, 0.1875, 0.1043, 0.0984, 0.0747, 0.0670, 0.0492, 0.0544,
         0.1154],
        [0.1230, 0.1361, 0.0918, 0.1030, 0.1192, 0.0784, 0.0575, 0.1446, 0.0436,
         0.1030],
        [0.1000, 0.2769, 0.1006, 0.0811, 0.1131, 0.0716, 0.0472, 0.0687, 0.0490,
         0.0919],
        [0.0763, 0.1225, 0.1076, 0.0752, 0.1427, 0.0812, 0.0602, 0.0623, 0.0478,
         0.2242],
        [0.1098, 0.1431, 0.1026, 0.0960, 0.1195, 0.0870, 0.0545, 0.0955, 0.0554,
         0.1366],
        [0.1445, 0.1277, 0.0931, 0.1082, 0.1186, 0.0796, 0.0627, 0.1203, 0.0438,
         0.1014],
        [0.1126, 0.1591, 0.1261, 0.1005, 0.1007, 0.0806, 0.0933, 0.0581, 0.0663,
         0.1026],
        [0.1124, 0.1330, 0.1024, 0.1017, 0.1449, 0.0786, 0.0520, 0.0909, 0.0456,
         0.1385],
        [0.0982, 0.1602, 0.1031, 0.0857, 0.1076, 0.0881, 0.1158, 0.0425, 0.0727,
         0.1261],
        [0.0781, 0.1218, 0.1007, 0.0739, 0.1451, 0.0742, 0.0602, 0.0685, 0.0486,
         0.2289],
        [0.1230, 0.1143, 0.1083, 0.1142, 0.1254, 0.1039, 0.0851, 0.0499, 0.0590,
         0.1169],
        [0.1041, 0.1236, 0.1125, 0.1095, 0.1067, 0.0901, 0.0570, 0.1149, 0.0664,
         0.1152],
        [0.1638, 0.1266, 0.1111, 0.1222, 0.1224, 0.0624, 0.0707, 0.0763, 0.0521,
         0.0925],
        [0.1051, 0.1357, 0.0980, 0.0965, 0.1433, 0.0875, 0.0760, 0.0630, 0.0479,
         0.1471],
        [0.1103, 0.1123, 0.1239, 0.1228, 0.1179, 0.0763, 0.0624, 0.1031, 0.0597,
         0.1114],
        [0.0759, 0.1336, 0.0995, 0.0921, 0.1250, 0.0948, 0.0703, 0.0562, 0.1089,
         0.1437],
        [0.1264, 0.1156, 0.1044, 0.1056, 0.1491, 0.0913, 0.0638, 0.0628, 0.0514,
         0.1296],
        [0.0751, 0.1501, 0.1015, 0.0754, 0.1432, 0.0944, 0.0747, 0.0471, 0.0903,
         0.1481],
        [0.1047, 0.1228, 0.1083, 0.1228, 0.1251, 0.1067, 0.0730, 0.0534, 0.0548,
         0.1284],
        [0.0842, 0.1472, 0.0756, 0.1104, 0.1359, 0.1258, 0.0935, 0.0473, 0.0598,
         0.1203],
        [0.1069, 0.1342, 0.1293, 0.1198, 0.1352, 0.0708, 0.0600, 0.0589, 0.0479,
         0.1370],
        [0.1364, 0.1210, 0.1012, 0.1160, 0.1190, 0.0784, 0.0633, 0.1116, 0.0464,
         0.1067],
        [0.2385, 0.1248, 0.1212, 0.0859, 0.1153, 0.0665, 0.0684, 0.0471, 0.0484,
         0.0838],
        [0.1110, 0.1383, 0.1039, 0.0809, 0.1168, 0.1043, 0.1072, 0.0460, 0.0639,
         0.1278],
        [0.2430, 0.1415, 0.0870, 0.0693, 0.1342, 0.0652, 0.0827, 0.0460, 0.0488,
         0.0823],
        [0.1023, 0.1286, 0.1057, 0.1129, 0.1196, 0.1410, 0.0676, 0.0568, 0.0512,
         0.1144],
        [0.1167, 0.1345, 0.0902, 0.1070, 0.1621, 0.0907, 0.0764, 0.0601, 0.0410,
         0.1213],
        [0.0870, 0.1305, 0.1859, 0.1150, 0.1142, 0.0608, 0.0758, 0.0451, 0.0535,
         0.1322],
        [0.1265, 0.0982, 0.1139, 0.1211, 0.1327, 0.0858, 0.0567, 0.0748, 0.0460,
         0.1442],
        [0.1117, 0.1318, 0.1264, 0.1272, 0.1082, 0.1137, 0.0626, 0.0557, 0.0566,
         0.1060],
        [0.0932, 0.1385, 0.1217, 0.1432, 0.1187, 0.0731, 0.0664, 0.0543, 0.0625,
         0.1284],
        [0.3023, 0.1183, 0.0951, 0.0815, 0.1040, 0.0528, 0.0651, 0.0593, 0.0445,
         0.0771],
        [0.1091, 0.1157, 0.0925, 0.1215, 0.1202, 0.1495, 0.0711, 0.0581, 0.0619,
         0.1004],
        [0.1139, 0.1103, 0.1148, 0.0951, 0.1386, 0.0720, 0.0611, 0.0671, 0.0486,
         0.1785],
        [0.1193, 0.1327, 0.1008, 0.1206, 0.1146, 0.0696, 0.0569, 0.1534, 0.0480,
         0.0842],
        [0.0926, 0.1330, 0.1758, 0.1000, 0.1040, 0.0816, 0.0705, 0.0615, 0.0703,
         0.1108],
        [0.1082, 0.1243, 0.1547, 0.1188, 0.1150, 0.0663, 0.0667, 0.0895, 0.0536,
         0.1028],
        [0.1330, 0.1268, 0.0932, 0.1066, 0.1228, 0.0791, 0.1048, 0.0483, 0.0662,
         0.1194],
        [0.1941, 0.1420, 0.1088, 0.0737, 0.1281, 0.0680, 0.0857, 0.0504, 0.0585,
         0.0907],
        [0.0922, 0.1287, 0.1679, 0.1106, 0.1161, 0.0741, 0.0706, 0.0545, 0.0721,
         0.1132],
        [0.1602, 0.1438, 0.0855, 0.1123, 0.1265, 0.0784, 0.0702, 0.0767, 0.0601,
         0.0864],
        [0.2392, 0.1473, 0.0954, 0.0688, 0.1219, 0.0595, 0.0872, 0.0433, 0.0492,
         0.0882],
        [0.1553, 0.1357, 0.1209, 0.0973, 0.0977, 0.0741, 0.1113, 0.0480, 0.0526,
         0.1070],
        [0.1098, 0.1350, 0.1073, 0.1022, 0.1116, 0.0745, 0.0564, 0.1370, 0.0501,
         0.1160]], device='cuda:0', grad_fn=<SoftmaxBackward>)
>> best accuracy: 59.266666666666666	best epoch: 0

>> final recovery rate: 19.974074074074075%
>> val epoch: 5
>> current accuracy: 91.16666666666666%
outputs: tensor([[0.1365, 0.0681, 0.0957, 0.1328, 0.0844, 0.0949, 0.0781, 0.1263, 0.1012,
         0.0821],
        [0.1417, 0.0671, 0.0972, 0.1176, 0.1011, 0.0907, 0.0758, 0.1234, 0.0925,
         0.0928],
        [0.0555, 0.0787, 0.1031, 0.1183, 0.1913, 0.0856, 0.0630, 0.1236, 0.0870,
         0.0940],
        [0.0651, 0.0723, 0.0999, 0.1247, 0.1546, 0.0865, 0.0702, 0.1082, 0.0932,
         0.1253],
        [0.0686, 0.0799, 0.0730, 0.1306, 0.0738, 0.1018, 0.1865, 0.1000, 0.0952,
         0.0906],
        [0.0784, 0.1046, 0.0877, 0.1372, 0.0831, 0.1050, 0.0658, 0.1251, 0.1144,
         0.0988],
        [0.0664, 0.0879, 0.1617, 0.1255, 0.0909, 0.0817, 0.0812, 0.1026, 0.0847,
         0.1174],
        [0.0643, 0.0746, 0.1047, 0.2430, 0.0808, 0.0769, 0.0698, 0.1065, 0.0890,
         0.0903],
        [0.0653, 0.0909, 0.0797, 0.1458, 0.0896, 0.0795, 0.0656, 0.1771, 0.1016,
         0.1050],
        [0.0678, 0.0831, 0.1663, 0.1446, 0.0811, 0.0772, 0.0960, 0.1044, 0.0815,
         0.0980],
        [0.1370, 0.0696, 0.0934, 0.1155, 0.0832, 0.0884, 0.1214, 0.1069, 0.0847,
         0.0999],
        [0.0629, 0.1677, 0.1056, 0.1243, 0.0925, 0.0829, 0.0634, 0.1207, 0.0886,
         0.0914],
        [0.0699, 0.0848, 0.0806, 0.1302, 0.0851, 0.1018, 0.0641, 0.2055, 0.0821,
         0.0961],
        [0.1862, 0.0647, 0.0899, 0.1266, 0.0870, 0.0838, 0.0743, 0.1067, 0.0855,
         0.0954],
        [0.0655, 0.0691, 0.0947, 0.1928, 0.0930, 0.1076, 0.0711, 0.1081, 0.1147,
         0.0834],
        [0.0685, 0.0788, 0.0792, 0.1317, 0.0679, 0.0832, 0.1961, 0.1039, 0.0889,
         0.1017],
        [0.0686, 0.0825, 0.0789, 0.1387, 0.0843, 0.0923, 0.0605, 0.2034, 0.0930,
         0.0979],
        [0.0726, 0.0781, 0.0856, 0.1489, 0.0869, 0.1022, 0.0602, 0.1559, 0.1049,
         0.1047],
        [0.0670, 0.1445, 0.1021, 0.1182, 0.0954, 0.0843, 0.0604, 0.1365, 0.0999,
         0.0917],
        [0.0681, 0.0777, 0.0963, 0.2074, 0.0877, 0.1051, 0.0694, 0.1023, 0.1110,
         0.0750],
        [0.0680, 0.1424, 0.1047, 0.1361, 0.0853, 0.0764, 0.0596, 0.1309, 0.0930,
         0.1037],
        [0.0691, 0.0725, 0.0958, 0.1312, 0.0832, 0.1721, 0.0641, 0.1185, 0.0972,
         0.0963],
        [0.0650, 0.0797, 0.0950, 0.1196, 0.0906, 0.0755, 0.0618, 0.1182, 0.0857,
         0.2089],
        [0.0619, 0.1796, 0.1020, 0.1368, 0.0832, 0.0742, 0.0538, 0.1378, 0.0807,
         0.0900],
        [0.0685, 0.0768, 0.1107, 0.1763, 0.0798, 0.0704, 0.0774, 0.1039, 0.1353,
         0.1008],
        [0.0632, 0.0645, 0.0922, 0.1168, 0.1098, 0.0697, 0.0663, 0.1160, 0.0816,
         0.2198],
        [0.0708, 0.0720, 0.1526, 0.1111, 0.0996, 0.0960, 0.0874, 0.0974, 0.0982,
         0.1150],
        [0.0839, 0.0782, 0.0870, 0.1194, 0.0709, 0.1005, 0.1877, 0.1055, 0.0859,
         0.0812],
        [0.0833, 0.0810, 0.0946, 0.1169, 0.0758, 0.1109, 0.1534, 0.0959, 0.0936,
         0.0946],
        [0.0679, 0.0804, 0.1606, 0.1141, 0.0973, 0.0844, 0.0739, 0.1134, 0.0945,
         0.1136],
        [0.0713, 0.0788, 0.1011, 0.2562, 0.0789, 0.0829, 0.0642, 0.0994, 0.0903,
         0.0770],
        [0.0718, 0.0690, 0.1049, 0.1090, 0.0894, 0.0727, 0.0659, 0.1283, 0.0791,
         0.2098],
        [0.0684, 0.0786, 0.0855, 0.1375, 0.0948, 0.0782, 0.0706, 0.1202, 0.1495,
         0.1167],
        [0.2057, 0.0635, 0.0986, 0.1142, 0.0796, 0.0832, 0.0762, 0.1013, 0.0781,
         0.0996],
        [0.1603, 0.0757, 0.1008, 0.1257, 0.0887, 0.0891, 0.0736, 0.1027, 0.0863,
         0.0970],
        [0.0699, 0.0649, 0.0728, 0.1257, 0.0859, 0.0777, 0.0771, 0.1217, 0.2195,
         0.0849],
        [0.0668, 0.0735, 0.1546, 0.1210, 0.0929, 0.0930, 0.0875, 0.1027, 0.0879,
         0.1200],
        [0.0649, 0.0942, 0.1256, 0.1311, 0.0957, 0.0931, 0.0652, 0.1316, 0.0846,
         0.1141],
        [0.0818, 0.0796, 0.1057, 0.1315, 0.0857, 0.0884, 0.0747, 0.1088, 0.1490,
         0.0947],
        [0.0755, 0.0739, 0.0892, 0.1397, 0.0772, 0.2103, 0.0597, 0.1053, 0.0956,
         0.0737],
        [0.0699, 0.0872, 0.1009, 0.1206, 0.0860, 0.0838, 0.0712, 0.1052, 0.1580,
         0.1172],
        [0.0728, 0.0707, 0.0909, 0.1661, 0.0862, 0.1357, 0.0637, 0.1152, 0.1148,
         0.0839],
        [0.0709, 0.0776, 0.1307, 0.1716, 0.0879, 0.0828, 0.0741, 0.1041, 0.0966,
         0.1037],
        [0.0623, 0.0830, 0.0789, 0.1586, 0.0870, 0.0804, 0.0641, 0.1946, 0.0924,
         0.0987],
        [0.0708, 0.0814, 0.1713, 0.1083, 0.1039, 0.0794, 0.0757, 0.1007, 0.0936,
         0.1149],
        [0.0673, 0.0829, 0.0803, 0.1550, 0.0841, 0.0879, 0.0634, 0.1859, 0.0946,
         0.0986],
        [0.0653, 0.0906, 0.0979, 0.1444, 0.0889, 0.0824, 0.0601, 0.1694, 0.0787,
         0.1223],
        [0.0609, 0.0672, 0.0935, 0.1155, 0.2239, 0.0806, 0.0689, 0.1139, 0.0875,
         0.0881]], device='cuda:0', grad_fn=<SoftmaxBackward>)
>> best accuracy: 91.16666666666666	best epoch: 5

>> final recovery rate: 19.974074074074075%
>> val epoch: 10
>> current accuracy: 86.91666666666666%
outputs: tensor([[0.0987, 0.0502, 0.0893, 0.0811, 0.2262, 0.0796, 0.1094, 0.0779, 0.1040,
         0.0837],
        [0.0681, 0.0718, 0.0733, 0.1401, 0.0791, 0.0697, 0.1033, 0.0987, 0.0807,
         0.2151],
        [0.0833, 0.0852, 0.1786, 0.1175, 0.0624, 0.1033, 0.0802, 0.0860, 0.0911,
         0.1124],
        [0.0991, 0.0854, 0.0852, 0.2199, 0.0836, 0.0980, 0.0843, 0.0914, 0.0663,
         0.0868],
        [0.0855, 0.0558, 0.0951, 0.1052, 0.0586, 0.0984, 0.0880, 0.0768, 0.2363,
         0.1003],
        [0.0947, 0.0893, 0.0850, 0.1063, 0.0671, 0.1066, 0.1654, 0.1198, 0.0734,
         0.0923],
        [0.0513, 0.1135, 0.1139, 0.2277, 0.0492, 0.0934, 0.1056, 0.0904, 0.0859,
         0.0692],
        [0.0650, 0.1614, 0.0805, 0.1181, 0.0821, 0.0941, 0.0956, 0.1063, 0.0802,
         0.1166],
        [0.0743, 0.2147, 0.0850, 0.1126, 0.0702, 0.0855, 0.0854, 0.1226, 0.0657,
         0.0838],
        [0.0778, 0.0879, 0.1022, 0.1162, 0.0808, 0.0885, 0.1043, 0.0710, 0.0851,
         0.1863],
        [0.0851, 0.0783, 0.0796, 0.1036, 0.0602, 0.0847, 0.0961, 0.2734, 0.0657,
         0.0732],
        [0.0764, 0.0769, 0.0947, 0.1136, 0.0837, 0.1827, 0.1088, 0.1028, 0.0869,
         0.0733],
        [0.0857, 0.0664, 0.0694, 0.1067, 0.0812, 0.2117, 0.0590, 0.1017, 0.0913,
         0.1269],
        [0.1310, 0.0602, 0.0976, 0.0888, 0.0817, 0.0993, 0.1512, 0.1337, 0.0890,
         0.0675],
        [0.0821, 0.1109, 0.1209, 0.1312, 0.0830, 0.1049, 0.0857, 0.1235, 0.0613,
         0.0965],
        [0.1055, 0.0810, 0.0684, 0.0960, 0.0821, 0.0905, 0.0970, 0.1020, 0.0780,
         0.1994],
        [0.0629, 0.1857, 0.0922, 0.1047, 0.0696, 0.0908, 0.0928, 0.1060, 0.0934,
         0.1019],
        [0.0817, 0.0512, 0.1494, 0.1232, 0.0553, 0.1032, 0.0950, 0.0929, 0.1635,
         0.0846],
        [0.1030, 0.0883, 0.0649, 0.2265, 0.0611, 0.1317, 0.0768, 0.0851, 0.0934,
         0.0692],
        [0.0796, 0.1922, 0.0884, 0.1095, 0.0681, 0.0945, 0.0782, 0.1135, 0.0913,
         0.0848],
        [0.0745, 0.2047, 0.0801, 0.1114, 0.0719, 0.0876, 0.0891, 0.1227, 0.0701,
         0.0878],
        [0.1197, 0.0646, 0.0685, 0.0914, 0.0674, 0.0823, 0.0979, 0.1675, 0.1217,
         0.1190],
        [0.0921, 0.0885, 0.0764, 0.0860, 0.1021, 0.1731, 0.0717, 0.0889, 0.0617,
         0.1594],
        [0.0796, 0.0777, 0.0898, 0.1151, 0.0913, 0.0818, 0.1297, 0.0818, 0.1726,
         0.0805],
        [0.1072, 0.0424, 0.0860, 0.0825, 0.0596, 0.2388, 0.0444, 0.1131, 0.1264,
         0.0996],
        [0.1962, 0.0556, 0.0829, 0.0961, 0.0666, 0.0974, 0.0998, 0.1269, 0.0859,
         0.0926],
        [0.0648, 0.0522, 0.0854, 0.1203, 0.0805, 0.2037, 0.0812, 0.0981, 0.1312,
         0.0827],
        [0.0640, 0.1190, 0.1258, 0.1065, 0.0990, 0.0860, 0.0969, 0.1009, 0.1262,
         0.0757],
        [0.0946, 0.0570, 0.0930, 0.1063, 0.0876, 0.2104, 0.0782, 0.0877, 0.0864,
         0.0989],
        [0.0910, 0.0631, 0.0744, 0.0883, 0.0765, 0.0833, 0.1214, 0.0675, 0.0981,
         0.2365],
        [0.1302, 0.0499, 0.1765, 0.1064, 0.0535, 0.1049, 0.0908, 0.1114, 0.0908,
         0.0857],
        [0.0795, 0.1050, 0.1014, 0.1107, 0.0835, 0.1025, 0.0898, 0.1251, 0.1050,
         0.0975],
        [0.0570, 0.1638, 0.1207, 0.0994, 0.0910, 0.0834, 0.1100, 0.1002, 0.0807,
         0.0939],
        [0.0954, 0.0691, 0.0855, 0.1097, 0.0676, 0.1254, 0.0922, 0.1478, 0.1118,
         0.0957],
        [0.0706, 0.2127, 0.1022, 0.1173, 0.0664, 0.0930, 0.0821, 0.1042, 0.0736,
         0.0780],
        [0.0900, 0.0744, 0.0778, 0.1862, 0.0775, 0.1479, 0.0974, 0.0931, 0.0885,
         0.0670],
        [0.1311, 0.0792, 0.0640, 0.1087, 0.0682, 0.0986, 0.0680, 0.2356, 0.0666,
         0.0800],
        [0.0650, 0.0512, 0.2158, 0.0996, 0.0605, 0.0947, 0.1091, 0.1156, 0.1148,
         0.0737],
        [0.0918, 0.0616, 0.0940, 0.0940, 0.1440, 0.1000, 0.0932, 0.1051, 0.1196,
         0.0967],
        [0.0892, 0.0454, 0.0722, 0.0958, 0.0742, 0.2421, 0.0620, 0.1134, 0.1539,
         0.0517],
        [0.0635, 0.1760, 0.0975, 0.1051, 0.0777, 0.0911, 0.0796, 0.1007, 0.1147,
         0.0941],
        [0.0788, 0.0587, 0.0666, 0.1250, 0.0743, 0.0721, 0.2221, 0.0967, 0.0972,
         0.1086],
        [0.1223, 0.0521, 0.0997, 0.1006, 0.0655, 0.1135, 0.1837, 0.1310, 0.0767,
         0.0549],
        [0.0902, 0.0958, 0.1181, 0.1380, 0.0659, 0.0878, 0.0858, 0.1117, 0.0977,
         0.1090],
        [0.0976, 0.0956, 0.0829, 0.1850, 0.0640, 0.1069, 0.0834, 0.1377, 0.0624,
         0.0844],
        [0.0883, 0.0798, 0.1758, 0.0879, 0.0770, 0.1034, 0.0942, 0.0959, 0.0886,
         0.1091],
        [0.1107, 0.0631, 0.0971, 0.2215, 0.0719, 0.0916, 0.0871, 0.0827, 0.0911,
         0.0832],
        [0.2093, 0.0782, 0.0674, 0.0878, 0.0716, 0.1171, 0.0881, 0.1464, 0.0720,
         0.0621]], device='cuda:0', grad_fn=<SoftmaxBackward>)
>> best accuracy: 91.16666666666666	best epoch: 5

>> final recovery rate: 19.974074074074075%
>> val epoch: 15
>> current accuracy: 36.199999999999996%
outputs: tensor([[0.0365, 0.0662, 0.1157, 0.0514, 0.1107, 0.0675, 0.1517, 0.1655, 0.0655,
         0.1694],
        [0.0246, 0.2590, 0.0249, 0.1654, 0.1353, 0.1924, 0.0274, 0.0125, 0.0612,
         0.0973],
        [0.0399, 0.2477, 0.0926, 0.0534, 0.0584, 0.1435, 0.0954, 0.1303, 0.0463,
         0.0925],
        [0.1974, 0.0424, 0.0522, 0.0739, 0.1710, 0.0815, 0.0484, 0.1356, 0.0764,
         0.1212],
        [0.0956, 0.0720, 0.0926, 0.0360, 0.0331, 0.3100, 0.0392, 0.2584, 0.0425,
         0.0205],
        [0.1545, 0.1873, 0.0453, 0.0431, 0.0284, 0.1437, 0.0895, 0.0530, 0.0450,
         0.2102],
        [0.0852, 0.2160, 0.0717, 0.0842, 0.0548, 0.0977, 0.0522, 0.1852, 0.0994,
         0.0535],
        [0.0741, 0.0759, 0.1339, 0.3360, 0.0367, 0.0690, 0.1118, 0.0448, 0.0703,
         0.0477],
        [0.0820, 0.4425, 0.0847, 0.1002, 0.0512, 0.0606, 0.0496, 0.0547, 0.0407,
         0.0339],
        [0.0412, 0.0486, 0.1075, 0.3064, 0.0721, 0.0454, 0.1353, 0.0223, 0.1021,
         0.1191],
        [0.1627, 0.1008, 0.0881, 0.0840, 0.0771, 0.1428, 0.0838, 0.1039, 0.0772,
         0.0795],
        [0.1594, 0.1911, 0.0644, 0.0344, 0.0979, 0.0840, 0.0297, 0.1545, 0.0943,
         0.0903],
        [0.1057, 0.0439, 0.0633, 0.1066, 0.0981, 0.0335, 0.0638, 0.1291, 0.0280,
         0.3280],
        [0.0468, 0.2208, 0.0505, 0.2606, 0.0599, 0.1071, 0.0177, 0.0380, 0.1075,
         0.0910],
        [0.1031, 0.3032, 0.0343, 0.0467, 0.0502, 0.1437, 0.0545, 0.1233, 0.0885,
         0.0525],
        [0.0550, 0.0430, 0.0521, 0.0338, 0.1974, 0.0357, 0.0034, 0.0321, 0.0592,
         0.4883],
        [0.0586, 0.0546, 0.2376, 0.0747, 0.1204, 0.0574, 0.1051, 0.0766, 0.1113,
         0.1037],
        [0.1593, 0.0254, 0.0514, 0.1508, 0.1422, 0.0645, 0.0441, 0.1407, 0.0465,
         0.1752],
        [0.0542, 0.0744, 0.1017, 0.0270, 0.1053, 0.2858, 0.0570, 0.0556, 0.0494,
         0.1897],
        [0.0573, 0.0363, 0.0539, 0.1720, 0.0675, 0.1790, 0.1818, 0.1625, 0.0607,
         0.0290],
        [0.0166, 0.0423, 0.1973, 0.0205, 0.0530, 0.1176, 0.0568, 0.0319, 0.4375,
         0.0266],
        [0.0667, 0.1024, 0.0643, 0.0496, 0.0384, 0.3323, 0.0670, 0.1557, 0.0576,
         0.0659],
        [0.1737, 0.0246, 0.0168, 0.0427, 0.2635, 0.0897, 0.0151, 0.1049, 0.0976,
         0.1713],
        [0.0141, 0.2383, 0.0366, 0.1880, 0.0472, 0.2919, 0.1382, 0.0132, 0.0090,
         0.0234],
        [0.1863, 0.0209, 0.0844, 0.0370, 0.1765, 0.2487, 0.0408, 0.0983, 0.0714,
         0.0358],
        [0.3012, 0.0316, 0.0487, 0.1018, 0.1096, 0.0279, 0.0627, 0.1172, 0.0337,
         0.1655],
        [0.1590, 0.0720, 0.1589, 0.2911, 0.0209, 0.0847, 0.0925, 0.0653, 0.0249,
         0.0308],
        [0.0875, 0.2510, 0.0650, 0.0970, 0.0710, 0.1138, 0.0853, 0.1172, 0.0537,
         0.0584],
        [0.1403, 0.1263, 0.0509, 0.1182, 0.0119, 0.1267, 0.1196, 0.0631, 0.0689,
         0.1739],
        [0.0932, 0.1333, 0.0844, 0.0880, 0.0728, 0.1907, 0.1264, 0.0296, 0.0616,
         0.1200],
        [0.0447, 0.0150, 0.2115, 0.0553, 0.0773, 0.1070, 0.1216, 0.1601, 0.0998,
         0.1077],
        [0.0304, 0.1073, 0.0371, 0.2919, 0.0417, 0.1353, 0.0995, 0.0812, 0.0184,
         0.1570],
        [0.0756, 0.0598, 0.0534, 0.0893, 0.0860, 0.3631, 0.1183, 0.0688, 0.0756,
         0.0101],
        [0.0053, 0.1662, 0.1186, 0.2282, 0.0082, 0.2751, 0.1063, 0.0449, 0.0292,
         0.0179],
        [0.0724, 0.0124, 0.1214, 0.0676, 0.2595, 0.0580, 0.0952, 0.0510, 0.2051,
         0.0575],
        [0.1134, 0.1214, 0.3295, 0.0324, 0.0376, 0.1429, 0.0111, 0.0523, 0.0737,
         0.0855],
        [0.0361, 0.0631, 0.1307, 0.0356, 0.0454, 0.1651, 0.1567, 0.3332, 0.0160,
         0.0180],
        [0.0544, 0.1394, 0.0887, 0.1202, 0.0412, 0.2192, 0.1474, 0.0949, 0.0478,
         0.0468],
        [0.0382, 0.0813, 0.0209, 0.0755, 0.0563, 0.1012, 0.0267, 0.3942, 0.1879,
         0.0178],
        [0.0782, 0.1711, 0.0761, 0.0413, 0.0578, 0.1223, 0.1713, 0.0974, 0.0871,
         0.0974],
        [0.2463, 0.0235, 0.0409, 0.0430, 0.0951, 0.0426, 0.0600, 0.0975, 0.0704,
         0.2807],
        [0.0747, 0.0098, 0.0621, 0.0933, 0.1749, 0.0450, 0.0358, 0.0576, 0.1733,
         0.2734],
        [0.0855, 0.2298, 0.0864, 0.1292, 0.0353, 0.0776, 0.1442, 0.1084, 0.0280,
         0.0756],
        [0.0399, 0.0879, 0.1008, 0.1296, 0.1434, 0.1682, 0.0772, 0.0573, 0.0899,
         0.1058],
        [0.1198, 0.0165, 0.0683, 0.0169, 0.4540, 0.1181, 0.0234, 0.0575, 0.1213,
         0.0041],
        [0.0136, 0.0453, 0.0401, 0.1770, 0.0643, 0.0447, 0.4856, 0.0267, 0.0440,
         0.0587],
        [0.0270, 0.0495, 0.0496, 0.0638, 0.0402, 0.5003, 0.0570, 0.1326, 0.0674,
         0.0126],
        [0.0378, 0.0503, 0.1311, 0.0441, 0.0906, 0.1011, 0.0798, 0.3313, 0.0316,
         0.1024]], device='cuda:0', grad_fn=<SoftmaxBackward>)
>> best accuracy: 91.16666666666666	best epoch: 5

>> final recovery rate: 19.974074074074075%
>> val epoch: 20
>> current accuracy: 24.98333333333333%
outputs: tensor([[4.8507e-03, 8.5228e-01, 7.0517e-02, 2.7632e-02, 1.1505e-02, 2.3337e-03,
         1.1084e-02, 3.6789e-03, 1.0558e-02, 5.5656e-03],
        [8.0829e-04, 6.4069e-03, 9.2884e-01, 7.4982e-05, 3.8219e-04, 6.8579e-03,
         5.5331e-04, 5.4107e-02, 3.2736e-05, 1.9382e-03],
        [4.8648e-03, 1.7951e-03, 8.0312e-03, 7.7364e-01, 1.6009e-02, 1.1207e-04,
         1.6724e-01, 7.0465e-04, 2.6973e-02, 6.2576e-04],
        [5.7602e-05, 9.6051e-04, 1.7821e-02, 8.5810e-04, 1.0901e-03, 1.6603e-03,
         9.7404e-01, 2.6257e-03, 4.9186e-04, 3.9550e-04],
        [6.5983e-01, 2.4813e-02, 3.3109e-03, 2.0838e-01, 7.2054e-04, 1.1822e-02,
         1.0845e-02, 6.6702e-04, 8.4800e-03, 7.1136e-02],
        [1.7377e-03, 3.1530e-05, 1.7418e-03, 5.8249e-06, 9.8930e-01, 5.9878e-03,
         8.6346e-07, 6.0698e-04, 2.7114e-04, 3.1902e-04],
        [6.7677e-02, 1.1342e-01, 6.4837e-02, 5.3178e-02, 2.3305e-01, 3.0432e-02,
         2.7771e-02, 3.9024e-02, 4.3770e-02, 3.2685e-01],
        [1.1327e-01, 1.7983e-01, 1.0946e-02, 2.0472e-01, 6.4450e-02, 2.0549e-02,
         2.2469e-02, 2.2704e-02, 1.7416e-01, 1.8689e-01],
        [3.5110e-02, 1.8946e-01, 2.3094e-02, 1.8413e-02, 3.9988e-02, 6.6297e-02,
         4.3911e-02, 2.5427e-01, 3.1934e-03, 3.2626e-01],
        [7.0041e-01, 1.8574e-04, 2.6681e-03, 8.4732e-04, 4.8834e-03, 1.3463e-02,
         1.5798e-02, 2.2331e-04, 5.0829e-03, 2.5644e-01],
        [2.7089e-01, 1.1504e-02, 1.0329e-01, 1.9413e-03, 3.1085e-02, 1.5204e-01,
         1.4221e-02, 2.7165e-01, 1.3829e-01, 5.0893e-03],
        [1.8027e-02, 3.1219e-02, 6.5467e-03, 2.2278e-02, 4.0381e-03, 1.2931e-02,
         8.8456e-03, 1.3106e-02, 1.0034e-03, 8.8201e-01],
        [1.7835e-01, 2.8728e-02, 7.9955e-04, 1.1380e-02, 4.0590e-03, 2.9686e-03,
         1.2658e-02, 6.2255e-03, 2.8693e-03, 7.5196e-01],
        [6.0768e-02, 4.7290e-02, 4.9107e-02, 8.1492e-04, 6.9895e-03, 7.7764e-01,
         1.0164e-03, 4.6631e-02, 6.9686e-03, 2.7764e-03],
        [8.3474e-02, 3.9065e-01, 6.2659e-02, 3.4911e-02, 2.8317e-02, 5.5660e-02,
         2.2014e-02, 6.8731e-02, 2.0612e-01, 4.7463e-02],
        [4.7673e-02, 3.3693e-01, 1.8395e-02, 5.6839e-02, 1.7717e-02, 4.8401e-02,
         2.5591e-02, 1.3249e-02, 1.8713e-01, 2.4808e-01],
        [3.6968e-02, 2.1819e-02, 3.9431e-03, 5.8284e-03, 3.5106e-02, 1.2715e-02,
         1.0591e-02, 2.9105e-01, 5.7415e-01, 7.8232e-03],
        [6.9406e-05, 3.8629e-02, 4.0301e-03, 8.8253e-01, 1.2394e-04, 2.8548e-03,
         5.4321e-02, 7.6829e-04, 1.5005e-02, 1.6723e-03],
        [2.3117e-02, 8.9348e-03, 5.4319e-01, 4.6029e-02, 3.9826e-04, 2.6521e-03,
         7.8024e-04, 1.7296e-02, 3.5727e-01, 3.3272e-04],
        [6.3447e-03, 7.6187e-03, 2.8869e-02, 6.9450e-01, 4.7619e-02, 2.9715e-02,
         3.1350e-03, 6.9879e-02, 1.0574e-01, 6.5826e-03],
        [3.0792e-02, 1.6943e-02, 2.0638e-02, 4.4486e-02, 1.0343e-01, 2.6147e-01,
         2.5672e-03, 3.3749e-02, 4.8391e-01, 2.0123e-03],
        [3.6840e-01, 3.2255e-03, 2.2027e-02, 1.9059e-02, 3.3237e-01, 8.1778e-03,
         1.2933e-01, 8.1843e-02, 1.3896e-02, 2.1674e-02],
        [4.1236e-02, 6.5838e-03, 5.4598e-03, 4.0397e-02, 3.5263e-01, 4.1174e-02,
         1.9754e-01, 7.0004e-03, 1.9723e-01, 1.1075e-01],
        [2.9000e-04, 1.8305e-03, 8.4632e-01, 2.2496e-03, 5.0668e-02, 7.3937e-04,
         8.5011e-04, 9.3877e-02, 2.8676e-04, 2.8871e-03],
        [3.4042e-02, 1.2509e-02, 3.3733e-03, 1.8183e-01, 4.1778e-02, 5.4458e-03,
         2.4019e-01, 2.3847e-02, 2.4727e-02, 4.3226e-01],
        [7.6095e-02, 5.9120e-02, 4.3538e-02, 3.7276e-02, 3.2495e-03, 5.7942e-03,
         4.5142e-04, 2.5032e-03, 7.6748e-01, 4.4894e-03],
        [2.8397e-02, 1.0483e-02, 3.2196e-02, 5.7722e-04, 4.8930e-01, 2.5018e-01,
         2.2095e-03, 7.4147e-02, 6.8627e-03, 1.0565e-01],
        [1.7896e-03, 2.3643e-02, 1.2467e-01, 9.5868e-02, 2.6775e-01, 4.6415e-01,
         1.9208e-04, 4.2805e-04, 2.0509e-02, 1.0050e-03],
        [1.7857e-01, 1.5043e-02, 3.9353e-02, 1.2882e-02, 4.3512e-03, 1.8203e-01,
         1.3871e-01, 1.1701e-01, 2.9884e-01, 1.3208e-02],
        [2.0060e-02, 7.7876e-02, 3.0218e-02, 3.7209e-01, 3.6977e-03, 4.8957e-02,
         7.8508e-02, 9.2781e-02, 1.6213e-02, 2.5960e-01],
        [2.1885e-01, 3.6049e-05, 6.6995e-03, 1.1738e-02, 1.3782e-01, 2.1528e-03,
         5.6480e-01, 5.3398e-02, 3.9715e-03, 5.2842e-04],
        [1.7026e-02, 7.9449e-03, 3.5012e-03, 8.3069e-03, 8.1381e-01, 2.5593e-03,
         6.1156e-03, 2.1667e-02, 1.6076e-02, 1.0299e-01],
        [1.1238e-02, 1.4033e-02, 1.1613e-02, 1.3811e-02, 2.7231e-02, 4.1719e-01,
         3.7192e-03, 2.3349e-01, 1.8624e-01, 8.1431e-02],
        [1.2761e-01, 6.1656e-02, 5.7690e-02, 8.2421e-02, 8.4717e-02, 2.9190e-02,
         1.2418e-01, 2.8759e-01, 4.6844e-02, 9.8103e-02],
        [5.1936e-04, 9.9232e-04, 7.2432e-02, 1.3439e-03, 9.1341e-01, 3.6711e-04,
         1.3545e-04, 1.0878e-03, 5.9774e-03, 3.7347e-03],
        [1.1922e-01, 6.5050e-04, 1.8203e-03, 1.3939e-02, 2.2616e-03, 5.0261e-02,
         4.9429e-04, 4.4606e-01, 3.6479e-01, 4.9860e-04],
        [1.8426e-03, 9.4217e-01, 5.6631e-03, 1.0617e-03, 1.5382e-03, 2.0405e-02,
         5.8041e-03, 3.4339e-03, 1.0726e-03, 1.7008e-02],
        [8.3180e-02, 3.0991e-03, 6.2587e-02, 2.6079e-01, 4.9518e-02, 1.6838e-02,
         1.7699e-02, 2.0873e-01, 9.7186e-02, 2.0037e-01],
        [7.9210e-01, 3.3082e-04, 3.5501e-03, 8.4686e-02, 4.5225e-03, 1.9944e-03,
         8.1115e-02, 2.9894e-02, 1.6923e-04, 1.6343e-03],
        [5.6944e-05, 1.3918e-04, 7.5626e-04, 7.8527e-04, 8.9176e-05, 1.9388e-02,
         2.3864e-03, 3.2208e-06, 9.7629e-01, 1.0187e-04],
        [1.2316e-04, 7.0532e-04, 8.6408e-04, 6.4146e-04, 1.5616e-04, 4.7315e-04,
         9.4201e-07, 9.9616e-01, 2.1413e-05, 8.5237e-04],
        [3.4954e-01, 2.6796e-01, 2.5275e-01, 4.6564e-02, 6.3650e-02, 2.3171e-03,
         2.9385e-03, 4.9771e-03, 5.8750e-03, 3.4343e-03],
        [5.0153e-05, 3.9309e-03, 4.9709e-03, 9.5423e-01, 9.6979e-03, 2.8294e-03,
         2.9910e-03, 1.2933e-04, 7.1064e-03, 1.4064e-02],
        [5.7602e-03, 2.7513e-03, 6.5865e-02, 2.5299e-02, 1.9790e-01, 9.0327e-04,
         6.6335e-01, 1.3304e-02, 1.6661e-02, 8.2101e-03],
        [5.2690e-02, 8.8708e-02, 8.5280e-02, 1.3453e-02, 1.7020e-02, 2.9183e-02,
         6.0712e-01, 6.7143e-02, 2.8156e-02, 1.1248e-02],
        [3.7205e-03, 1.2560e-02, 1.0687e-02, 1.0188e-02, 1.1734e-02, 1.3075e-02,
         5.1029e-03, 8.6447e-04, 4.6837e-04, 9.3160e-01],
        [1.7189e-03, 2.8461e-02, 2.4448e-02, 3.7833e-01, 4.8684e-01, 7.2388e-03,
         9.6701e-03, 1.3762e-02, 4.7388e-02, 2.1375e-03],
        [6.2969e-01, 8.7906e-04, 2.2161e-02, 4.2413e-02, 2.7431e-01, 9.6498e-03,
         1.6717e-02, 4.0851e-04, 3.7200e-03, 4.7508e-05]], device='cuda:0',
       grad_fn=<SoftmaxBackward>)
>> best accuracy: 91.16666666666666	best epoch: 5

>> final recovery rate: 19.974074074074075%
