noise type: uniform
noise level: 0.4
when_to_apply_epoch: 25
total clean data num: 26941
probability transition matrix:
[[0.6        0.04444444 0.04444444 0.04444444 0.04444444 0.04444444
  0.04444444 0.04444444 0.04444444 0.04444444]
 [0.04444444 0.6        0.04444444 0.04444444 0.04444444 0.04444444
  0.04444444 0.04444444 0.04444444 0.04444444]
 [0.04444444 0.04444444 0.6        0.04444444 0.04444444 0.04444444
  0.04444444 0.04444444 0.04444444 0.04444444]
 [0.04444444 0.04444444 0.04444444 0.6        0.04444444 0.04444444
  0.04444444 0.04444444 0.04444444 0.04444444]
 [0.04444444 0.04444444 0.04444444 0.04444444 0.6        0.04444444
  0.04444444 0.04444444 0.04444444 0.04444444]
 [0.04444444 0.04444444 0.04444444 0.04444444 0.04444444 0.6
  0.04444444 0.04444444 0.04444444 0.04444444]
 [0.04444444 0.04444444 0.04444444 0.04444444 0.04444444 0.04444444
  0.6        0.04444444 0.04444444 0.04444444]
 [0.04444444 0.04444444 0.04444444 0.04444444 0.04444444 0.04444444
  0.04444444 0.6        0.04444444 0.04444444]
 [0.04444444 0.04444444 0.04444444 0.04444444 0.04444444 0.04444444
  0.04444444 0.04444444 0.6        0.04444444]
 [0.04444444 0.04444444 0.04444444 0.04444444 0.04444444 0.04444444
  0.04444444 0.04444444 0.04444444 0.6       ]]
>> val epoch: 0
>> current accuracy: 41.120000000000005%
outputs: tensor([[0.2418, 0.1429, 0.0975, 0.0540, 0.0473, 0.0662, 0.0515, 0.0669, 0.2033,
         0.0287],
        [0.0534, 0.3937, 0.0221, 0.0420, 0.0127, 0.0301, 0.0479, 0.0574, 0.0797,
         0.2611],
        [0.3054, 0.0458, 0.0532, 0.0428, 0.0465, 0.0478, 0.0384, 0.2301, 0.0746,
         0.1155],
        [0.2031, 0.0302, 0.0801, 0.0398, 0.0307, 0.0924, 0.0373, 0.0380, 0.4265,
         0.0219],
        [0.0265, 0.0150, 0.0311, 0.0457, 0.0633, 0.0687, 0.0268, 0.6763, 0.0170,
         0.0297],
        [0.1065, 0.0301, 0.1677, 0.1016, 0.1541, 0.1392, 0.0803, 0.0723, 0.1063,
         0.0420],
        [0.0650, 0.0449, 0.1557, 0.1126, 0.1830, 0.0936, 0.1257, 0.1254, 0.0380,
         0.0561],
        [0.2379, 0.1128, 0.0517, 0.0447, 0.0217, 0.0646, 0.0372, 0.0572, 0.3413,
         0.0308],
        [0.2244, 0.0505, 0.1443, 0.0724, 0.0776, 0.0735, 0.0622, 0.1362, 0.0911,
         0.0678],
        [0.0523, 0.1047, 0.0272, 0.0601, 0.0240, 0.0371, 0.1044, 0.0769, 0.0610,
         0.4521],
        [0.0633, 0.0455, 0.0789, 0.1673, 0.0724, 0.1030, 0.2490, 0.0914, 0.0486,
         0.0806],
        [0.0708, 0.0567, 0.0485, 0.1088, 0.0459, 0.0935, 0.0731, 0.1899, 0.0604,
         0.2522],
        [0.0905, 0.2685, 0.0303, 0.0546, 0.0186, 0.0432, 0.0614, 0.0649, 0.1261,
         0.2419],
        [0.0693, 0.0461, 0.1087, 0.1265, 0.1147, 0.0932, 0.1450, 0.1713, 0.0405,
         0.0846],
        [0.1043, 0.1316, 0.0837, 0.1232, 0.0385, 0.2061, 0.0526, 0.0999, 0.1035,
         0.0567],
        [0.0459, 0.0373, 0.0482, 0.1218, 0.0573, 0.1033, 0.0670, 0.3923, 0.0388,
         0.0880],
        [0.0704, 0.1148, 0.0500, 0.0878, 0.0385, 0.0597, 0.0745, 0.0898, 0.0922,
         0.3222],
        [0.0592, 0.0531, 0.0689, 0.1275, 0.0857, 0.1041, 0.3080, 0.0875, 0.0509,
         0.0552],
        [0.0486, 0.0229, 0.0290, 0.0693, 0.0612, 0.0524, 0.0606, 0.4445, 0.0289,
         0.1825],
        [0.0683, 0.0524, 0.0299, 0.0872, 0.0217, 0.0384, 0.1474, 0.1402, 0.0613,
         0.3532],
        [0.0456, 0.0632, 0.0338, 0.0901, 0.0344, 0.0598, 0.0660, 0.2220, 0.0485,
         0.3365],
        [0.0808, 0.0297, 0.1093, 0.1118, 0.0879, 0.1492, 0.0870, 0.2255, 0.0500,
         0.0686],
        [0.0434, 0.0229, 0.0905, 0.1741, 0.0839, 0.2178, 0.0725, 0.1924, 0.0475,
         0.0549],
        [0.6478, 0.0177, 0.0924, 0.0255, 0.0272, 0.0544, 0.0270, 0.0381, 0.0542,
         0.0156],
        [0.0567, 0.0435, 0.1164, 0.1067, 0.2015, 0.0986, 0.1713, 0.1164, 0.0396,
         0.0493],
        [0.0682, 0.0285, 0.0842, 0.0932, 0.1664, 0.0871, 0.1051, 0.2727, 0.0390,
         0.0555],
        [0.0752, 0.1452, 0.0317, 0.0877, 0.0294, 0.0532, 0.0824, 0.1183, 0.0376,
         0.3393],
        [0.0632, 0.0389, 0.1443, 0.0752, 0.2256, 0.0609, 0.1911, 0.1127, 0.0304,
         0.0577],
        [0.2419, 0.1496, 0.0656, 0.0447, 0.0265, 0.0651, 0.0404, 0.0653, 0.2502,
         0.0508],
        [0.0653, 0.5731, 0.0301, 0.0422, 0.0191, 0.0281, 0.0543, 0.0543, 0.0627,
         0.0709],
        [0.0983, 0.0539, 0.0813, 0.1332, 0.0438, 0.1595, 0.0660, 0.1414, 0.0872,
         0.1354],
        [0.0563, 0.0314, 0.1083, 0.1351, 0.1720, 0.1398, 0.0766, 0.1844, 0.0446,
         0.0513],
        [0.0721, 0.0666, 0.1668, 0.0802, 0.2375, 0.0481, 0.1762, 0.0623, 0.0337,
         0.0565],
        [0.0446, 0.0217, 0.0798, 0.1203, 0.1267, 0.1609, 0.0833, 0.2681, 0.0427,
         0.0518],
        [0.0337, 0.0193, 0.0492, 0.0777, 0.0717, 0.1087, 0.0372, 0.5325, 0.0276,
         0.0425],
        [0.0690, 0.0294, 0.0920, 0.1868, 0.0841, 0.1900, 0.0730, 0.1527, 0.0495,
         0.0736],
        [0.0623, 0.1144, 0.0613, 0.1684, 0.0354, 0.2089, 0.0753, 0.0956, 0.1031,
         0.0753],
        [0.0749, 0.0303, 0.1370, 0.0732, 0.2678, 0.0773, 0.1118, 0.1422, 0.0402,
         0.0455],
        [0.0750, 0.0397, 0.0693, 0.0879, 0.0638, 0.0726, 0.3808, 0.0806, 0.0476,
         0.0828],
        [0.0349, 0.6576, 0.0231, 0.0314, 0.0120, 0.0258, 0.0359, 0.0414, 0.0922,
         0.0457],
        [0.1548, 0.0441, 0.1204, 0.0748, 0.1098, 0.0839, 0.0769, 0.0883, 0.1640,
         0.0830],
        [0.0910, 0.0596, 0.0805, 0.0900, 0.1191, 0.0651, 0.2597, 0.0943, 0.0629,
         0.0777],
        [0.1677, 0.0671, 0.0704, 0.0564, 0.0372, 0.0854, 0.0677, 0.0598, 0.2644,
         0.1241],
        [0.0606, 0.5351, 0.0296, 0.0640, 0.0124, 0.0390, 0.0596, 0.0474, 0.0974,
         0.0548],
        [0.0431, 0.0346, 0.0603, 0.1367, 0.0516, 0.2049, 0.0624, 0.2993, 0.0531,
         0.0540],
        [0.0585, 0.0355, 0.0563, 0.1627, 0.0629, 0.1177, 0.2095, 0.1662, 0.0452,
         0.0853],
        [0.0841, 0.1549, 0.0420, 0.1066, 0.0272, 0.0718, 0.0911, 0.0727, 0.0970,
         0.2525],
        [0.1764, 0.1626, 0.0622, 0.0514, 0.0295, 0.0761, 0.0596, 0.0556, 0.2616,
         0.0650],
        [0.0478, 0.0435, 0.0464, 0.0667, 0.0788, 0.0443, 0.5035, 0.0838, 0.0315,
         0.0538],
        [0.0750, 0.0502, 0.2095, 0.0604, 0.2794, 0.0469, 0.0910, 0.1032, 0.0258,
         0.0586],
        [0.0749, 0.0527, 0.1461, 0.1288, 0.1485, 0.0851, 0.1515, 0.1090, 0.0422,
         0.0612],
        [0.1921, 0.0765, 0.0615, 0.0419, 0.0194, 0.0755, 0.0360, 0.0563, 0.4096,
         0.0313],
        [0.1142, 0.1613, 0.0451, 0.0610, 0.0417, 0.0415, 0.1733, 0.1023, 0.0769,
         0.1827],
        [0.0453, 0.1530, 0.0151, 0.0284, 0.0115, 0.0209, 0.0384, 0.0702, 0.0290,
         0.5880],
        [0.0557, 0.0347, 0.0193, 0.0385, 0.0351, 0.0337, 0.0361, 0.3805, 0.0241,
         0.3422],
        [0.0511, 0.0344, 0.0401, 0.0641, 0.0393, 0.0385, 0.5933, 0.0558, 0.0363,
         0.0473],
        [0.0623, 0.0949, 0.0533, 0.1430, 0.0426, 0.1297, 0.0808, 0.1388, 0.0794,
         0.1752],
        [0.0790, 0.0426, 0.0711, 0.0911, 0.0928, 0.0673, 0.3295, 0.1181, 0.0424,
         0.0662],
        [0.0642, 0.0477, 0.2129, 0.0701, 0.2678, 0.0710, 0.0989, 0.0918, 0.0295,
         0.0462],
        [0.1344, 0.0751, 0.0856, 0.0593, 0.0488, 0.0681, 0.0683, 0.0691, 0.2359,
         0.1553],
        [0.1133, 0.0703, 0.1086, 0.1239, 0.0847, 0.0783, 0.1130, 0.1265, 0.0672,
         0.1143],
        [0.0668, 0.0348, 0.2724, 0.0556, 0.2438, 0.0665, 0.0442, 0.1411, 0.0206,
         0.0542],
        [0.0289, 0.0157, 0.0325, 0.0538, 0.0549, 0.0689, 0.0326, 0.6328, 0.0190,
         0.0609],
        [0.0613, 0.0279, 0.1026, 0.1359, 0.1670, 0.1676, 0.0964, 0.1413, 0.0632,
         0.0368],
        [0.0760, 0.5297, 0.0279, 0.0379, 0.0105, 0.0366, 0.0373, 0.0446, 0.1159,
         0.0837],
        [0.0606, 0.0207, 0.0731, 0.1041, 0.1245, 0.0932, 0.0672, 0.3476, 0.0371,
         0.0720],
        [0.0614, 0.2080, 0.0443, 0.0755, 0.0267, 0.0666, 0.0809, 0.0850, 0.0584,
         0.2931],
        [0.1014, 0.0592, 0.1867, 0.0627, 0.2198, 0.0558, 0.0792, 0.1195, 0.0326,
         0.0831],
        [0.0886, 0.0226, 0.1387, 0.0947, 0.1721, 0.1399, 0.0777, 0.1211, 0.0808,
         0.0637],
        [0.0733, 0.0918, 0.0681, 0.1476, 0.0572, 0.0987, 0.1195, 0.1371, 0.0785,
         0.1283],
        [0.0688, 0.0613, 0.1923, 0.0955, 0.1826, 0.0810, 0.1148, 0.0924, 0.0376,
         0.0737],
        [0.3602, 0.0378, 0.0873, 0.0388, 0.0313, 0.0712, 0.0378, 0.0426, 0.2683,
         0.0247]], device='cuda:0', grad_fn=<SoftmaxBackward>)
>> best accuracy: 41.120000000000005	best epoch: 0

>> final recovery rate: 59.8688888888889%
>> val epoch: 5
>> current accuracy: 66.08000000000001%
outputs: tensor([[0.1490, 0.0573, 0.2897, 0.0827, 0.1431, 0.0423, 0.0792, 0.0639, 0.0537,
         0.0391],
        [0.3440, 0.0494, 0.0825, 0.0557, 0.0664, 0.0388, 0.0533, 0.0495, 0.2346,
         0.0257],
        [0.0470, 0.0433, 0.0421, 0.0604, 0.1193, 0.0703, 0.0425, 0.4828, 0.0390,
         0.0532],
        [0.0886, 0.0696, 0.1895, 0.1752, 0.0352, 0.1167, 0.0883, 0.1220, 0.0660,
         0.0489],
        [0.0407, 0.5690, 0.0344, 0.0665, 0.0570, 0.0313, 0.0436, 0.0505, 0.0335,
         0.0735],
        [0.0491, 0.0468, 0.0321, 0.0532, 0.0665, 0.0452, 0.0445, 0.5579, 0.0427,
         0.0620],
        [0.0423, 0.0755, 0.1944, 0.1427, 0.2557, 0.0533, 0.0716, 0.0623, 0.0427,
         0.0594],
        [0.0619, 0.0591, 0.0542, 0.0356, 0.0406, 0.0496, 0.0449, 0.0350, 0.0574,
         0.5617],
        [0.0413, 0.5375, 0.0346, 0.0405, 0.0320, 0.0280, 0.0561, 0.0236, 0.0572,
         0.1492],
        [0.6808, 0.0326, 0.0697, 0.0407, 0.0425, 0.0278, 0.0283, 0.0249, 0.0260,
         0.0267],
        [0.0852, 0.1047, 0.0377, 0.0564, 0.0393, 0.0436, 0.0629, 0.0288, 0.4432,
         0.0984],
        [0.2322, 0.1365, 0.1140, 0.1114, 0.0699, 0.0705, 0.0651, 0.0776, 0.0650,
         0.0579],
        [0.0589, 0.0611, 0.0691, 0.0922, 0.2341, 0.0495, 0.0536, 0.2610, 0.0393,
         0.0812],
        [0.0483, 0.0552, 0.0376, 0.0538, 0.0404, 0.0255, 0.6166, 0.0361, 0.0429,
         0.0437],
        [0.0287, 0.0505, 0.0422, 0.4727, 0.0341, 0.2025, 0.0559, 0.0409, 0.0363,
         0.0361],
        [0.1617, 0.3176, 0.0539, 0.0501, 0.0361, 0.0364, 0.0748, 0.0361, 0.1825,
         0.0508],
        [0.6502, 0.0359, 0.0474, 0.0507, 0.0479, 0.0282, 0.0334, 0.0309, 0.0500,
         0.0255],
        [0.0430, 0.0489, 0.0384, 0.1162, 0.0457, 0.4660, 0.0591, 0.0779, 0.0489,
         0.0558],
        [0.0407, 0.0679, 0.0629, 0.1868, 0.3965, 0.0319, 0.0715, 0.0536, 0.0264,
         0.0617],
        [0.1306, 0.0444, 0.1818, 0.1533, 0.0394, 0.1894, 0.0502, 0.0778, 0.1023,
         0.0306],
        [0.0433, 0.0584, 0.0722, 0.0943, 0.4360, 0.1065, 0.0405, 0.0727, 0.0346,
         0.0415],
        [0.0339, 0.0407, 0.0444, 0.4286, 0.0388, 0.2316, 0.0639, 0.0525, 0.0322,
         0.0334],
        [0.1608, 0.0571, 0.2038, 0.0651, 0.3016, 0.0253, 0.0543, 0.0472, 0.0443,
         0.0406],
        [0.0738, 0.0477, 0.3390, 0.0804, 0.0322, 0.0341, 0.2621, 0.0461, 0.0381,
         0.0463],
        [0.0584, 0.0499, 0.3705, 0.1781, 0.0592, 0.0327, 0.1144, 0.0560, 0.0410,
         0.0398],
        [0.0326, 0.0724, 0.0637, 0.2298, 0.0417, 0.0574, 0.3702, 0.0477, 0.0352,
         0.0491],
        [0.6066, 0.0332, 0.0439, 0.0398, 0.0422, 0.0256, 0.0339, 0.0281, 0.1159,
         0.0308],
        [0.0880, 0.0511, 0.0384, 0.0589, 0.0693, 0.0517, 0.0485, 0.4977, 0.0367,
         0.0597],
        [0.0911, 0.0380, 0.0296, 0.0517, 0.0416, 0.0489, 0.0587, 0.0451, 0.5576,
         0.0377],
        [0.1171, 0.0351, 0.6123, 0.0368, 0.0402, 0.0242, 0.0373, 0.0362, 0.0320,
         0.0286],
        [0.0497, 0.0601, 0.0879, 0.1624, 0.3238, 0.0471, 0.1110, 0.0682, 0.0458,
         0.0439],
        [0.0342, 0.0706, 0.2112, 0.1657, 0.2836, 0.0444, 0.0584, 0.0540, 0.0271,
         0.0507],
        [0.0461, 0.0503, 0.0498, 0.0754, 0.0669, 0.0527, 0.0582, 0.5196, 0.0411,
         0.0399],
        [0.0550, 0.1100, 0.0427, 0.0446, 0.0428, 0.0372, 0.0512, 0.0286, 0.0465,
         0.5414],
        [0.1505, 0.0531, 0.1175, 0.0580, 0.1138, 0.0639, 0.0867, 0.1154, 0.1798,
         0.0614],
        [0.0365, 0.0473, 0.0318, 0.3400, 0.0453, 0.3382, 0.0415, 0.0449, 0.0380,
         0.0364],
        [0.0397, 0.0470, 0.0232, 0.0777, 0.0485, 0.5051, 0.0363, 0.1472, 0.0420,
         0.0333],
        [0.0428, 0.6167, 0.0368, 0.0502, 0.0446, 0.0315, 0.0482, 0.0357, 0.0559,
         0.0375],
        [0.0492, 0.4513, 0.0418, 0.0581, 0.0550, 0.0401, 0.0541, 0.0419, 0.0467,
         0.1618],
        [0.1408, 0.1624, 0.0639, 0.0647, 0.0630, 0.0615, 0.0801, 0.0476, 0.1012,
         0.2149],
        [0.0422, 0.0618, 0.0880, 0.1008, 0.0556, 0.0327, 0.4710, 0.0470, 0.0392,
         0.0618],
        [0.6579, 0.0352, 0.0678, 0.0379, 0.0336, 0.0224, 0.0371, 0.0288, 0.0524,
         0.0269],
        [0.0604, 0.0741, 0.0321, 0.0442, 0.0359, 0.0350, 0.0345, 0.0372, 0.0402,
         0.6064],
        [0.0504, 0.4465, 0.0400, 0.0568, 0.0548, 0.0315, 0.0520, 0.0364, 0.0625,
         0.1691],
        [0.5436, 0.0506, 0.0625, 0.0675, 0.0586, 0.0320, 0.0447, 0.0344, 0.0723,
         0.0338],
        [0.0540, 0.0914, 0.2606, 0.1491, 0.1885, 0.0427, 0.0859, 0.0494, 0.0323,
         0.0462],
        [0.0358, 0.0534, 0.0719, 0.0969, 0.5564, 0.0301, 0.0293, 0.0508, 0.0227,
         0.0527],
        [0.0416, 0.0547, 0.1096, 0.0964, 0.4881, 0.0459, 0.0316, 0.0612, 0.0307,
         0.0402],
        [0.0411, 0.0473, 0.0933, 0.1617, 0.0613, 0.3389, 0.0850, 0.0779, 0.0480,
         0.0455],
        [0.0522, 0.0689, 0.0867, 0.1247, 0.0282, 0.0417, 0.4486, 0.0372, 0.0516,
         0.0603],
        [0.0604, 0.0452, 0.0549, 0.1412, 0.0530, 0.2775, 0.0864, 0.1679, 0.0735,
         0.0401],
        [0.0441, 0.0439, 0.0346, 0.1548, 0.0361, 0.5132, 0.0528, 0.0410, 0.0429,
         0.0367],
        [0.0459, 0.0545, 0.0560, 0.1167, 0.0768, 0.3506, 0.0602, 0.1399, 0.0439,
         0.0554],
        [0.0879, 0.0728, 0.0374, 0.0609, 0.0766, 0.0425, 0.0566, 0.3610, 0.0519,
         0.1523],
        [0.1464, 0.0413, 0.1097, 0.0413, 0.0317, 0.0294, 0.0754, 0.0405, 0.4547,
         0.0296],
        [0.0381, 0.5470, 0.0395, 0.0688, 0.0416, 0.0422, 0.0489, 0.0387, 0.0556,
         0.0796],
        [0.1298, 0.0491, 0.1189, 0.1968, 0.0438, 0.0651, 0.1214, 0.0381, 0.1967,
         0.0403],
        [0.0892, 0.1410, 0.0682, 0.2378, 0.0525, 0.1257, 0.0622, 0.1174, 0.0511,
         0.0548],
        [0.4223, 0.0866, 0.0763, 0.0313, 0.0288, 0.0287, 0.0519, 0.0236, 0.1383,
         0.1121],
        [0.0464, 0.0463, 0.1717, 0.4450, 0.0394, 0.0815, 0.0600, 0.0407, 0.0382,
         0.0306],
        [0.0449, 0.0761, 0.0708, 0.2436, 0.1203, 0.1283, 0.0775, 0.1009, 0.0440,
         0.0936],
        [0.0842, 0.0884, 0.0679, 0.0581, 0.0367, 0.0507, 0.0635, 0.0472, 0.0404,
         0.4630],
        [0.0467, 0.0626, 0.1420, 0.1351, 0.2027, 0.1080, 0.0446, 0.1723, 0.0392,
         0.0469],
        [0.0429, 0.0341, 0.0267, 0.0457, 0.1222, 0.0468, 0.0347, 0.5634, 0.0382,
         0.0455],
        [0.0506, 0.0491, 0.0404, 0.0691, 0.0615, 0.0635, 0.0492, 0.5347, 0.0411,
         0.0408],
        [0.0504, 0.0545, 0.0576, 0.1462, 0.0695, 0.3122, 0.0531, 0.1719, 0.0424,
         0.0422],
        [0.0686, 0.5074, 0.0487, 0.0799, 0.0461, 0.0378, 0.0554, 0.0390, 0.0753,
         0.0418],
        [0.1993, 0.0284, 0.0547, 0.0592, 0.0584, 0.0457, 0.0561, 0.0501, 0.4184,
         0.0296],
        [0.1831, 0.0832, 0.2029, 0.1869, 0.0738, 0.0443, 0.0831, 0.0379, 0.0572,
         0.0475],
        [0.0525, 0.0629, 0.1945, 0.1834, 0.2527, 0.0384, 0.0931, 0.0419, 0.0320,
         0.0487],
        [0.7422, 0.0242, 0.0586, 0.0280, 0.0327, 0.0236, 0.0221, 0.0245, 0.0161,
         0.0281],
        [0.0539, 0.3493, 0.0462, 0.0583, 0.0500, 0.0420, 0.0621, 0.0348, 0.0503,
         0.2532]], device='cuda:0', grad_fn=<SoftmaxBackward>)
>> best accuracy: 66.08000000000001	best epoch: 5

>> final recovery rate: 59.8688888888889%
>> val epoch: 10
>> current accuracy: 75.68%
outputs: tensor([[0.1218, 0.0385, 0.0903, 0.1689, 0.0625, 0.1434, 0.1193, 0.1478, 0.0598,
         0.0477],
        [0.0469, 0.0511, 0.5172, 0.0748, 0.0600, 0.0587, 0.0790, 0.0481, 0.0407,
         0.0234],
        [0.4965, 0.0474, 0.1624, 0.0450, 0.0511, 0.0341, 0.0384, 0.0436, 0.0382,
         0.0432],
        [0.0662, 0.0555, 0.0459, 0.0451, 0.0466, 0.0476, 0.0425, 0.0746, 0.0454,
         0.5307],
        [0.0309, 0.0333, 0.0236, 0.0652, 0.0803, 0.0532, 0.5787, 0.0542, 0.0448,
         0.0357],
        [0.0429, 0.0568, 0.2479, 0.0909, 0.1925, 0.0841, 0.1434, 0.0672, 0.0398,
         0.0345],
        [0.0825, 0.3688, 0.0515, 0.0568, 0.0428, 0.0431, 0.0631, 0.0685, 0.0618,
         0.1609],
        [0.0658, 0.0615, 0.0459, 0.0485, 0.0416, 0.0448, 0.0431, 0.0693, 0.0425,
         0.5369],
        [0.0364, 0.0684, 0.0435, 0.0737, 0.0770, 0.0667, 0.4802, 0.0738, 0.0440,
         0.0364],
        [0.0410, 0.0551, 0.0512, 0.0491, 0.4964, 0.0999, 0.0369, 0.0939, 0.0344,
         0.0421],
        [0.0515, 0.0494, 0.0504, 0.2268, 0.0856, 0.2606, 0.1104, 0.0702, 0.0572,
         0.0379],
        [0.5690, 0.0387, 0.0734, 0.0465, 0.0401, 0.0426, 0.0394, 0.0470, 0.0755,
         0.0277],
        [0.0342, 0.0283, 0.0277, 0.0488, 0.0498, 0.0394, 0.6264, 0.0787, 0.0357,
         0.0310],
        [0.1076, 0.2544, 0.0385, 0.1457, 0.0375, 0.0714, 0.0957, 0.0598, 0.0586,
         0.1307],
        [0.0456, 0.0442, 0.0835, 0.0808, 0.1173, 0.0543, 0.4323, 0.0637, 0.0404,
         0.0379],
        [0.0531, 0.1921, 0.0387, 0.0487, 0.0363, 0.0585, 0.0688, 0.0487, 0.3972,
         0.0577],
        [0.0564, 0.0524, 0.5694, 0.0629, 0.0540, 0.0322, 0.0433, 0.0678, 0.0351,
         0.0264],
        [0.0526, 0.0415, 0.0427, 0.0357, 0.0433, 0.0498, 0.0624, 0.0560, 0.5809,
         0.0352],
        [0.0215, 0.8040, 0.0203, 0.0233, 0.0205, 0.0233, 0.0199, 0.0210, 0.0263,
         0.0198],
        [0.0371, 0.0296, 0.0632, 0.0655, 0.4397, 0.0673, 0.0866, 0.1351, 0.0382,
         0.0377],
        [0.0436, 0.0309, 0.0444, 0.2295, 0.0643, 0.2214, 0.0916, 0.1910, 0.0551,
         0.0282],
        [0.0443, 0.0362, 0.0350, 0.0351, 0.0431, 0.0463, 0.0538, 0.0506, 0.6225,
         0.0331],
        [0.0640, 0.1919, 0.0506, 0.1215, 0.0601, 0.0961, 0.1370, 0.0787, 0.0427,
         0.1574],
        [0.0324, 0.0297, 0.0262, 0.0420, 0.0627, 0.0454, 0.6404, 0.0552, 0.0342,
         0.0318],
        [0.0466, 0.0608, 0.0403, 0.0569, 0.5279, 0.0712, 0.0347, 0.0714, 0.0486,
         0.0416],
        [0.5524, 0.0568, 0.0993, 0.0331, 0.0430, 0.0351, 0.0453, 0.0512, 0.0526,
         0.0311],
        [0.0753, 0.0477, 0.3049, 0.0566, 0.1360, 0.0409, 0.1638, 0.0772, 0.0653,
         0.0322],
        [0.0529, 0.3884, 0.0402, 0.0438, 0.0454, 0.0485, 0.0813, 0.0480, 0.1505,
         0.1011],
        [0.0439, 0.0401, 0.0488, 0.0940, 0.2490, 0.1785, 0.0685, 0.1933, 0.0429,
         0.0410],
        [0.0343, 0.0826, 0.0554, 0.0396, 0.0523, 0.1222, 0.1373, 0.0574, 0.3606,
         0.0584],
        [0.0382, 0.0570, 0.0518, 0.0477, 0.0496, 0.0747, 0.0709, 0.0819, 0.4265,
         0.1016],
        [0.0570, 0.0679, 0.1263, 0.1721, 0.1079, 0.0804, 0.1457, 0.1601, 0.0527,
         0.0300],
        [0.0395, 0.0370, 0.0345, 0.0775, 0.0401, 0.0449, 0.6067, 0.0500, 0.0395,
         0.0304],
        [0.5533, 0.0518, 0.0847, 0.0381, 0.0440, 0.0368, 0.0466, 0.0628, 0.0311,
         0.0508],
        [0.0422, 0.0522, 0.2245, 0.1195, 0.0825, 0.1769, 0.0677, 0.1549, 0.0441,
         0.0354],
        [0.6591, 0.0496, 0.0430, 0.0333, 0.0490, 0.0433, 0.0371, 0.0382, 0.0225,
         0.0249],
        [0.0439, 0.0431, 0.0438, 0.4519, 0.0853, 0.1406, 0.0320, 0.0714, 0.0542,
         0.0339],
        [0.0393, 0.0649, 0.0668, 0.0881, 0.0444, 0.2047, 0.0511, 0.3775, 0.0312,
         0.0319],
        [0.0620, 0.0554, 0.0742, 0.0874, 0.3770, 0.1302, 0.0646, 0.0766, 0.0359,
         0.0368],
        [0.6086, 0.0371, 0.0527, 0.0625, 0.0352, 0.0630, 0.0362, 0.0355, 0.0325,
         0.0365],
        [0.0755, 0.2403, 0.0423, 0.0857, 0.0548, 0.0738, 0.1837, 0.0571, 0.1134,
         0.0734],
        [0.6159, 0.0520, 0.0825, 0.0329, 0.0399, 0.0325, 0.0311, 0.0448, 0.0315,
         0.0369],
        [0.0508, 0.0546, 0.1161, 0.0892, 0.3894, 0.0995, 0.0683, 0.0550, 0.0429,
         0.0342],
        [0.0400, 0.0490, 0.1211, 0.0918, 0.1688, 0.1195, 0.0506, 0.2816, 0.0448,
         0.0330],
        [0.0360, 0.0425, 0.0412, 0.5866, 0.0421, 0.1143, 0.0312, 0.0445, 0.0370,
         0.0246],
        [0.2638, 0.0452, 0.0496, 0.1054, 0.0437, 0.0712, 0.0618, 0.0605, 0.1968,
         0.1020],
        [0.0555, 0.0505, 0.0445, 0.0529, 0.0466, 0.0503, 0.0531, 0.0747, 0.0441,
         0.5278],
        [0.1283, 0.0597, 0.0453, 0.0373, 0.0497, 0.0523, 0.0519, 0.0571, 0.4873,
         0.0312],
        [0.0434, 0.0620, 0.0417, 0.2031, 0.0381, 0.2065, 0.0592, 0.2652, 0.0438,
         0.0370],
        [0.0750, 0.0404, 0.0434, 0.5406, 0.0505, 0.0715, 0.0436, 0.0505, 0.0607,
         0.0239],
        [0.0314, 0.0329, 0.0310, 0.0325, 0.0241, 0.0660, 0.0439, 0.6875, 0.0309,
         0.0198],
        [0.0822, 0.0570, 0.0429, 0.0420, 0.0470, 0.0471, 0.0468, 0.0672, 0.0442,
         0.5236],
        [0.0637, 0.0307, 0.0218, 0.0557, 0.0478, 0.6230, 0.0380, 0.0349, 0.0469,
         0.0376],
        [0.0303, 0.0269, 0.0238, 0.0410, 0.0525, 0.0434, 0.6645, 0.0529, 0.0330,
         0.0318],
        [0.0321, 0.7889, 0.0225, 0.0230, 0.0222, 0.0268, 0.0207, 0.0204, 0.0241,
         0.0192],
        [0.0272, 0.0313, 0.0248, 0.0365, 0.0306, 0.0588, 0.0438, 0.6980, 0.0287,
         0.0204],
        [0.0327, 0.0391, 0.0529, 0.1271, 0.0551, 0.1631, 0.0728, 0.3671, 0.0675,
         0.0227],
        [0.0373, 0.6879, 0.0361, 0.0463, 0.0365, 0.0314, 0.0333, 0.0280, 0.0292,
         0.0340],
        [0.0425, 0.0388, 0.0466, 0.0588, 0.0851, 0.3289, 0.0533, 0.2692, 0.0475,
         0.0291],
        [0.0374, 0.0506, 0.5835, 0.0577, 0.0596, 0.0291, 0.0499, 0.0679, 0.0377,
         0.0265],
        [0.0513, 0.0365, 0.0424, 0.0395, 0.0480, 0.0491, 0.0622, 0.0579, 0.5827,
         0.0305],
        [0.0366, 0.0471, 0.0362, 0.0550, 0.5354, 0.0756, 0.0354, 0.0994, 0.0373,
         0.0422],
        [0.0477, 0.0318, 0.0511, 0.0560, 0.0507, 0.0781, 0.0922, 0.0641, 0.4962,
         0.0322],
        [0.0486, 0.0571, 0.0344, 0.0348, 0.0358, 0.0577, 0.0579, 0.0591, 0.5720,
         0.0426],
        [0.0363, 0.0453, 0.0280, 0.0330, 0.0405, 0.0764, 0.0460, 0.6364, 0.0394,
         0.0186],
        [0.6480, 0.0488, 0.0477, 0.0294, 0.0393, 0.0390, 0.0352, 0.0511, 0.0235,
         0.0380],
        [0.0343, 0.0460, 0.5172, 0.0691, 0.0549, 0.0532, 0.0626, 0.0993, 0.0330,
         0.0304],
        [0.0611, 0.0558, 0.0685, 0.2578, 0.0691, 0.3030, 0.0397, 0.0566, 0.0553,
         0.0329],
        [0.0824, 0.1024, 0.0558, 0.2090, 0.0403, 0.1712, 0.1106, 0.1043, 0.0936,
         0.0304],
        [0.5286, 0.0521, 0.1043, 0.0430, 0.0449, 0.0519, 0.0414, 0.0557, 0.0464,
         0.0317],
        [0.0651, 0.0356, 0.0448, 0.0373, 0.0447, 0.0471, 0.0454, 0.0917, 0.0374,
         0.5508],
        [0.0403, 0.0376, 0.0412, 0.0411, 0.0367, 0.0645, 0.0676, 0.6204, 0.0324,
         0.0183]], device='cuda:0', grad_fn=<SoftmaxBackward>)
>> best accuracy: 75.68	best epoch: 10

>> final recovery rate: 59.8688888888889%
>> val epoch: 15
>> current accuracy: 79.32000000000001%
outputs: tensor([[0.0728, 0.0402, 0.0522, 0.0306, 0.0512, 0.5355, 0.0409, 0.0837, 0.0448,
         0.0481],
        [0.5751, 0.0289, 0.1240, 0.0350, 0.0392, 0.0329, 0.0587, 0.0280, 0.0329,
         0.0454],
        [0.0494, 0.0318, 0.0391, 0.0310, 0.0371, 0.0340, 0.0640, 0.0633, 0.6020,
         0.0483],
        [0.0668, 0.0697, 0.1345, 0.0450, 0.0472, 0.4308, 0.0444, 0.0537, 0.0558,
         0.0520],
        [0.6395, 0.0462, 0.0671, 0.0342, 0.0400, 0.0415, 0.0400, 0.0331, 0.0214,
         0.0370],
        [0.5344, 0.0305, 0.1333, 0.0414, 0.0407, 0.0502, 0.0545, 0.0404, 0.0293,
         0.0453],
        [0.0520, 0.0618, 0.1436, 0.1639, 0.1070, 0.0289, 0.2378, 0.0995, 0.0499,
         0.0556],
        [0.0809, 0.0407, 0.2360, 0.0783, 0.0614, 0.0624, 0.1522, 0.0818, 0.1511,
         0.0553],
        [0.0383, 0.6072, 0.0412, 0.0444, 0.0387, 0.0392, 0.0539, 0.0606, 0.0392,
         0.0374],
        [0.0531, 0.0352, 0.0557, 0.0300, 0.4476, 0.0397, 0.0358, 0.2164, 0.0405,
         0.0460],
        [0.0697, 0.0451, 0.0411, 0.0339, 0.0414, 0.0308, 0.0504, 0.0597, 0.0420,
         0.5859],
        [0.0305, 0.0466, 0.0763, 0.4595, 0.1076, 0.0374, 0.0596, 0.0912, 0.0483,
         0.0430],
        [0.0442, 0.0792, 0.0518, 0.0693, 0.0490, 0.0662, 0.1072, 0.0768, 0.3326,
         0.1237],
        [0.0479, 0.6058, 0.0411, 0.0445, 0.0346, 0.0396, 0.0489, 0.0500, 0.0416,
         0.0460],
        [0.0564, 0.1023, 0.0844, 0.2142, 0.1518, 0.0482, 0.1365, 0.0673, 0.0775,
         0.0614],
        [0.0522, 0.0700, 0.0358, 0.0374, 0.0311, 0.0395, 0.0577, 0.0442, 0.5742,
         0.0579],
        [0.3546, 0.0483, 0.1264, 0.0504, 0.1551, 0.0357, 0.0738, 0.0541, 0.0445,
         0.0571],
        [0.1590, 0.2759, 0.0510, 0.0424, 0.0492, 0.0349, 0.0604, 0.0812, 0.0283,
         0.2178],
        [0.0376, 0.0295, 0.0383, 0.0374, 0.7087, 0.0247, 0.0251, 0.0348, 0.0334,
         0.0307],
        [0.0328, 0.5957, 0.0622, 0.0344, 0.0368, 0.0514, 0.0532, 0.0540, 0.0301,
         0.0493],
        [0.0374, 0.0343, 0.0368, 0.0371, 0.7282, 0.0189, 0.0196, 0.0243, 0.0322,
         0.0312],
        [0.5819, 0.0298, 0.0894, 0.0392, 0.0454, 0.0383, 0.0572, 0.0388, 0.0251,
         0.0549],
        [0.0496, 0.0473, 0.0469, 0.3254, 0.0596, 0.2738, 0.0462, 0.0573, 0.0504,
         0.0436],
        [0.1440, 0.0362, 0.0918, 0.0322, 0.2955, 0.0410, 0.0927, 0.1851, 0.0361,
         0.0454],
        [0.0534, 0.0649, 0.0607, 0.3222, 0.0677, 0.2102, 0.0509, 0.0629, 0.0576,
         0.0495],
        [0.0829, 0.0613, 0.0396, 0.0395, 0.0431, 0.0342, 0.0645, 0.1098, 0.0331,
         0.4918],
        [0.0335, 0.0400, 0.1568, 0.2653, 0.1342, 0.0597, 0.0595, 0.1610, 0.0433,
         0.0468],
        [0.0494, 0.0404, 0.0509, 0.3113, 0.0467, 0.2681, 0.0518, 0.0746, 0.0682,
         0.0386],
        [0.0448, 0.0546, 0.0661, 0.0402, 0.5406, 0.0501, 0.0613, 0.0460, 0.0274,
         0.0690],
        [0.6362, 0.0232, 0.0922, 0.0330, 0.0368, 0.0345, 0.0349, 0.0492, 0.0297,
         0.0303],
        [0.0583, 0.0460, 0.0840, 0.0636, 0.1589, 0.1405, 0.0455, 0.3103, 0.0508,
         0.0422],
        [0.0511, 0.0353, 0.2164, 0.3925, 0.0408, 0.0495, 0.0712, 0.0508, 0.0533,
         0.0392],
        [0.0632, 0.0306, 0.0402, 0.0375, 0.0383, 0.0428, 0.0615, 0.0535, 0.5784,
         0.0539],
        [0.1058, 0.0550, 0.1998, 0.0296, 0.0530, 0.0359, 0.0940, 0.0682, 0.2365,
         0.1223],
        [0.0382, 0.0307, 0.0340, 0.0335, 0.0447, 0.0334, 0.0710, 0.0474, 0.6241,
         0.0431],
        [0.0730, 0.0435, 0.0465, 0.1237, 0.0422, 0.4786, 0.0437, 0.0391, 0.0729,
         0.0368],
        [0.0511, 0.0448, 0.0364, 0.0349, 0.0439, 0.0402, 0.5844, 0.0534, 0.0555,
         0.0553],
        [0.0465, 0.0403, 0.0354, 0.0321, 0.0320, 0.0356, 0.0530, 0.0435, 0.6343,
         0.0472],
        [0.4278, 0.0387, 0.1482, 0.0283, 0.0811, 0.0422, 0.0510, 0.1156, 0.0237,
         0.0435],
        [0.0391, 0.0518, 0.0373, 0.5215, 0.0455, 0.0797, 0.0732, 0.0620, 0.0508,
         0.0390],
        [0.0513, 0.0328, 0.0341, 0.0298, 0.0371, 0.0390, 0.0567, 0.0474, 0.6133,
         0.0585],
        [0.0503, 0.0435, 0.0469, 0.0341, 0.1150, 0.0373, 0.5148, 0.0614, 0.0444,
         0.0524],
        [0.0604, 0.0392, 0.0859, 0.0404, 0.0626, 0.0302, 0.5325, 0.0684, 0.0375,
         0.0430],
        [0.0525, 0.0653, 0.0847, 0.0803, 0.0780, 0.1482, 0.1805, 0.2195, 0.0374,
         0.0536],
        [0.0279, 0.6750, 0.0343, 0.0398, 0.0298, 0.0312, 0.0352, 0.0424, 0.0284,
         0.0560],
        [0.1222, 0.0502, 0.0781, 0.0868, 0.2610, 0.0534, 0.0553, 0.2085, 0.0297,
         0.0549],
        [0.1288, 0.0604, 0.0730, 0.0986, 0.2176, 0.0498, 0.0555, 0.1205, 0.0679,
         0.1280],
        [0.0867, 0.0398, 0.0372, 0.0333, 0.0402, 0.0278, 0.0480, 0.1000, 0.0345,
         0.5525],
        [0.1995, 0.0431, 0.1069, 0.0269, 0.0554, 0.0335, 0.0836, 0.0553, 0.3210,
         0.0748],
        [0.0457, 0.0375, 0.1010, 0.2202, 0.3101, 0.0724, 0.0450, 0.0722, 0.0539,
         0.0420],
        [0.0624, 0.0280, 0.0386, 0.0255, 0.0520, 0.0356, 0.0580, 0.0718, 0.5524,
         0.0756],
        [0.0538, 0.0622, 0.0715, 0.0487, 0.0594, 0.1676, 0.0627, 0.0937, 0.0386,
         0.3418],
        [0.0840, 0.0478, 0.0810, 0.0274, 0.3078, 0.0366, 0.0494, 0.2817, 0.0295,
         0.0546],
        [0.0651, 0.0696, 0.0384, 0.0266, 0.0474, 0.0378, 0.4548, 0.0541, 0.0929,
         0.1133],
        [0.0449, 0.0516, 0.1207, 0.3419, 0.0571, 0.0824, 0.0374, 0.1738, 0.0494,
         0.0407],
        [0.0459, 0.5303, 0.0534, 0.0274, 0.0328, 0.0332, 0.0659, 0.0524, 0.0638,
         0.0949],
        [0.1107, 0.0775, 0.0487, 0.0310, 0.0520, 0.0269, 0.0677, 0.0935, 0.0219,
         0.4700],
        [0.0448, 0.0325, 0.0721, 0.0950, 0.3256, 0.1001, 0.0514, 0.1792, 0.0476,
         0.0516],
        [0.0518, 0.0331, 0.0412, 0.0364, 0.0446, 0.0445, 0.0751, 0.0568, 0.5765,
         0.0400],
        [0.0497, 0.0407, 0.1048, 0.4062, 0.0994, 0.0475, 0.0633, 0.0903, 0.0494,
         0.0487],
        [0.0531, 0.3817, 0.1401, 0.0408, 0.0479, 0.0740, 0.0547, 0.0695, 0.0355,
         0.1028],
        [0.0646, 0.0397, 0.0325, 0.0269, 0.0300, 0.0310, 0.0474, 0.6285, 0.0525,
         0.0469],
        [0.0840, 0.0414, 0.0323, 0.0310, 0.0425, 0.5474, 0.0523, 0.0709, 0.0451,
         0.0531],
        [0.0621, 0.0360, 0.0351, 0.0650, 0.0402, 0.5543, 0.0535, 0.0613, 0.0571,
         0.0354],
        [0.7659, 0.0251, 0.0290, 0.0221, 0.0255, 0.0264, 0.0305, 0.0360, 0.0116,
         0.0278],
        [0.5588, 0.0246, 0.1569, 0.0392, 0.0417, 0.0329, 0.0349, 0.0286, 0.0240,
         0.0584],
        [0.0714, 0.0482, 0.0393, 0.0360, 0.0442, 0.0296, 0.0421, 0.0765, 0.0285,
         0.5843],
        [0.0582, 0.0570, 0.1118, 0.0419, 0.0597, 0.0684, 0.4194, 0.0976, 0.0501,
         0.0360],
        [0.0766, 0.0480, 0.3803, 0.0500, 0.0600, 0.0409, 0.1922, 0.0528, 0.0443,
         0.0549],
        [0.7515, 0.0172, 0.0344, 0.0263, 0.0283, 0.0301, 0.0278, 0.0375, 0.0153,
         0.0316],
        [0.0462, 0.5848, 0.0384, 0.0426, 0.0319, 0.0400, 0.0481, 0.0545, 0.0727,
         0.0408],
        [0.0631, 0.0534, 0.3360, 0.0517, 0.0594, 0.0270, 0.2390, 0.0627, 0.0584,
         0.0493]], device='cuda:0', grad_fn=<SoftmaxBackward>)
>> best accuracy: 79.32000000000001	best epoch: 15

>> final recovery rate: 59.8688888888889%
>> val epoch: 20
>> current accuracy: 79.03999999999999%
outputs: tensor([[0.0646, 0.0709, 0.0352, 0.0391, 0.0302, 0.0583, 0.0671, 0.0481, 0.2896,
         0.2968],
        [0.0447, 0.0264, 0.0315, 0.0358, 0.0807, 0.0516, 0.5875, 0.0612, 0.0429,
         0.0377],
        [0.0473, 0.0255, 0.0573, 0.1150, 0.0996, 0.0583, 0.3179, 0.0756, 0.1609,
         0.0425],
        [0.0472, 0.0402, 0.0366, 0.0391, 0.0234, 0.0585, 0.0469, 0.6468, 0.0282,
         0.0332],
        [0.6367, 0.0216, 0.0547, 0.0399, 0.0393, 0.0557, 0.0475, 0.0431, 0.0258,
         0.0357],
        [0.0644, 0.0317, 0.0567, 0.0643, 0.0380, 0.0542, 0.0497, 0.0491, 0.5603,
         0.0317],
        [0.0313, 0.0320, 0.1373, 0.0351, 0.0401, 0.0876, 0.0393, 0.5377, 0.0261,
         0.0335],
        [0.0401, 0.0294, 0.0399, 0.0346, 0.0318, 0.0573, 0.0591, 0.6413, 0.0360,
         0.0306],
        [0.0746, 0.0261, 0.5888, 0.0673, 0.0443, 0.0333, 0.0530, 0.0278, 0.0572,
         0.0276],
        [0.0511, 0.0277, 0.0446, 0.0595, 0.0332, 0.0449, 0.0385, 0.0454, 0.6136,
         0.0416],
        [0.0464, 0.0410, 0.0327, 0.0545, 0.0251, 0.0485, 0.0448, 0.6557, 0.0286,
         0.0227],
        [0.0370, 0.0437, 0.0925, 0.3760, 0.0422, 0.1647, 0.1050, 0.0451, 0.0597,
         0.0341],
        [0.0262, 0.0346, 0.0395, 0.0453, 0.0482, 0.0427, 0.6485, 0.0417, 0.0451,
         0.0282],
        [0.0555, 0.0495, 0.0611, 0.0405, 0.0294, 0.0653, 0.0438, 0.5609, 0.0425,
         0.0516],
        [0.0382, 0.0670, 0.0601, 0.0497, 0.0639, 0.1048, 0.0674, 0.0623, 0.1464,
         0.3402],
        [0.0430, 0.0250, 0.0374, 0.0270, 0.0237, 0.0325, 0.0297, 0.0411, 0.0249,
         0.7157],
        [0.1399, 0.0281, 0.0406, 0.4844, 0.0367, 0.0929, 0.0376, 0.0418, 0.0644,
         0.0335],
        [0.0585, 0.5915, 0.0588, 0.0402, 0.0429, 0.0438, 0.0461, 0.0447, 0.0402,
         0.0333],
        [0.0333, 0.0286, 0.0667, 0.0389, 0.0509, 0.0972, 0.0565, 0.5769, 0.0263,
         0.0247],
        [0.0549, 0.0279, 0.0271, 0.0501, 0.0602, 0.5924, 0.0394, 0.0389, 0.0508,
         0.0584],
        [0.0484, 0.0373, 0.0381, 0.0358, 0.0231, 0.0331, 0.0386, 0.0403, 0.0394,
         0.6657],
        [0.0488, 0.3645, 0.0495, 0.0596, 0.0370, 0.0581, 0.0593, 0.0525, 0.0363,
         0.2344],
        [0.0493, 0.5886, 0.0531, 0.0506, 0.0391, 0.0407, 0.0533, 0.0381, 0.0364,
         0.0507],
        [0.2019, 0.0336, 0.0297, 0.0816, 0.1459, 0.1827, 0.0958, 0.1333, 0.0480,
         0.0475],
        [0.0360, 0.0598, 0.0473, 0.1499, 0.0383, 0.4297, 0.0591, 0.1017, 0.0506,
         0.0276],
        [0.0302, 0.0298, 0.0389, 0.0369, 0.0356, 0.0527, 0.0565, 0.0387, 0.6111,
         0.0696],
        [0.6516, 0.0251, 0.0399, 0.0358, 0.0344, 0.0516, 0.0466, 0.0388, 0.0354,
         0.0408],
        [0.0621, 0.0530, 0.0338, 0.2828, 0.0370, 0.3270, 0.0478, 0.0639, 0.0560,
         0.0367],
        [0.6583, 0.0214, 0.0551, 0.0338, 0.0383, 0.0537, 0.0415, 0.0387, 0.0306,
         0.0285],
        [0.1449, 0.0492, 0.2211, 0.0923, 0.0604, 0.1175, 0.0775, 0.1577, 0.0456,
         0.0338],
        [0.0407, 0.1650, 0.0565, 0.0527, 0.0409, 0.0516, 0.0543, 0.0411, 0.0391,
         0.4581],
        [0.0317, 0.0384, 0.1107, 0.0474, 0.5620, 0.0373, 0.0431, 0.0584, 0.0384,
         0.0326],
        [0.0469, 0.0320, 0.0414, 0.0340, 0.0351, 0.0319, 0.6649, 0.0480, 0.0304,
         0.0354],
        [0.0882, 0.4927, 0.0637, 0.0567, 0.0491, 0.0485, 0.0770, 0.0412, 0.0445,
         0.0384],
        [0.0284, 0.0341, 0.0885, 0.0636, 0.0458, 0.5100, 0.0704, 0.0585, 0.0548,
         0.0459],
        [0.1403, 0.1032, 0.0543, 0.0527, 0.0328, 0.0731, 0.0577, 0.4077, 0.0293,
         0.0489],
        [0.0319, 0.0221, 0.0328, 0.0733, 0.6254, 0.0424, 0.0593, 0.0381, 0.0486,
         0.0261],
        [0.0514, 0.0387, 0.0749, 0.5451, 0.0607, 0.0211, 0.0434, 0.0547, 0.0766,
         0.0334],
        [0.0407, 0.0504, 0.0826, 0.0889, 0.0978, 0.3469, 0.0581, 0.1273, 0.0577,
         0.0495],
        [0.0460, 0.5615, 0.0422, 0.0427, 0.0340, 0.0527, 0.0477, 0.0312, 0.1030,
         0.0390],
        [0.0540, 0.0359, 0.0600, 0.1832, 0.0578, 0.4288, 0.0395, 0.0395, 0.0683,
         0.0330],
        [0.0325, 0.0231, 0.6929, 0.0459, 0.0406, 0.0278, 0.0405, 0.0391, 0.0249,
         0.0326],
        [0.0254, 0.0228, 0.0303, 0.0385, 0.7295, 0.0326, 0.0295, 0.0239, 0.0264,
         0.0411],
        [0.0586, 0.5694, 0.0525, 0.0598, 0.0382, 0.0418, 0.0476, 0.0354, 0.0396,
         0.0572],
        [0.0390, 0.0521, 0.0308, 0.0414, 0.0315, 0.0519, 0.0534, 0.0496, 0.1027,
         0.5476],
        [0.2627, 0.0410, 0.0651, 0.0905, 0.0458, 0.1712, 0.0715, 0.0889, 0.0871,
         0.0761],
        [0.0488, 0.0549, 0.0347, 0.0374, 0.0265, 0.0367, 0.0464, 0.0476, 0.0501,
         0.6168],
        [0.0579, 0.0520, 0.1063, 0.2242, 0.0951, 0.0977, 0.0617, 0.2149, 0.0550,
         0.0351],
        [0.0563, 0.5761, 0.0578, 0.0495, 0.0401, 0.0538, 0.0502, 0.0389, 0.0375,
         0.0399],
        [0.1136, 0.0443, 0.2450, 0.0841, 0.0899, 0.1057, 0.0920, 0.0795, 0.1018,
         0.0442],
        [0.1823, 0.0199, 0.5450, 0.0548, 0.0338, 0.0387, 0.0398, 0.0220, 0.0338,
         0.0300],
        [0.0386, 0.0341, 0.6049, 0.0472, 0.0597, 0.0286, 0.0576, 0.0667, 0.0288,
         0.0338],
        [0.0327, 0.0225, 0.0361, 0.0275, 0.0293, 0.0291, 0.7288, 0.0400, 0.0245,
         0.0295],
        [0.0397, 0.0549, 0.1193, 0.0694, 0.0693, 0.0881, 0.0476, 0.4423, 0.0352,
         0.0342],
        [0.0403, 0.0390, 0.1979, 0.1009, 0.3436, 0.1065, 0.0415, 0.0528, 0.0370,
         0.0405],
        [0.0417, 0.0283, 0.0422, 0.0312, 0.0501, 0.0701, 0.0504, 0.6046, 0.0442,
         0.0374],
        [0.0411, 0.0289, 0.0444, 0.0290, 0.0494, 0.0465, 0.6452, 0.0490, 0.0348,
         0.0316],
        [0.0405, 0.0452, 0.0553, 0.5540, 0.0383, 0.0502, 0.0755, 0.0508, 0.0537,
         0.0364],
        [0.4483, 0.0290, 0.1356, 0.0654, 0.0536, 0.0641, 0.0953, 0.0315, 0.0432,
         0.0340],
        [0.0401, 0.0402, 0.0809, 0.5254, 0.0615, 0.0730, 0.0495, 0.0432, 0.0498,
         0.0364],
        [0.0446, 0.5033, 0.0588, 0.0485, 0.0452, 0.0666, 0.0530, 0.0358, 0.0797,
         0.0647],
        [0.0441, 0.0355, 0.0495, 0.3451, 0.0397, 0.2152, 0.0764, 0.1061, 0.0520,
         0.0364],
        [0.0230, 0.0257, 0.0297, 0.0416, 0.7490, 0.0228, 0.0266, 0.0240, 0.0240,
         0.0337],
        [0.0334, 0.0338, 0.0669, 0.0687, 0.5567, 0.0521, 0.0393, 0.0668, 0.0428,
         0.0396],
        [0.0299, 0.0277, 0.5055, 0.0660, 0.0568, 0.0677, 0.1225, 0.0334, 0.0632,
         0.0272],
        [0.0408, 0.0352, 0.0367, 0.0502, 0.0698, 0.5283, 0.0709, 0.0542, 0.0490,
         0.0650],
        [0.0480, 0.0402, 0.0345, 0.0401, 0.0233, 0.0337, 0.0408, 0.0457, 0.0337,
         0.6600],
        [0.0534, 0.0330, 0.0369, 0.0372, 0.0330, 0.0514, 0.0559, 0.0556, 0.5965,
         0.0470],
        [0.6540, 0.0217, 0.0511, 0.0361, 0.0357, 0.0565, 0.0390, 0.0382, 0.0276,
         0.0402],
        [0.0342, 0.0403, 0.3882, 0.0527, 0.0963, 0.0443, 0.2018, 0.0683, 0.0413,
         0.0325],
        [0.0390, 0.0431, 0.0477, 0.5669, 0.0561, 0.0470, 0.0480, 0.0603, 0.0581,
         0.0335],
        [0.0529, 0.0333, 0.0526, 0.0516, 0.0534, 0.0518, 0.0635, 0.0617, 0.5501,
         0.0289]], device='cuda:0', grad_fn=<SoftmaxBackward>)
>> best accuracy: 79.32000000000001	best epoch: 15

>> final recovery rate: 59.8688888888889%
>> val epoch: 25
>> current accuracy: 77.36%
outputs: tensor([[0.0620, 0.0657, 0.0370, 0.0812, 0.0538, 0.0513, 0.0494, 0.0534, 0.0597,
         0.4866],
        [0.0781, 0.3867, 0.0865, 0.0567, 0.0491, 0.0364, 0.0737, 0.0473, 0.1346,
         0.0509],
        [0.0440, 0.0309, 0.5334, 0.0687, 0.1110, 0.0401, 0.0416, 0.0606, 0.0375,
         0.0322],
        [0.1345, 0.0767, 0.0675, 0.0545, 0.0432, 0.0429, 0.0672, 0.0626, 0.2759,
         0.1751],
        [0.0465, 0.0546, 0.0375, 0.4467, 0.0605, 0.1197, 0.0722, 0.0600, 0.0494,
         0.0528],
        [0.0471, 0.5456, 0.0504, 0.0391, 0.0337, 0.0357, 0.0374, 0.0386, 0.1333,
         0.0391],
        [0.0563, 0.0611, 0.0272, 0.0528, 0.0479, 0.0416, 0.0591, 0.0594, 0.0338,
         0.5607],
        [0.0524, 0.5791, 0.0541, 0.0390, 0.0345, 0.0324, 0.0493, 0.0411, 0.0823,
         0.0357],
        [0.0417, 0.0283, 0.0277, 0.0628, 0.2270, 0.0589, 0.0283, 0.4428, 0.0457,
         0.0369],
        [0.0556, 0.0485, 0.0379, 0.0507, 0.0481, 0.0325, 0.6123, 0.0268, 0.0455,
         0.0420],
        [0.0528, 0.0201, 0.0362, 0.3658, 0.0410, 0.3167, 0.0362, 0.0255, 0.0840,
         0.0216],
        [0.1441, 0.0464, 0.0496, 0.1421, 0.0482, 0.1310, 0.2726, 0.0496, 0.0745,
         0.0418],
        [0.2959, 0.0486, 0.2732, 0.0375, 0.0443, 0.0280, 0.0882, 0.0291, 0.1055,
         0.0498],
        [0.0603, 0.0388, 0.1074, 0.1896, 0.0388, 0.1558, 0.2707, 0.0430, 0.0619,
         0.0335],
        [0.0368, 0.0343, 0.0303, 0.0456, 0.0322, 0.0457, 0.0330, 0.0333, 0.6798,
         0.0290],
        [0.0384, 0.0298, 0.0291, 0.2067, 0.0578, 0.4734, 0.0274, 0.0716, 0.0295,
         0.0362],
        [0.0425, 0.0234, 0.0379, 0.0496, 0.0346, 0.0318, 0.0300, 0.0370, 0.6907,
         0.0225],
        [0.3549, 0.0305, 0.0898, 0.0492, 0.0425, 0.0355, 0.0374, 0.0522, 0.2793,
         0.0286],
        [0.0590, 0.3900, 0.0428, 0.0629, 0.0476, 0.0352, 0.0539, 0.0645, 0.0517,
         0.1925],
        [0.0712, 0.0311, 0.0281, 0.0699, 0.5892, 0.0536, 0.0294, 0.0383, 0.0338,
         0.0553],
