noise type: uniform
noise level: 0.8
when_to_apply_epoch: 15
total clean data num: 8861
probability transition matrix:
[[0.2        0.08888889 0.08888889 0.08888889 0.08888889 0.08888889
  0.08888889 0.08888889 0.08888889 0.08888889]
 [0.08888889 0.2        0.08888889 0.08888889 0.08888889 0.08888889
  0.08888889 0.08888889 0.08888889 0.08888889]
 [0.08888889 0.08888889 0.2        0.08888889 0.08888889 0.08888889
  0.08888889 0.08888889 0.08888889 0.08888889]
 [0.08888889 0.08888889 0.08888889 0.2        0.08888889 0.08888889
  0.08888889 0.08888889 0.08888889 0.08888889]
 [0.08888889 0.08888889 0.08888889 0.08888889 0.2        0.08888889
  0.08888889 0.08888889 0.08888889 0.08888889]
 [0.08888889 0.08888889 0.08888889 0.08888889 0.08888889 0.2
  0.08888889 0.08888889 0.08888889 0.08888889]
 [0.08888889 0.08888889 0.08888889 0.08888889 0.08888889 0.08888889
  0.2        0.08888889 0.08888889 0.08888889]
 [0.08888889 0.08888889 0.08888889 0.08888889 0.08888889 0.08888889
  0.08888889 0.2        0.08888889 0.08888889]
 [0.08888889 0.08888889 0.08888889 0.08888889 0.08888889 0.08888889
  0.08888889 0.08888889 0.2        0.08888889]
 [0.08888889 0.08888889 0.08888889 0.08888889 0.08888889 0.08888889
  0.08888889 0.08888889 0.08888889 0.2       ]]
>> val epoch: 0
>> current accuracy: 12.1%
outputs: tensor([[0.1056, 0.0697, 0.0653, 0.1085, 0.1302, 0.0660, 0.0999, 0.1674, 0.0677,
         0.1197],
        [0.0985, 0.0636, 0.0600, 0.1142, 0.1455, 0.0669, 0.1033, 0.1601, 0.0619,
         0.1260],
        [0.1127, 0.0642, 0.0684, 0.1071, 0.1417, 0.0635, 0.1101, 0.1309, 0.0835,
         0.1180],
        [0.1147, 0.0664, 0.0705, 0.1177, 0.1282, 0.0664, 0.1016, 0.1459, 0.0734,
         0.1153],
        [0.0936, 0.0601, 0.0679, 0.1382, 0.1612, 0.0715, 0.1069, 0.1210, 0.0645,
         0.1150],
        [0.0825, 0.0665, 0.0618, 0.1373, 0.1574, 0.0633, 0.1222, 0.1350, 0.0503,
         0.1237],
        [0.1001, 0.0730, 0.0624, 0.1069, 0.1257, 0.0625, 0.1073, 0.1665, 0.0593,
         0.1363],
        [0.1004, 0.0708, 0.0671, 0.1117, 0.1454, 0.0614, 0.1034, 0.1602, 0.0551,
         0.1246],
        [0.0956, 0.0628, 0.0670, 0.1268, 0.1495, 0.0610, 0.1061, 0.1526, 0.0503,
         0.1282],
        [0.0999, 0.0676, 0.0611, 0.1178, 0.1474, 0.0668, 0.1039, 0.1428, 0.0691,
         0.1235],
        [0.0942, 0.0631, 0.0698, 0.1305, 0.1478, 0.0634, 0.1125, 0.1390, 0.0520,
         0.1276],
        [0.1244, 0.0591, 0.0745, 0.1036, 0.1373, 0.0649, 0.1070, 0.1293, 0.0915,
         0.1084],
        [0.0916, 0.0697, 0.0598, 0.1149, 0.1315, 0.0643, 0.1078, 0.1615, 0.0580,
         0.1408],
        [0.0964, 0.0669, 0.0700, 0.1303, 0.1683, 0.0542, 0.1144, 0.1232, 0.0584,
         0.1179],
        [0.0891, 0.0682, 0.0663, 0.1414, 0.1579, 0.0640, 0.1163, 0.1250, 0.0542,
         0.1176],
        [0.1143, 0.0671, 0.0739, 0.1258, 0.1321, 0.0640, 0.1073, 0.1421, 0.0664,
         0.1070],
        [0.0851, 0.0698, 0.0620, 0.1328, 0.1569, 0.0527, 0.1249, 0.1280, 0.0577,
         0.1301],
        [0.0912, 0.0660, 0.0651, 0.1211, 0.1468, 0.0623, 0.1141, 0.1440, 0.0635,
         0.1261],
        [0.0924, 0.0705, 0.0610, 0.1245, 0.1363, 0.0666, 0.1098, 0.1572, 0.0541,
         0.1276],
        [0.1048, 0.0726, 0.0613, 0.0976, 0.1287, 0.0595, 0.1000, 0.1781, 0.0673,
         0.1302],
        [0.0906, 0.0640, 0.0616, 0.1375, 0.1690, 0.0566, 0.1244, 0.1070, 0.0578,
         0.1315],
        [0.0920, 0.0645, 0.0540, 0.1192, 0.1330, 0.0691, 0.1078, 0.1734, 0.0494,
         0.1377],
        [0.0950, 0.0643, 0.0658, 0.1382, 0.1812, 0.0573, 0.1206, 0.0920, 0.0701,
         0.1156],
        [0.1424, 0.0503, 0.0787, 0.1214, 0.1566, 0.0530, 0.1244, 0.0867, 0.0885,
         0.0979],
        [0.1025, 0.0605, 0.0676, 0.1283, 0.1431, 0.0689, 0.1084, 0.1338, 0.0661,
         0.1209],
        [0.0972, 0.0660, 0.0633, 0.1186, 0.1393, 0.0682, 0.1014, 0.1671, 0.0542,
         0.1247],
        [0.0871, 0.0705, 0.0653, 0.1057, 0.1497, 0.0586, 0.1098, 0.1571, 0.0620,
         0.1342],
        [0.0959, 0.0675, 0.0686, 0.1285, 0.1376, 0.0670, 0.1077, 0.1570, 0.0592,
         0.1108],
        [0.0925, 0.0659, 0.0627, 0.1231, 0.1369, 0.0577, 0.1075, 0.1631, 0.0508,
         0.1397],
        [0.0925, 0.0665, 0.0696, 0.1355, 0.1767, 0.0502, 0.1193, 0.1052, 0.0579,
         0.1265],
        [0.0914, 0.0748, 0.0626, 0.1079, 0.1327, 0.0616, 0.1097, 0.1636, 0.0603,
         0.1354],
        [0.1023, 0.0593, 0.0753, 0.1610, 0.1675, 0.0633, 0.1058, 0.0958, 0.0604,
         0.1094],
        [0.1235, 0.0670, 0.0616, 0.1088, 0.1262, 0.0655, 0.1071, 0.1586, 0.0683,
         0.1134],
        [0.1067, 0.0632, 0.0645, 0.1086, 0.1249, 0.0634, 0.1110, 0.1739, 0.0581,
         0.1257],
        [0.1006, 0.0607, 0.0634, 0.1172, 0.1848, 0.0525, 0.1253, 0.0905, 0.0879,
         0.1171],
        [0.1072, 0.0681, 0.0639, 0.1012, 0.1314, 0.0578, 0.1000, 0.1747, 0.0637,
         0.1318],
        [0.0987, 0.0728, 0.0634, 0.1113, 0.1269, 0.0666, 0.1074, 0.1711, 0.0632,
         0.1186],
        [0.0984, 0.0642, 0.0660, 0.1121, 0.1570, 0.0618, 0.1025, 0.1512, 0.0614,
         0.1252],
        [0.0958, 0.0634, 0.0662, 0.1180, 0.1309, 0.0671, 0.1066, 0.1637, 0.0537,
         0.1345],
        [0.1028, 0.0702, 0.0635, 0.1092, 0.1280, 0.0634, 0.0980, 0.1819, 0.0586,
         0.1243],
        [0.1262, 0.0572, 0.0743, 0.1228, 0.1544, 0.0591, 0.1180, 0.0965, 0.0783,
         0.1133],
        [0.0880, 0.0647, 0.0643, 0.1218, 0.1560, 0.0650, 0.1258, 0.1268, 0.0673,
         0.1203],
        [0.0929, 0.0663, 0.0646, 0.1166, 0.1476, 0.0616, 0.1209, 0.1407, 0.0712,
         0.1175],
        [0.1039, 0.0712, 0.0657, 0.0968, 0.1359, 0.0629, 0.1101, 0.1553, 0.0784,
         0.1197],
        [0.1051, 0.0701, 0.0613, 0.0984, 0.1325, 0.0643, 0.0992, 0.1786, 0.0652,
         0.1253],
        [0.1046, 0.0746, 0.0582, 0.0976, 0.1303, 0.0634, 0.1040, 0.1816, 0.0649,
         0.1207],
        [0.1083, 0.0702, 0.0665, 0.1035, 0.1299, 0.0616, 0.1127, 0.1560, 0.0701,
         0.1211],
        [0.1009, 0.0667, 0.0626, 0.1170, 0.1389, 0.0653, 0.1075, 0.1517, 0.0697,
         0.1196],
        [0.1146, 0.0648, 0.0607, 0.0921, 0.1403, 0.0638, 0.1021, 0.1523, 0.0817,
         0.1275],
        [0.1154, 0.0584, 0.0668, 0.0988, 0.1471, 0.0609, 0.1125, 0.1412, 0.0803,
         0.1186],
        [0.0971, 0.0603, 0.0659, 0.1175, 0.1601, 0.0593, 0.1187, 0.1290, 0.0683,
         0.1238],
        [0.1296, 0.0586, 0.0637, 0.1003, 0.1385, 0.0613, 0.1088, 0.1423, 0.0769,
         0.1201],
        [0.1073, 0.0726, 0.0607, 0.1027, 0.1213, 0.0690, 0.1008, 0.1806, 0.0610,
         0.1241],
        [0.1135, 0.0655, 0.0599, 0.0920, 0.1364, 0.0587, 0.1072, 0.1597, 0.0742,
         0.1328],
        [0.1153, 0.0704, 0.0670, 0.1022, 0.1258, 0.0631, 0.1032, 0.1683, 0.0683,
         0.1164],
        [0.0992, 0.0676, 0.0588, 0.1104, 0.1261, 0.0636, 0.1060, 0.1877, 0.0522,
         0.1285],
        [0.1295, 0.0602, 0.0727, 0.1136, 0.1260, 0.0584, 0.1076, 0.1598, 0.0650,
         0.1071],
        [0.1019, 0.0750, 0.0604, 0.1022, 0.1235, 0.0650, 0.0969, 0.1823, 0.0621,
         0.1307],
        [0.0883, 0.0673, 0.0650, 0.1315, 0.1562, 0.0576, 0.1208, 0.1335, 0.0633,
         0.1165],
        [0.0985, 0.0578, 0.0674, 0.1426, 0.1542, 0.0694, 0.1076, 0.1257, 0.0591,
         0.1178],
        [0.1039, 0.0646, 0.0620, 0.1177, 0.1372, 0.0692, 0.0994, 0.1638, 0.0573,
         0.1249],
        [0.1026, 0.0551, 0.0687, 0.1303, 0.1923, 0.0532, 0.1246, 0.0862, 0.0714,
         0.1156],
        [0.0982, 0.0661, 0.0582, 0.1057, 0.1350, 0.0611, 0.1039, 0.1804, 0.0584,
         0.1329],
        [0.1028, 0.0639, 0.0701, 0.1317, 0.1583, 0.0563, 0.1230, 0.1076, 0.0748,
         0.1117],
        [0.0894, 0.0698, 0.0663, 0.1226, 0.1498, 0.0644, 0.1100, 0.1430, 0.0617,
         0.1230],
        [0.1031, 0.0719, 0.0553, 0.0973, 0.1267, 0.0650, 0.1041, 0.1786, 0.0640,
         0.1340],
        [0.1045, 0.0712, 0.0622, 0.0997, 0.1322, 0.0661, 0.1037, 0.1691, 0.0729,
         0.1184],
        [0.0984, 0.0694, 0.0655, 0.1129, 0.1429, 0.0575, 0.1150, 0.1576, 0.0661,
         0.1147],
        [0.0989, 0.0620, 0.0600, 0.1339, 0.1518, 0.0721, 0.1062, 0.1382, 0.0547,
         0.1222],
        [0.0920, 0.0708, 0.0635, 0.1229, 0.1652, 0.0496, 0.1235, 0.1238, 0.0583,
         0.1304],
        [0.1043, 0.0686, 0.0617, 0.1029, 0.1293, 0.0655, 0.1013, 0.1843, 0.0597,
         0.1224],
        [0.1033, 0.0733, 0.0651, 0.1023, 0.1336, 0.0620, 0.1021, 0.1661, 0.0650,
         0.1271]], device='cuda:0', grad_fn=<SoftmaxBackward>)
>> best accuracy: 12.1	best epoch: 0

>> final recovery rate: 19.691111111111113%
>> val epoch: 5
>> current accuracy: 18.14%
outputs: tensor([[0.0749, 0.0912, 0.0967, 0.1067, 0.0732, 0.1235, 0.1351, 0.1176, 0.0821,
         0.0991],
        [0.0909, 0.1071, 0.0945, 0.0972, 0.0731, 0.1092, 0.1098, 0.1097, 0.1041,
         0.1045],
        [0.0773, 0.0967, 0.1015, 0.1062, 0.0722, 0.1216, 0.1249, 0.1095, 0.0874,
         0.1026],
        [0.0894, 0.1023, 0.0947, 0.0988, 0.0765, 0.1162, 0.1135, 0.1128, 0.0989,
         0.0969],
        [0.1221, 0.0772, 0.0893, 0.0891, 0.0841, 0.1059, 0.0893, 0.1021, 0.1586,
         0.0823],
        [0.0769, 0.0968, 0.0922, 0.1023, 0.0744, 0.1186, 0.1292, 0.1219, 0.0849,
         0.1027],
        [0.0799, 0.0987, 0.0973, 0.1046, 0.0745, 0.1180, 0.1140, 0.1219, 0.0871,
         0.1040],
        [0.0721, 0.0820, 0.1108, 0.0844, 0.0945, 0.1137, 0.1608, 0.1094, 0.0795,
         0.0929],
        [0.0807, 0.1023, 0.0934, 0.0960, 0.0762, 0.1092, 0.1165, 0.1272, 0.0900,
         0.1085],
        [0.0766, 0.0957, 0.0950, 0.1004, 0.0763, 0.1189, 0.1298, 0.1188, 0.0854,
         0.1031],
        [0.0979, 0.0885, 0.0968, 0.1048, 0.0783, 0.1130, 0.1065, 0.1056, 0.1164,
         0.0921],
        [0.0900, 0.0984, 0.0970, 0.0973, 0.0741, 0.1128, 0.1080, 0.1167, 0.1028,
         0.1030],
        [0.0836, 0.0998, 0.0994, 0.1009, 0.0734, 0.1142, 0.1158, 0.1113, 0.0946,
         0.1071],
        [0.0750, 0.0993, 0.0968, 0.0894, 0.0832, 0.1127, 0.1336, 0.1225, 0.0834,
         0.1042],
        [0.0874, 0.1044, 0.0882, 0.0926, 0.0768, 0.1103, 0.1154, 0.1097, 0.1108,
         0.1043],
        [0.0939, 0.0990, 0.0880, 0.0776, 0.0853, 0.1036, 0.0995, 0.1252, 0.1249,
         0.1029],
        [0.0796, 0.1071, 0.0941, 0.0965, 0.0740, 0.1214, 0.1233, 0.1024, 0.0991,
         0.1023],
        [0.1081, 0.0941, 0.0845, 0.0828, 0.0818, 0.1108, 0.0891, 0.0964, 0.1613,
         0.0911],
        [0.0758, 0.0961, 0.0977, 0.0915, 0.0794, 0.1173, 0.1409, 0.1131, 0.0872,
         0.1010],
        [0.0844, 0.1101, 0.0916, 0.0945, 0.0755, 0.1096, 0.1103, 0.1120, 0.1022,
         0.1098],
        [0.0761, 0.0943, 0.0960, 0.1053, 0.0739, 0.1224, 0.1335, 0.1178, 0.0818,
         0.0989],
        [0.0753, 0.0932, 0.0939, 0.1056, 0.0709, 0.1224, 0.1361, 0.1188, 0.0823,
         0.1014],
        [0.0913, 0.1055, 0.0871, 0.0861, 0.0817, 0.1064, 0.1050, 0.1180, 0.1152,
         0.1038],
        [0.0838, 0.1104, 0.0884, 0.0882, 0.0800, 0.1051, 0.1132, 0.1232, 0.1002,
         0.1073],
        [0.0741, 0.0914, 0.0958, 0.1059, 0.0721, 0.1231, 0.1371, 0.1184, 0.0821,
         0.0999],
        [0.0934, 0.0865, 0.0970, 0.0803, 0.0907, 0.1086, 0.1129, 0.1175, 0.1183,
         0.0948],
        [0.0891, 0.1044, 0.0886, 0.0992, 0.0749, 0.1128, 0.1161, 0.1061, 0.1066,
         0.1022],
        [0.0793, 0.1095, 0.0898, 0.0963, 0.0759, 0.1154, 0.1235, 0.1162, 0.0896,
         0.1045],
        [0.0920, 0.0927, 0.0942, 0.1082, 0.0738, 0.1202, 0.1170, 0.1084, 0.1002,
         0.0932],
        [0.0939, 0.0951, 0.0926, 0.1018, 0.0779, 0.1145, 0.1150, 0.1074, 0.1084,
         0.0934],
        [0.0892, 0.1146, 0.0838, 0.0867, 0.0744, 0.1116, 0.1025, 0.1047, 0.1233,
         0.1092],
        [0.0764, 0.0996, 0.0982, 0.0902, 0.0791, 0.1094, 0.1301, 0.1226, 0.0874,
         0.1069],
        [0.0728, 0.0843, 0.1079, 0.0875, 0.0900, 0.1146, 0.1489, 0.1196, 0.0788,
         0.0957],
        [0.1151, 0.0771, 0.0969, 0.0981, 0.0804, 0.1138, 0.0917, 0.1008, 0.1447,
         0.0814],
        [0.0698, 0.0803, 0.1128, 0.0887, 0.0881, 0.1214, 0.1533, 0.1057, 0.0847,
         0.0951],
        [0.0736, 0.0953, 0.0958, 0.0985, 0.0796, 0.1178, 0.1390, 0.1154, 0.0836,
         0.1014],
        [0.1005, 0.0909, 0.0968, 0.0994, 0.0788, 0.1138, 0.1063, 0.1035, 0.1201,
         0.0898],
        [0.0841, 0.0958, 0.0950, 0.0918, 0.0784, 0.1098, 0.1123, 0.1256, 0.1011,
         0.1061],
        [0.0739, 0.1035, 0.0951, 0.0960, 0.0764, 0.1187, 0.1300, 0.1145, 0.0865,
         0.1054],
        [0.0830, 0.1043, 0.0923, 0.1026, 0.0712, 0.1207, 0.1180, 0.1107, 0.0942,
         0.1029],
        [0.0896, 0.1014, 0.0911, 0.0931, 0.0765, 0.1141, 0.1134, 0.1104, 0.1085,
         0.1018],
        [0.0900, 0.0922, 0.0865, 0.1046, 0.0760, 0.1178, 0.1128, 0.1061, 0.1153,
         0.0987],
        [0.1199, 0.0750, 0.0926, 0.0933, 0.0831, 0.1099, 0.0898, 0.0974, 0.1596,
         0.0794],
        [0.0751, 0.0977, 0.0996, 0.1032, 0.0711, 0.1181, 0.1300, 0.1163, 0.0843,
         0.1047],
        [0.0752, 0.0993, 0.1010, 0.0945, 0.0788, 0.1143, 0.1348, 0.1110, 0.0872,
         0.1040],
        [0.0773, 0.1006, 0.0931, 0.0976, 0.0762, 0.1177, 0.1245, 0.1170, 0.0901,
         0.1060],
        [0.0877, 0.0989, 0.1003, 0.1050, 0.0742, 0.1186, 0.1120, 0.1079, 0.0994,
         0.0960],
        [0.0811, 0.0950, 0.0930, 0.0906, 0.0811, 0.1114, 0.1242, 0.1239, 0.0935,
         0.1062],
        [0.0834, 0.0959, 0.0974, 0.0894, 0.0786, 0.1117, 0.1227, 0.1153, 0.1001,
         0.1055],
        [0.1138, 0.0850, 0.0943, 0.0924, 0.0808, 0.1089, 0.0922, 0.1061, 0.1375,
         0.0890],
        [0.1122, 0.0834, 0.0945, 0.0948, 0.0827, 0.1123, 0.1053, 0.1011, 0.1315,
         0.0822],
        [0.0846, 0.1145, 0.0885, 0.0950, 0.0723, 0.1178, 0.1155, 0.1050, 0.1062,
         0.1006],
        [0.0767, 0.1215, 0.0919, 0.0931, 0.0736, 0.1185, 0.1144, 0.1111, 0.0921,
         0.1072],
        [0.0743, 0.0859, 0.1019, 0.0968, 0.0802, 0.1198, 0.1472, 0.1182, 0.0807,
         0.0950],
        [0.0758, 0.0968, 0.1005, 0.0966, 0.0779, 0.1177, 0.1323, 0.1180, 0.0829,
         0.1015],
        [0.0765, 0.1098, 0.0948, 0.0993, 0.0747, 0.1179, 0.1152, 0.1166, 0.0906,
         0.1047],
        [0.0806, 0.1024, 0.0958, 0.1004, 0.0760, 0.1199, 0.1176, 0.1144, 0.0909,
         0.1022],
        [0.0921, 0.1108, 0.0923, 0.0872, 0.0779, 0.1065, 0.1012, 0.1117, 0.1129,
         0.1075],
        [0.0743, 0.0866, 0.1028, 0.0939, 0.0832, 0.1179, 0.1426, 0.1222, 0.0801,
         0.0963],
        [0.0819, 0.1016, 0.0982, 0.1077, 0.0722, 0.1190, 0.1160, 0.1135, 0.0895,
         0.1005],
        [0.0713, 0.0834, 0.1128, 0.0862, 0.0930, 0.1131, 0.1649, 0.1014, 0.0812,
         0.0926],
        [0.0803, 0.1269, 0.0886, 0.0893, 0.0716, 0.1136, 0.1150, 0.1054, 0.0998,
         0.1094],
        [0.1102, 0.0851, 0.0900, 0.0943, 0.0827, 0.1116, 0.1063, 0.1042, 0.1286,
         0.0871],
        [0.0729, 0.0897, 0.0980, 0.1084, 0.0721, 0.1254, 0.1364, 0.1169, 0.0813,
         0.0989],
        [0.0802, 0.1107, 0.0912, 0.0945, 0.0758, 0.1102, 0.1139, 0.1206, 0.0937,
         0.1092],
        [0.0729, 0.0888, 0.1022, 0.1056, 0.0750, 0.1257, 0.1407, 0.1118, 0.0802,
         0.0971],
        [0.0827, 0.1008, 0.0934, 0.0939, 0.0753, 0.1092, 0.1141, 0.1243, 0.0965,
         0.1098],
        [0.0743, 0.0897, 0.0966, 0.1036, 0.0756, 0.1229, 0.1383, 0.1196, 0.0810,
         0.0982],
        [0.0776, 0.1046, 0.0906, 0.0955, 0.0776, 0.1137, 0.1245, 0.1227, 0.0874,
         0.1057],
        [0.0792, 0.1170, 0.0894, 0.0970, 0.0707, 0.1205, 0.1182, 0.1086, 0.0948,
         0.1045],
        [0.0788, 0.0918, 0.0988, 0.1073, 0.0728, 0.1223, 0.1320, 0.1158, 0.0832,
         0.0971],
        [0.0720, 0.0827, 0.1115, 0.0860, 0.0932, 0.1142, 0.1616, 0.1059, 0.0803,
         0.0926]], device='cuda:0', grad_fn=<SoftmaxBackward>)
>> best accuracy: 18.14	best epoch: 5

>> final recovery rate: 19.691111111111113%
>> val epoch: 10
>> current accuracy: 13.04%
outputs: tensor([[0.1033, 0.0648, 0.0815, 0.0838, 0.1096, 0.0979, 0.1356, 0.1067, 0.1201,
         0.0966],
        [0.0988, 0.1008, 0.0937, 0.0826, 0.0914, 0.1072, 0.1056, 0.0701, 0.1305,
         0.1194],
        [0.0970, 0.0787, 0.0873, 0.0897, 0.0954, 0.1125, 0.1151, 0.0867, 0.1274,
         0.1102],
        [0.1110, 0.0976, 0.0943, 0.0718, 0.0886, 0.0934, 0.1083, 0.0607, 0.1574,
         0.1170],
        [0.0997, 0.0752, 0.0883, 0.0913, 0.0962, 0.1141, 0.1151, 0.0923, 0.1228,
         0.1048],
        [0.1153, 0.0958, 0.1022, 0.0694, 0.0856, 0.0929, 0.1063, 0.0612, 0.1542,
         0.1171],
        [0.1121, 0.0791, 0.0971, 0.0811, 0.0936, 0.0998, 0.1167, 0.0666, 0.1497,
         0.1041],
        [0.1045, 0.0700, 0.0867, 0.0837, 0.1023, 0.0958, 0.1279, 0.0983, 0.1225,
         0.1081],
        [0.1000, 0.1175, 0.0913, 0.0722, 0.0900, 0.0924, 0.1057, 0.0658, 0.1398,
         0.1252],
        [0.1034, 0.0750, 0.0847, 0.0974, 0.0902, 0.1049, 0.1238, 0.0850, 0.1201,
         0.1156],
        [0.0975, 0.0943, 0.0916, 0.0830, 0.0931, 0.0991, 0.1161, 0.0766, 0.1278,
         0.1209],
        [0.1094, 0.0686, 0.0895, 0.0925, 0.1016, 0.0977, 0.1391, 0.0723, 0.1322,
         0.0970],
        [0.1133, 0.0907, 0.1026, 0.0814, 0.0926, 0.0945, 0.1123, 0.0601, 0.1431,
         0.1093],
        [0.1089, 0.0971, 0.0942, 0.0761, 0.0864, 0.0880, 0.1094, 0.0707, 0.1347,
         0.1343],
        [0.1096, 0.1107, 0.0903, 0.0646, 0.0854, 0.0879, 0.1082, 0.0594, 0.1598,
         0.1239],
        [0.0991, 0.0646, 0.1005, 0.0560, 0.1360, 0.0890, 0.1299, 0.0878, 0.1247,
         0.1124],
        [0.1107, 0.0865, 0.0959, 0.0797, 0.0890, 0.0873, 0.1100, 0.0779, 0.1295,
         0.1336],
        [0.1117, 0.0814, 0.1004, 0.0989, 0.0938, 0.1089, 0.1123, 0.0640, 0.1309,
         0.0977],
        [0.1013, 0.1284, 0.0901, 0.0654, 0.0870, 0.0915, 0.1018, 0.0648, 0.1406,
         0.1291],
        [0.0976, 0.0878, 0.0893, 0.0889, 0.0937, 0.1066, 0.1074, 0.0861, 0.1210,
         0.1215],
        [0.1038, 0.0698, 0.0860, 0.0829, 0.1012, 0.0982, 0.1283, 0.1012, 0.1217,
         0.1068],
        [0.1216, 0.0857, 0.1071, 0.0849, 0.0894, 0.0998, 0.0995, 0.0617, 0.1436,
         0.1068],
        [0.1020, 0.0646, 0.0839, 0.0805, 0.1141, 0.0968, 0.1380, 0.1003, 0.1221,
         0.0978],
        [0.0997, 0.0896, 0.0868, 0.0814, 0.0914, 0.0975, 0.1117, 0.0832, 0.1243,
         0.1344],
        [0.1322, 0.0741, 0.1050, 0.0695, 0.0877, 0.0920, 0.1017, 0.0580, 0.1780,
         0.1017],
        [0.1172, 0.0853, 0.1005, 0.0901, 0.0877, 0.1037, 0.1027, 0.0644, 0.1378,
         0.1105],
        [0.1048, 0.0658, 0.0830, 0.0860, 0.1055, 0.0993, 0.1340, 0.1012, 0.1222,
         0.0981],
        [0.1422, 0.0829, 0.1037, 0.0609, 0.0864, 0.0887, 0.0949, 0.0616, 0.1840,
         0.0947],
        [0.1058, 0.0664, 0.0832, 0.0906, 0.1023, 0.1013, 0.1389, 0.0855, 0.1262,
         0.0998],
        [0.1056, 0.0826, 0.0944, 0.0795, 0.0875, 0.0926, 0.1138, 0.0745, 0.1380,
         0.1315],
        [0.1445, 0.0691, 0.1100, 0.0720, 0.0880, 0.0932, 0.0976, 0.0583, 0.1752,
         0.0921],
        [0.1103, 0.0868, 0.0964, 0.0961, 0.0889, 0.1120, 0.1100, 0.0665, 0.1270,
         0.1059],
        [0.1000, 0.0671, 0.0849, 0.0834, 0.1089, 0.0995, 0.1334, 0.0982, 0.1229,
         0.1017],
        [0.1162, 0.0877, 0.0944, 0.0917, 0.0866, 0.0990, 0.1089, 0.0681, 0.1249,
         0.1226],
        [0.1051, 0.1134, 0.0884, 0.0601, 0.0874, 0.0858, 0.1049, 0.0616, 0.1658,
         0.1275],
        [0.1284, 0.0836, 0.1008, 0.0662, 0.0871, 0.0881, 0.1073, 0.0589, 0.1735,
         0.1062],
        [0.1219, 0.0891, 0.1035, 0.0822, 0.0863, 0.0964, 0.1010, 0.0636, 0.1424,
         0.1135],
        [0.1043, 0.0708, 0.0876, 0.1004, 0.0983, 0.1087, 0.1334, 0.0784, 0.1196,
         0.0985],
        [0.1130, 0.0857, 0.0979, 0.0762, 0.0874, 0.0898, 0.1103, 0.0667, 0.1473,
         0.1257],
        [0.1199, 0.0895, 0.0991, 0.0795, 0.0873, 0.0894, 0.1130, 0.0613, 0.1403,
         0.1206],
        [0.1349, 0.0716, 0.1035, 0.0699, 0.0855, 0.0897, 0.1052, 0.0575, 0.1775,
         0.1046],
        [0.1119, 0.0719, 0.0948, 0.0942, 0.0990, 0.1040, 0.1318, 0.0637, 0.1306,
         0.0980],
        [0.1041, 0.0689, 0.0946, 0.0765, 0.1115, 0.0940, 0.1395, 0.0673, 0.1333,
         0.1103],
        [0.1061, 0.0719, 0.0849, 0.0742, 0.0994, 0.0890, 0.1144, 0.1209, 0.1229,
         0.1163],
        [0.0987, 0.0940, 0.0805, 0.0867, 0.0821, 0.0909, 0.1123, 0.0866, 0.1149,
         0.1534],
        [0.1076, 0.0725, 0.0901, 0.0810, 0.1037, 0.0997, 0.1253, 0.0776, 0.1279,
         0.1146],
        [0.1006, 0.0671, 0.0878, 0.0801, 0.1137, 0.0983, 0.1339, 0.0954, 0.1199,
         0.1032],
        [0.1008, 0.1013, 0.0961, 0.0769, 0.0974, 0.0975, 0.1136, 0.0615, 0.1353,
         0.1197],
        [0.1072, 0.0685, 0.0882, 0.0838, 0.1086, 0.0954, 0.1365, 0.0904, 0.1228,
         0.0985],
        [0.1037, 0.0748, 0.0941, 0.0945, 0.0972, 0.1070, 0.1195, 0.0781, 0.1270,
         0.1041],
        [0.0966, 0.1159, 0.0890, 0.0696, 0.0893, 0.0859, 0.1062, 0.0724, 0.1340,
         0.1410],
        [0.0943, 0.0918, 0.0925, 0.0776, 0.1043, 0.0995, 0.1073, 0.0969, 0.1200,
         0.1157],
        [0.1103, 0.0973, 0.0998, 0.0808, 0.0910, 0.1031, 0.1041, 0.0613, 0.1458,
         0.1065],
        [0.1008, 0.0673, 0.0857, 0.0746, 0.1179, 0.0908, 0.1372, 0.0912, 0.1263,
         0.1082],
        [0.1100, 0.0753, 0.0881, 0.0962, 0.0978, 0.1067, 0.1272, 0.0699, 0.1267,
         0.1020],
        [0.1497, 0.0712, 0.1132, 0.0709, 0.0859, 0.0921, 0.0934, 0.0602, 0.1678,
         0.0955],
        [0.1139, 0.0773, 0.0903, 0.0810, 0.0898, 0.0974, 0.1118, 0.0748, 0.1463,
         0.1172],
        [0.0992, 0.0978, 0.0900, 0.0820, 0.0934, 0.0937, 0.1209, 0.0775, 0.1219,
         0.1236],
        [0.1074, 0.0925, 0.0912, 0.0737, 0.0859, 0.0851, 0.1112, 0.0744, 0.1378,
         0.1406],
        [0.1214, 0.0846, 0.1061, 0.0740, 0.0919, 0.0936, 0.1066, 0.0595, 0.1574,
         0.1048],
        [0.1188, 0.0820, 0.1060, 0.0923, 0.0897, 0.1035, 0.0977, 0.0681, 0.1344,
         0.1075],
        [0.1065, 0.0795, 0.0914, 0.0945, 0.0906, 0.1067, 0.1131, 0.0750, 0.1268,
         0.1159],
        [0.1015, 0.0706, 0.0834, 0.0884, 0.0999, 0.0996, 0.1384, 0.0827, 0.1268,
         0.1087],
        [0.1159, 0.0696, 0.0990, 0.0890, 0.0899, 0.0982, 0.1121, 0.0781, 0.1352,
         0.1130],
        [0.1120, 0.0819, 0.0904, 0.0882, 0.0876, 0.0957, 0.1200, 0.0764, 0.1271,
         0.1207],
        [0.0989, 0.0708, 0.0942, 0.0674, 0.1234, 0.0919, 0.1233, 0.0916, 0.1246,
         0.1138],
        [0.1046, 0.1071, 0.0934, 0.0681, 0.0914, 0.0890, 0.1087, 0.0645, 0.1476,
         0.1257],
        [0.1083, 0.0814, 0.0895, 0.0779, 0.0875, 0.0868, 0.1163, 0.0847, 0.1334,
         0.1342],
        [0.1221, 0.0757, 0.1081, 0.0863, 0.0907, 0.1039, 0.0992, 0.0656, 0.1461,
         0.1022],
        [0.0990, 0.0894, 0.0846, 0.0834, 0.0953, 0.0957, 0.1185, 0.0892, 0.1210,
         0.1240],
        [0.1044, 0.0997, 0.0971, 0.0875, 0.0881, 0.1052, 0.1081, 0.0635, 0.1308,
         0.1154],
        [0.1141, 0.0756, 0.0947, 0.0854, 0.0894, 0.0955, 0.1150, 0.0731, 0.1434,
         0.1138]], device='cuda:0', grad_fn=<SoftmaxBackward>)
>> best accuracy: 18.14	best epoch: 5

>> final recovery rate: 19.691111111111113%
>> val epoch: 15
>> current accuracy: 26.040000000000003%
outputs: tensor([[0.1590, 0.0756, 0.0979, 0.0864, 0.1047, 0.0864, 0.0725, 0.0753, 0.1319,
         0.1103],
        [0.1519, 0.0700, 0.1003, 0.0906, 0.1093, 0.0849, 0.0772, 0.0691, 0.1308,
         0.1159],
        [0.1569, 0.0692, 0.0990, 0.0882, 0.1064, 0.0862, 0.0740, 0.0723, 0.1346,
         0.1132],
        [0.1036, 0.0604, 0.1214, 0.1146, 0.1590, 0.1000, 0.0976, 0.0854, 0.0695,
         0.0885],
        [0.1391, 0.0680, 0.1090, 0.0998, 0.1111, 0.0891, 0.0805, 0.0700, 0.1163,
         0.1170],
        [0.0880, 0.0704, 0.1103, 0.1252, 0.1157, 0.1225, 0.1028, 0.0809, 0.0717,
         0.1125],
        [0.1025, 0.0631, 0.1172, 0.0993, 0.1681, 0.0858, 0.1124, 0.0810, 0.0724,
         0.0981],
        [0.1088, 0.0950, 0.1132, 0.1114, 0.1126, 0.1187, 0.0746, 0.0802, 0.0833,
         0.1023],
        [0.1355, 0.0730, 0.1164, 0.1029, 0.1163, 0.0908, 0.0756, 0.0743, 0.1009,
         0.1144],
        [0.1006, 0.0555, 0.1153, 0.1128, 0.1501, 0.0962, 0.1226, 0.0779, 0.0746,
         0.0944],
        [0.1006, 0.0574, 0.1274, 0.1368, 0.1334, 0.1159, 0.0811, 0.0873, 0.0701,
         0.0900],
        [0.1433, 0.0676, 0.1006, 0.0986, 0.1108, 0.0900, 0.0796, 0.0879, 0.1077,
         0.1139],
        [0.1225, 0.0850, 0.1089, 0.0943, 0.1054, 0.0903, 0.0813, 0.0760, 0.0988,
         0.1373],
        [0.0979, 0.0616, 0.1241, 0.1160, 0.1471, 0.1075, 0.1029, 0.0769, 0.0720,
         0.0941],
        [0.1004, 0.0539, 0.1203, 0.1109, 0.1510, 0.0971, 0.1146, 0.0855, 0.0725,
         0.0939],
        [0.1006, 0.0577, 0.1225, 0.1046, 0.1607, 0.0881, 0.1150, 0.0798, 0.0733,
         0.0978],
        [0.1115, 0.0707, 0.1227, 0.0993, 0.1402, 0.0959, 0.0990, 0.0691, 0.0857,
         0.1058],
        [0.1463, 0.0835, 0.1090, 0.0928, 0.1069, 0.0888, 0.0695, 0.0774, 0.1113,
         0.1145],
        [0.0951, 0.0565, 0.1049, 0.1229, 0.1477, 0.1027, 0.1131, 0.1016, 0.0641,
         0.0914],
        [0.0995, 0.0551, 0.1135, 0.1164, 0.1565, 0.0942, 0.1193, 0.0848, 0.0706,
         0.0902],
        [0.1113, 0.0761, 0.1190, 0.1168, 0.1146, 0.0920, 0.0860, 0.0832, 0.0703,
         0.1308],
        [0.0963, 0.0859, 0.1044, 0.0966, 0.1158, 0.0952, 0.0976, 0.0847, 0.0726,
         0.1509],
        [0.1008, 0.0975, 0.1010, 0.0873, 0.0942, 0.0797, 0.0820, 0.0942, 0.0744,
         0.1889],
        [0.1411, 0.0655, 0.1167, 0.1074, 0.1187, 0.0878, 0.0807, 0.0761, 0.0958,
         0.1103],
        [0.1048, 0.0893, 0.1172, 0.1020, 0.1101, 0.0930, 0.0787, 0.0783, 0.0807,
         0.1458],
        [0.0997, 0.0669, 0.1222, 0.1371, 0.1151, 0.1285, 0.0794, 0.0851, 0.0618,
         0.1042],
        [0.0923, 0.0670, 0.1047, 0.1209, 0.1235, 0.1042, 0.1107, 0.0853, 0.0721,
         0.1191],
        [0.1106, 0.0669, 0.1077, 0.1060, 0.1099, 0.0985, 0.0932, 0.0995, 0.0856,
         0.1221],
        [0.1042, 0.0568, 0.1258, 0.0996, 0.1554, 0.0911, 0.1187, 0.0754, 0.0758,
         0.0971],
        [0.0899, 0.0609, 0.1008, 0.1224, 0.1180, 0.1075, 0.1193, 0.1012, 0.0628,
         0.1172],
        [0.1306, 0.0783, 0.1150, 0.1085, 0.1184, 0.0865, 0.0788, 0.0697, 0.0941,
         0.1199],
        [0.1199, 0.0671, 0.1041, 0.0991, 0.1094, 0.0905, 0.0893, 0.0855, 0.0965,
         0.1388],
        [0.1030, 0.0589, 0.1086, 0.1094, 0.1726, 0.0880, 0.1086, 0.0915, 0.0707,
         0.0887],
        [0.1045, 0.0623, 0.1291, 0.1438, 0.1239, 0.1194, 0.0756, 0.0774, 0.0663,
         0.0975],
        [0.1153, 0.0790, 0.1103, 0.1145, 0.1127, 0.1058, 0.0845, 0.0833, 0.0739,
         0.1208],
        [0.0989, 0.0548, 0.1184, 0.1125, 0.1497, 0.0967, 0.1208, 0.0809, 0.0704,
         0.0969],
        [0.1107, 0.0918, 0.1076, 0.0910, 0.1034, 0.0900, 0.0794, 0.0765, 0.0899,
         0.1598],
        [0.0977, 0.0627, 0.1286, 0.1386, 0.1270, 0.1209, 0.0814, 0.0830, 0.0672,
         0.0930],
        [0.1033, 0.0860, 0.1136, 0.1078, 0.1212, 0.1082, 0.0887, 0.0742, 0.0820,
         0.1150],
        [0.1236, 0.0799, 0.1141, 0.0962, 0.1119, 0.0833, 0.0829, 0.0732, 0.0975,
         0.1374],
        [0.0955, 0.0638, 0.1158, 0.1252, 0.1373, 0.1136, 0.0906, 0.0955, 0.0653,
         0.0974],
        [0.1257, 0.0645, 0.1250, 0.1208, 0.1230, 0.0920, 0.0793, 0.0699, 0.0890,
         0.1108],
        [0.0947, 0.0621, 0.1202, 0.1162, 0.1253, 0.1114, 0.1034, 0.0828, 0.0698,
         0.1141],
        [0.1125, 0.0852, 0.1146, 0.1030, 0.1138, 0.1059, 0.0779, 0.0793, 0.0903,
         0.1175],
        [0.1390, 0.0839, 0.0997, 0.0790, 0.1020, 0.0894, 0.0773, 0.0764, 0.1311,
         0.1223],
        [0.1103, 0.0837, 0.1140, 0.1120, 0.1147, 0.1042, 0.0875, 0.0728, 0.0845,
         0.1165],
        [0.1892, 0.0610, 0.1008, 0.0943, 0.1130, 0.0798, 0.0668, 0.0707, 0.1312,
         0.0931],
        [0.0934, 0.0638, 0.1137, 0.1280, 0.1104, 0.1259, 0.0898, 0.0954, 0.0656,
         0.1140],
        [0.1022, 0.0644, 0.1366, 0.1457, 0.1247, 0.1218, 0.0708, 0.0776, 0.0669,
         0.0893],
        [0.1016, 0.0705, 0.1051, 0.1204, 0.1127, 0.1054, 0.0963, 0.1045, 0.0663,
         0.1172],
        [0.1169, 0.0886, 0.1021, 0.0871, 0.1109, 0.0895, 0.0820, 0.0924, 0.1011,
         0.1294],
        [0.0973, 0.0642, 0.1207, 0.1366, 0.1193, 0.1181, 0.0905, 0.0859, 0.0665,
         0.1009],
        [0.0950, 0.0621, 0.1196, 0.1167, 0.1377, 0.1090, 0.0987, 0.0899, 0.0683,
         0.1029],
        [0.1023, 0.0871, 0.1077, 0.0950, 0.0987, 0.0856, 0.0849, 0.0951, 0.0724,
         0.1711],
        [0.1161, 0.0830, 0.1094, 0.1001, 0.1091, 0.0872, 0.0837, 0.1041, 0.0784,
         0.1290],
        [0.1143, 0.0861, 0.1064, 0.0951, 0.1028, 0.0868, 0.0845, 0.0852, 0.0861,
         0.1528],
        [0.0988, 0.0574, 0.1197, 0.1061, 0.1572, 0.0888, 0.1203, 0.0806, 0.0732,
         0.0980],
        [0.1079, 0.0666, 0.1313, 0.1374, 0.1322, 0.1016, 0.0797, 0.0688, 0.0703,
         0.1042],
        [0.0929, 0.0581, 0.1078, 0.1219, 0.1320, 0.1064, 0.1187, 0.0971, 0.0659,
         0.0992],
        [0.1205, 0.0688, 0.1326, 0.1268, 0.1218, 0.1077, 0.0668, 0.0757, 0.0794,
         0.0998],
        [0.1066, 0.0679, 0.1052, 0.1161, 0.1164, 0.0980, 0.0914, 0.1221, 0.0718,
         0.1045],
        [0.1038, 0.0597, 0.1032, 0.1099, 0.1665, 0.0921, 0.1116, 0.0948, 0.0744,
         0.0841],
        [0.0969, 0.0583, 0.1316, 0.1190, 0.1396, 0.1015, 0.1065, 0.0751, 0.0733,
         0.0982],
        [0.1709, 0.0672, 0.0957, 0.0829, 0.1022, 0.0853, 0.0739, 0.0764, 0.1436,
         0.1020],
        [0.0973, 0.0846, 0.1220, 0.1132, 0.1148, 0.1174, 0.0812, 0.0801, 0.0776,
         0.1117],
        [0.1727, 0.0670, 0.1037, 0.0901, 0.1078, 0.0862, 0.0658, 0.0783, 0.1355,
         0.0928],
        [0.0974, 0.0551, 0.1143, 0.1190, 0.1445, 0.0993, 0.1185, 0.0898, 0.0695,
         0.0927],
        [0.1041, 0.0671, 0.1231, 0.1407, 0.1176, 0.1077, 0.0843, 0.0846, 0.0609,
         0.1099],
        [0.1060, 0.0620, 0.1338, 0.0950, 0.1619, 0.0909, 0.0998, 0.0825, 0.0779,
         0.0900],
        [0.1078, 0.0745, 0.1060, 0.0947, 0.1252, 0.0895, 0.0829, 0.1510, 0.0704,
         0.0979],
        [0.0985, 0.0673, 0.1099, 0.1193, 0.1079, 0.1050, 0.1000, 0.1044, 0.0679,
         0.1199],
        [0.1530, 0.0731, 0.1027, 0.0922, 0.1100, 0.0847, 0.0733, 0.0783, 0.1206,
         0.1121]], device='cuda:0', grad_fn=<SoftmaxBackward>)
>> best accuracy: 26.040000000000003	best epoch: 15

>> final recovery rate: 19.691111111111113%
>> val epoch: 20
>> current accuracy: 32.2%
outputs: tensor([[0.1153, 0.0980, 0.0888, 0.0580, 0.0877, 0.1041, 0.0696, 0.1262, 0.1674,
         0.0850],
        [0.0904, 0.0948, 0.1010, 0.0812, 0.1018, 0.1002, 0.1370, 0.1078, 0.1065,
         0.0792],
        [0.0873, 0.1525, 0.0848, 0.0732, 0.0830, 0.1030, 0.0690, 0.1255, 0.1114,
         0.1103],
        [0.1033, 0.1051, 0.1044, 0.0959, 0.0940, 0.1116, 0.0982, 0.1047, 0.1051,
         0.0777],
        [0.1083, 0.1126, 0.0941, 0.0847, 0.0889, 0.1084, 0.0781, 0.1069, 0.1263,
         0.0918],
        [0.0759, 0.1196, 0.0929, 0.0565, 0.1004, 0.0835, 0.0608, 0.2310, 0.0970,
         0.0823],
        [0.1006, 0.1144, 0.0978, 0.0902, 0.0857, 0.1222, 0.0781, 0.1335, 0.0973,
         0.0800],
        [0.1009, 0.1103, 0.0969, 0.0804, 0.0984, 0.1179, 0.0813, 0.1322, 0.1053,
         0.0765],
        [0.1015, 0.1319, 0.0857, 0.0776, 0.0852, 0.1138, 0.0761, 0.0958, 0.1351,
         0.0974],
        [0.1319, 0.1034, 0.0935, 0.0744, 0.0874, 0.1152, 0.0698, 0.0953, 0.1496,
         0.0795],
        [0.0996, 0.1070, 0.1139, 0.0768, 0.1128, 0.1102, 0.0890, 0.1081, 0.1025,
         0.0800],
        [0.1038, 0.1068, 0.1018, 0.0993, 0.0925, 0.1238, 0.0888, 0.1058, 0.1020,
         0.0753],
        [0.0921, 0.1365, 0.0887, 0.0703, 0.0817, 0.1016, 0.0738, 0.1066, 0.1226,
         0.1260],
        [0.1163, 0.0933, 0.1008, 0.0686, 0.0952, 0.1127, 0.0736, 0.1263, 0.1402,
         0.0730],
        [0.1133, 0.1051, 0.1055, 0.0879, 0.0874, 0.1092, 0.0735, 0.1088, 0.1292,
         0.0803],
        [0.0865, 0.1330, 0.0920, 0.0619, 0.0907, 0.0899, 0.0911, 0.0993, 0.1261,
         0.1296],
        [0.0933, 0.1402, 0.0842, 0.0745, 0.0823, 0.1030, 0.0738, 0.1142, 0.1118,
         0.1227],
        [0.0900, 0.0962, 0.1264, 0.0881, 0.0960, 0.1288, 0.0774, 0.1097, 0.1062,
         0.0813],
        [0.0929, 0.1117, 0.0903, 0.0821, 0.0914, 0.1015, 0.1183, 0.1135, 0.1010,
         0.0973],
        [0.1051, 0.1033, 0.1021, 0.0880, 0.0922, 0.1052, 0.1006, 0.0974, 0.1218,
         0.0844],
        [0.1077, 0.1107, 0.1024, 0.0942, 0.0875, 0.1232, 0.0755, 0.1114, 0.1045,
         0.0830],
        [0.0920, 0.1153, 0.1103, 0.0880, 0.0893, 0.1256, 0.0749, 0.1215, 0.0993,
         0.0837],
        [0.1120, 0.0881, 0.1104, 0.0790, 0.0937, 0.1177, 0.0763, 0.1100, 0.1384,
         0.0745],
        [0.0936, 0.1162, 0.0930, 0.0792, 0.0989, 0.1044, 0.0760, 0.1651, 0.0960,
         0.0777],
        [0.1317, 0.0975, 0.0828, 0.0599, 0.0887, 0.1046, 0.0655, 0.1169, 0.1821,
         0.0704],
        [0.0948, 0.1743, 0.0871, 0.0692, 0.0860, 0.1065, 0.0691, 0.1017, 0.1173,
         0.0940],
        [0.0968, 0.1033, 0.1001, 0.0836, 0.0937, 0.0968, 0.1502, 0.1036, 0.0951,
         0.0769],
        [0.0969, 0.1023, 0.1020, 0.0965, 0.0894, 0.1179, 0.0911, 0.1113, 0.1105,
         0.0821],
        [0.0940, 0.1159, 0.0915, 0.0927, 0.0817, 0.1214, 0.0828, 0.1177, 0.1050,
         0.0973],
        [0.0774, 0.1054, 0.1066, 0.0506, 0.1153, 0.0954, 0.1362, 0.1087, 0.1073,
         0.0971],
        [0.1244, 0.1133, 0.0891, 0.0727, 0.0886, 0.1106, 0.0709, 0.1122, 0.1429,
         0.0754],
        [0.1156, 0.1159, 0.0963, 0.0790, 0.0908, 0.1169, 0.0702, 0.1172, 0.1193,
         0.0787],
        [0.0916, 0.1026, 0.0990, 0.0716, 0.0999, 0.0981, 0.1468, 0.1023, 0.1031,
         0.0850],
        [0.1196, 0.1188, 0.0910, 0.0790, 0.0816, 0.1157, 0.0727, 0.0962, 0.1429,
         0.0825],
        [0.0919, 0.1061, 0.1135, 0.0961, 0.0882, 0.1333, 0.0786, 0.1097, 0.1026,
         0.0802],
        [0.1025, 0.1073, 0.0892, 0.0967, 0.0725, 0.1393, 0.0713, 0.1268, 0.1010,
         0.0934],
        [0.1220, 0.0947, 0.1076, 0.0862, 0.0915, 0.1115, 0.0832, 0.0952, 0.1365,
         0.0716],
        [0.1038, 0.1334, 0.0904, 0.0670, 0.0932, 0.1013, 0.0728, 0.1044, 0.1343,
         0.0993],
        [0.0979, 0.1157, 0.1013, 0.0907, 0.0827, 0.1233, 0.0759, 0.1162, 0.1099,
         0.0864],
        [0.0936, 0.1194, 0.1046, 0.0805, 0.0978, 0.1078, 0.0723, 0.1392, 0.0969,
         0.0879],
        [0.0837, 0.1138, 0.0942, 0.0609, 0.1085, 0.1098, 0.0922, 0.1409, 0.1109,
         0.0849],
        [0.0928, 0.1096, 0.0993, 0.0937, 0.0865, 0.1312, 0.0785, 0.1239, 0.0978,
         0.0868],
        [0.0887, 0.1426, 0.0885, 0.0717, 0.0913, 0.1031, 0.0883, 0.1072, 0.1107,
         0.1078],
        [0.1026, 0.1252, 0.0944, 0.0793, 0.0887, 0.1141, 0.0707, 0.1257, 0.1101,
         0.0893],
        [0.1028, 0.1187, 0.0987, 0.0877, 0.0859, 0.1115, 0.0712, 0.1286, 0.0956,
         0.0993],
        [0.0882, 0.1447, 0.0815, 0.0683, 0.0891, 0.0924, 0.0699, 0.1560, 0.0945,
         0.1154],
        [0.0942, 0.1443, 0.0873, 0.0703, 0.0807, 0.0967, 0.0776, 0.1032, 0.1319,
         0.1138],
        [0.0858, 0.1533, 0.0873, 0.0733, 0.0791, 0.1242, 0.0695, 0.1037, 0.1147,
         0.1091],
        [0.1324, 0.1058, 0.0950, 0.0855, 0.0928, 0.1047, 0.0769, 0.1019, 0.1218,
         0.0833],
        [0.0963, 0.1179, 0.0880, 0.0864, 0.0788, 0.1094, 0.0860, 0.1312, 0.1081,
         0.0979],
        [0.0975, 0.1203, 0.0968, 0.0815, 0.0872, 0.1188, 0.0701, 0.1090, 0.1195,
         0.0992],
        [0.1016, 0.1045, 0.1071, 0.0843, 0.1019, 0.1053, 0.1085, 0.1036, 0.1068,
         0.0764],
        [0.1189, 0.1017, 0.1070, 0.0822, 0.0891, 0.1095, 0.0666, 0.1132, 0.1309,
         0.0808],
        [0.0925, 0.1108, 0.1119, 0.0689, 0.1025, 0.1178, 0.0937, 0.0943, 0.1104,
         0.0973],
        [0.1048, 0.1201, 0.1016, 0.0659, 0.0886, 0.1106, 0.0724, 0.1029, 0.1449,
         0.0881],
        [0.0966, 0.1242, 0.0941, 0.0743, 0.1021, 0.1015, 0.0987, 0.1102, 0.1090,
         0.0892],
        [0.1182, 0.1064, 0.0837, 0.0653, 0.0813, 0.1002, 0.0711, 0.1122, 0.1850,
         0.0767],
        [0.1025, 0.0983, 0.1058, 0.0987, 0.0853, 0.1381, 0.0769, 0.1028, 0.1055,
         0.0860],
        [0.1110, 0.1197, 0.1072, 0.0899, 0.0953, 0.1052, 0.0750, 0.1195, 0.0955,
         0.0815],
        [0.0962, 0.1376, 0.0926, 0.0803, 0.0878, 0.1070, 0.0829, 0.0969, 0.1254,
         0.0933],
        [0.0969, 0.1185, 0.0936, 0.0782, 0.0990, 0.1129, 0.0736, 0.1441, 0.1005,
         0.0828],
        [0.1034, 0.1034, 0.1038, 0.0874, 0.1049, 0.1006, 0.1095, 0.1084, 0.1041,
         0.0746],
        [0.0947, 0.1062, 0.1003, 0.0859, 0.0879, 0.1202, 0.0927, 0.1091, 0.1127,
         0.0903],
        [0.0961, 0.1035, 0.0910, 0.1032, 0.0769, 0.1394, 0.0899, 0.1245, 0.0952,
         0.0802],
        [0.0929, 0.1736, 0.0887, 0.0671, 0.1013, 0.1085, 0.0777, 0.1139, 0.0984,
         0.0779],
        [0.0874, 0.1192, 0.0873, 0.0814, 0.0784, 0.1028, 0.0666, 0.2053, 0.0873,
         0.0842],
        [0.0878, 0.0962, 0.1249, 0.0713, 0.1211, 0.1080, 0.0886, 0.1135, 0.1073,
         0.0812],
        [0.0815, 0.1545, 0.0913, 0.0638, 0.0920, 0.0973, 0.0752, 0.1073, 0.1153,
         0.1217],
        [0.0875, 0.1194, 0.0972, 0.0821, 0.0822, 0.1112, 0.0865, 0.1207, 0.1212,
         0.0920],
        [0.0996, 0.1119, 0.0947, 0.0887, 0.0792, 0.1249, 0.0808, 0.1249, 0.1110,
         0.0842],
        [0.0997, 0.1031, 0.1045, 0.0907, 0.1013, 0.1105, 0.1018, 0.1157, 0.0987,
         0.0739],
        [0.0951, 0.1280, 0.0943, 0.0740, 0.0909, 0.1067, 0.0766, 0.1080, 0.1185,
         0.1079]], device='cuda:0', grad_fn=<SoftmaxBackward>)
>> best accuracy: 32.2	best epoch: 20

>> final recovery rate: 37.166666666666664%
>> val epoch: 25
>> current accuracy: 38.84%
outputs: tensor([[0.0378, 0.0525, 0.0416, 0.4782, 0.0654, 0.0610, 0.1020, 0.0894, 0.0364,
         0.0356],
        [0.0401, 0.2745, 0.0428, 0.0371, 0.0337, 0.0419, 0.0360, 0.0985, 0.0726,
         0.3228],
        [0.0494, 0.0484, 0.0366, 0.0376, 0.0392, 0.0542, 0.0448, 0.0978, 0.4083,
         0.1838],
        [0.2161, 0.0865, 0.0544, 0.3201, 0.0420, 0.0440, 0.0267, 0.0560, 0.0916,
         0.0626],
        [0.0335, 0.2204, 0.0455, 0.1608, 0.0481, 0.0617, 0.0698, 0.0606, 0.0552,
         0.2444],
        [0.0438, 0.0308, 0.0534, 0.5333, 0.0353, 0.1488, 0.0269, 0.0462, 0.0457,
         0.0357],
        [0.0414, 0.0372, 0.0434, 0.4923, 0.1097, 0.0558, 0.0959, 0.0574, 0.0378,
         0.0291],
        [0.0445, 0.0429, 0.0302, 0.0320, 0.0347, 0.0506, 0.0429, 0.0527, 0.6215,
         0.0478],
        [0.0343, 0.0455, 0.0400, 0.5692, 0.0459, 0.0994, 0.0368, 0.0586, 0.0373,
         0.0328],
        [0.0340, 0.0395, 0.0312, 0.3245, 0.0288, 0.0488, 0.0537, 0.2683, 0.0262,
         0.1449],
        [0.0576, 0.0604, 0.0341, 0.0314, 0.0370, 0.0470, 0.0517, 0.0765, 0.5710,
         0.0333],
        [0.0591, 0.1031, 0.0565, 0.0315, 0.3003, 0.0455, 0.2018, 0.0840, 0.0501,
         0.0682],
        [0.0302, 0.0465, 0.0377, 0.5860, 0.0410, 0.0918, 0.0349, 0.0547, 0.0405,
         0.0366],
        [0.0408, 0.0355, 0.0340, 0.0593, 0.0352, 0.0440, 0.6216, 0.0592, 0.0372,
         0.0332],
        [0.0349, 0.0382, 0.0199, 0.0509, 0.0228, 0.0353, 0.0304, 0.7238, 0.0208,
         0.0231],
        [0.0396, 0.1680, 0.0336, 0.0475, 0.0645, 0.0478, 0.0308, 0.4800, 0.0341,
         0.0541],
        [0.0240, 0.0281, 0.0245, 0.0198, 0.0295, 0.0282, 0.0216, 0.0480, 0.0174,
         0.7588],
        [0.0748, 0.0358, 0.0395, 0.4148, 0.0461, 0.0649, 0.0391, 0.2062, 0.0395,
         0.0393],
        [0.1173, 0.0457, 0.0599, 0.4376, 0.0560, 0.0591, 0.0411, 0.0565, 0.0897,
         0.0371],
        [0.0376, 0.0418, 0.0352, 0.5968, 0.0529, 0.0448, 0.0767, 0.0535, 0.0312,
         0.0294],
        [0.0872, 0.0347, 0.0338, 0.0639, 0.0400, 0.0473, 0.0369, 0.0452, 0.5809,
         0.0301],
