noise type: uniform
noise level: 0.4
when_to_apply_epoch: 20
total clean data num: 32457
probability transition matrix:
[[0.6        0.04444444 0.04444444 0.04444444 0.04444444 0.04444444
  0.04444444 0.04444444 0.04444444 0.04444444]
 [0.04444444 0.6        0.04444444 0.04444444 0.04444444 0.04444444
  0.04444444 0.04444444 0.04444444 0.04444444]
 [0.04444444 0.04444444 0.6        0.04444444 0.04444444 0.04444444
  0.04444444 0.04444444 0.04444444 0.04444444]
 [0.04444444 0.04444444 0.04444444 0.6        0.04444444 0.04444444
  0.04444444 0.04444444 0.04444444 0.04444444]
 [0.04444444 0.04444444 0.04444444 0.04444444 0.6        0.04444444
  0.04444444 0.04444444 0.04444444 0.04444444]
 [0.04444444 0.04444444 0.04444444 0.04444444 0.04444444 0.6
  0.04444444 0.04444444 0.04444444 0.04444444]
 [0.04444444 0.04444444 0.04444444 0.04444444 0.04444444 0.04444444
  0.6        0.04444444 0.04444444 0.04444444]
 [0.04444444 0.04444444 0.04444444 0.04444444 0.04444444 0.04444444
  0.04444444 0.6        0.04444444 0.04444444]
 [0.04444444 0.04444444 0.04444444 0.04444444 0.04444444 0.04444444
  0.04444444 0.04444444 0.6        0.04444444]
 [0.04444444 0.04444444 0.04444444 0.04444444 0.04444444 0.04444444
  0.04444444 0.04444444 0.04444444 0.6       ]]
>> val epoch: 0
>> current accuracy: 98.06666666666666%
outputs: tensor([[0.0212, 0.0465, 0.7342, 0.0175, 0.0171, 0.0184, 0.0608, 0.0267, 0.0317,
         0.0258],
        [0.1526, 0.1013, 0.3974, 0.0525, 0.0303, 0.0297, 0.0964, 0.0414, 0.0607,
         0.0377],
        [0.0422, 0.6084, 0.0623, 0.0271, 0.0234, 0.0263, 0.1065, 0.0280, 0.0365,
         0.0393],
        [0.6071, 0.0632, 0.0451, 0.0306, 0.0147, 0.0303, 0.1009, 0.0385, 0.0439,
         0.0257],
        [0.0375, 0.0606, 0.0332, 0.0549, 0.0377, 0.0252, 0.1084, 0.0229, 0.0764,
         0.5432],
        [0.3055, 0.0722, 0.0683, 0.0509, 0.0219, 0.1314, 0.1525, 0.0659, 0.0851,
         0.0463],
        [0.0614, 0.0774, 0.0306, 0.0279, 0.4805, 0.0392, 0.1284, 0.0608, 0.0366,
         0.0572],
        [0.0348, 0.0607, 0.0335, 0.0496, 0.0318, 0.0255, 0.1058, 0.0219, 0.0652,
         0.5711],
        [0.0415, 0.0655, 0.0367, 0.0498, 0.0372, 0.0251, 0.1220, 0.0215, 0.0707,
         0.5301],
        [0.0190, 0.0298, 0.0353, 0.6549, 0.0232, 0.0291, 0.1024, 0.0264, 0.0452,
         0.0347],
        [0.0192, 0.0444, 0.0521, 0.6350, 0.0266, 0.0261, 0.0929, 0.0340, 0.0373,
         0.0326],
        [0.0338, 0.0717, 0.0670, 0.0379, 0.0363, 0.0309, 0.0790, 0.5461, 0.0479,
         0.0493],
        [0.0546, 0.5885, 0.0529, 0.0320, 0.0249, 0.0284, 0.1082, 0.0309, 0.0362,
         0.0432],
        [0.0614, 0.1155, 0.0411, 0.0421, 0.2884, 0.0412, 0.1180, 0.0551, 0.0639,
         0.1732],
        [0.0385, 0.0561, 0.0471, 0.0367, 0.0352, 0.4613, 0.1904, 0.0395, 0.0641,
         0.0312],
        [0.0610, 0.0779, 0.0371, 0.0440, 0.4621, 0.0367, 0.1090, 0.0626, 0.0472,
         0.0624],
        [0.0419, 0.0681, 0.0435, 0.0642, 0.0420, 0.0328, 0.1316, 0.0304, 0.0829,
         0.4625],
        [0.0390, 0.0711, 0.0694, 0.0482, 0.0378, 0.0313, 0.0830, 0.5264, 0.0584,
         0.0353],
        [0.0287, 0.0519, 0.6487, 0.0332, 0.0257, 0.0315, 0.0738, 0.0386, 0.0382,
         0.0297],
        [0.0261, 0.0470, 0.6884, 0.0194, 0.0182, 0.0308, 0.0730, 0.0368, 0.0358,
         0.0245],
        [0.0481, 0.5290, 0.0819, 0.0368, 0.0323, 0.0292, 0.1151, 0.0314, 0.0519,
         0.0443],
        [0.5989, 0.0665, 0.0399, 0.0313, 0.0154, 0.0293, 0.1210, 0.0307, 0.0424,
         0.0246],
        [0.0374, 0.0338, 0.0367, 0.1281, 0.0324, 0.0238, 0.0872, 0.0357, 0.5527,
         0.0322],
        [0.0203, 0.0295, 0.0331, 0.6780, 0.0183, 0.0207, 0.1090, 0.0230, 0.0383,
         0.0297],
        [0.0186, 0.0333, 0.0405, 0.6786, 0.0249, 0.0235, 0.0890, 0.0243, 0.0384,
         0.0290],
        [0.0397, 0.0767, 0.0778, 0.0506, 0.0732, 0.0292, 0.0798, 0.4702, 0.0575,
         0.0453],
        [0.0208, 0.0492, 0.7067, 0.0175, 0.0191, 0.0220, 0.0742, 0.0264, 0.0340,
         0.0301],
        [0.0187, 0.0170, 0.0113, 0.0113, 0.0056, 0.0123, 0.8814, 0.0126, 0.0124,
         0.0173],
        [0.0340, 0.0568, 0.5750, 0.0421, 0.0258, 0.0239, 0.0873, 0.0293, 0.0946,
         0.0312],
        [0.0408, 0.0679, 0.0399, 0.0510, 0.0456, 0.0341, 0.1137, 0.0252, 0.0644,
         0.5174],
        [0.0375, 0.0714, 0.0622, 0.0397, 0.0377, 0.0286, 0.0800, 0.5533, 0.0525,
         0.0371],
        [0.4947, 0.0592, 0.0826, 0.0375, 0.0159, 0.0468, 0.1348, 0.0481, 0.0529,
         0.0276],
        [0.0620, 0.0873, 0.0339, 0.0392, 0.4754, 0.0400, 0.1128, 0.0520, 0.0473,
         0.0500],
        [0.0402, 0.0767, 0.2057, 0.0461, 0.0372, 0.0354, 0.1084, 0.3132, 0.0816,
         0.0555],
        [0.5773, 0.0685, 0.0590, 0.0316, 0.0138, 0.0287, 0.1189, 0.0357, 0.0392,
         0.0274],
        [0.0204, 0.0337, 0.0422, 0.6498, 0.0230, 0.0252, 0.1073, 0.0236, 0.0414,
         0.0333],
        [0.0399, 0.0787, 0.0830, 0.0361, 0.0369, 0.0422, 0.0860, 0.4803, 0.0561,
         0.0608],
        [0.0638, 0.0731, 0.0255, 0.0275, 0.5015, 0.0380, 0.1117, 0.0579, 0.0334,
         0.0676],
        [0.0366, 0.0695, 0.0648, 0.0364, 0.0348, 0.0312, 0.0833, 0.5496, 0.0499,
         0.0438],
        [0.0813, 0.0691, 0.0260, 0.0270, 0.4929, 0.0351, 0.1251, 0.0503, 0.0375,
         0.0558],
        [0.0385, 0.0407, 0.0344, 0.0502, 0.0334, 0.0230, 0.1107, 0.0271, 0.6010,
         0.0409],
        [0.5099, 0.0628, 0.0481, 0.0393, 0.0168, 0.0371, 0.1688, 0.0407, 0.0466,
         0.0298],
        [0.0524, 0.5888, 0.0631, 0.0300, 0.0284, 0.0282, 0.0916, 0.0348, 0.0397,
         0.0430],
        [0.5825, 0.0680, 0.0467, 0.0338, 0.0159, 0.0331, 0.1031, 0.0430, 0.0483,
         0.0255],
        [0.0346, 0.0552, 0.0460, 0.0377, 0.0335, 0.4686, 0.2048, 0.0344, 0.0570,
         0.0282],
        [0.0258, 0.0272, 0.0144, 0.0190, 0.0089, 0.0264, 0.8178, 0.0173, 0.0192,
         0.0241],
        [0.5135, 0.0608, 0.0511, 0.0348, 0.0171, 0.0435, 0.1389, 0.0446, 0.0567,
         0.0390],
        [0.0782, 0.0768, 0.0269, 0.0295, 0.4803, 0.0324, 0.1227, 0.0490, 0.0431,
         0.0611]], device='cuda:0', grad_fn=<SoftmaxBackward>)
>> best accuracy: 98.06666666666666	best epoch: 0

>> final recovery rate: 60.105555555555554%
>> val epoch: 5
>> current accuracy: 98.7%
outputs: tensor([[0.0293, 0.7098, 0.0396, 0.0252, 0.0160, 0.0384, 0.0328, 0.0429, 0.0332,
         0.0329],
        [0.0613, 0.0589, 0.0542, 0.5811, 0.0404, 0.0370, 0.0416, 0.0473, 0.0281,
         0.0502],
        [0.0427, 0.0433, 0.0325, 0.0220, 0.0240, 0.0400, 0.0478, 0.6366, 0.0396,
         0.0715],
        [0.6916, 0.0364, 0.0344, 0.0215, 0.0267, 0.0271, 0.0381, 0.0327, 0.0334,
         0.0581],
        [0.0777, 0.0472, 0.0364, 0.0265, 0.0395, 0.0524, 0.5930, 0.0384, 0.0249,
         0.0639],
        [0.7055, 0.0452, 0.0280, 0.0266, 0.0326, 0.0195, 0.0404, 0.0263, 0.0274,
         0.0484],
        [0.1409, 0.0387, 0.0418, 0.0293, 0.0436, 0.0495, 0.5353, 0.0330, 0.0216,
         0.0663],
        [0.0827, 0.0686, 0.0348, 0.0362, 0.0295, 0.0462, 0.0477, 0.5614, 0.0515,
         0.0415],
        [0.0406, 0.0422, 0.0339, 0.0309, 0.0307, 0.0300, 0.0424, 0.0518, 0.0258,
         0.6717],
        [0.1114, 0.0332, 0.0299, 0.0225, 0.0498, 0.1288, 0.4530, 0.0426, 0.0472,
         0.0816],
        [0.0347, 0.7006, 0.0400, 0.0262, 0.0167, 0.0383, 0.0359, 0.0444, 0.0285,
         0.0349],
        [0.0569, 0.0559, 0.0516, 0.5907, 0.0425, 0.0364, 0.0316, 0.0420, 0.0359,
         0.0564],
        [0.0725, 0.0435, 0.4122, 0.0326, 0.0526, 0.1091, 0.0579, 0.0891, 0.0740,
         0.0565],
        [0.0631, 0.0769, 0.0445, 0.5321, 0.0422, 0.0444, 0.0415, 0.0525, 0.0380,
         0.0648],
        [0.0487, 0.0428, 0.5359, 0.0417, 0.0486, 0.0605, 0.0647, 0.0508, 0.0430,
         0.0633],
        [0.0725, 0.0433, 0.0359, 0.0352, 0.6236, 0.0319, 0.0365, 0.0458, 0.0276,
         0.0478],
        [0.0286, 0.7097, 0.0334, 0.0290, 0.0172, 0.0374, 0.0415, 0.0464, 0.0263,
         0.0306],
        [0.0864, 0.0399, 0.0333, 0.0270, 0.0521, 0.0608, 0.5461, 0.0417, 0.0289,
         0.0838],
        [0.0526, 0.0581, 0.4769, 0.0415, 0.0395, 0.0706, 0.0709, 0.0632, 0.0599,
         0.0667],
        [0.0601, 0.2167, 0.0435, 0.0335, 0.0601, 0.1941, 0.0615, 0.0388, 0.1815,
         0.1103],
        [0.0866, 0.0391, 0.0337, 0.0274, 0.0381, 0.0487, 0.5914, 0.0379, 0.0303,
         0.0668],
        [0.0657, 0.0418, 0.0357, 0.0250, 0.0325, 0.0471, 0.0596, 0.0477, 0.5646,
         0.0802],
        [0.0296, 0.7116, 0.0358, 0.0318, 0.0169, 0.0374, 0.0392, 0.0428, 0.0249,
         0.0301],
        [0.0591, 0.0413, 0.0396, 0.0248, 0.0396, 0.0655, 0.6028, 0.0378, 0.0247,
         0.0648],
        [0.0583, 0.0355, 0.4733, 0.0231, 0.0517, 0.0486, 0.0386, 0.0743, 0.0570,
         0.1396],
        [0.0720, 0.0591, 0.0547, 0.5535, 0.0406, 0.0394, 0.0408, 0.0664, 0.0321,
         0.0412],
        [0.0269, 0.7169, 0.0343, 0.0289, 0.0161, 0.0369, 0.0385, 0.0472, 0.0254,
         0.0290],
        [0.0538, 0.0634, 0.0587, 0.5736, 0.0421, 0.0383, 0.0307, 0.0450, 0.0383,
         0.0561],
        [0.0720, 0.0371, 0.0377, 0.0263, 0.0329, 0.0457, 0.0544, 0.0461, 0.5504,
         0.0974],
        [0.6402, 0.0463, 0.0270, 0.0263, 0.0247, 0.0276, 0.0446, 0.0338, 0.0545,
         0.0750],
        [0.0656, 0.0414, 0.0370, 0.0302, 0.6082, 0.0332, 0.0394, 0.0371, 0.0271,
         0.0810],
        [0.0826, 0.0340, 0.0344, 0.0198, 0.0304, 0.5473, 0.0626, 0.0326, 0.0383,
         0.1179],
        [0.0608, 0.0373, 0.0368, 0.0203, 0.0277, 0.6537, 0.0598, 0.0314, 0.0300,
         0.0421],
        [0.6405, 0.0446, 0.0358, 0.0302, 0.0401, 0.0245, 0.0505, 0.0292, 0.0366,
         0.0680],
        [0.0525, 0.0477, 0.5411, 0.0225, 0.0433, 0.0552, 0.0488, 0.0668, 0.0451,
         0.0771],
        [0.0759, 0.0652, 0.0708, 0.5091, 0.0481, 0.0428, 0.0485, 0.0509, 0.0331,
         0.0557],
        [0.0842, 0.0532, 0.4439, 0.0411, 0.0441, 0.0817, 0.0761, 0.0598, 0.0501,
         0.0659],
        [0.0438, 0.0287, 0.0317, 0.0304, 0.0202, 0.0330, 0.0466, 0.0350, 0.6113,
         0.1193],
        [0.0602, 0.0405, 0.0393, 0.0186, 0.0358, 0.6403, 0.0585, 0.0325, 0.0320,
         0.0424],
        [0.0458, 0.0517, 0.5292, 0.0317, 0.0537, 0.0590, 0.0765, 0.0491, 0.0383,
         0.0651],
        [0.0456, 0.0417, 0.0333, 0.0264, 0.0277, 0.0457, 0.0492, 0.6355, 0.0407,
         0.0541],
        [0.0598, 0.0479, 0.0294, 0.0279, 0.0366, 0.1123, 0.3168, 0.0462, 0.1928,
         0.1303],
        [0.0618, 0.0541, 0.0344, 0.0256, 0.0455, 0.0415, 0.5996, 0.0422, 0.0264,
         0.0690],
        [0.0516, 0.0556, 0.4722, 0.0393, 0.0484, 0.0646, 0.0830, 0.0766, 0.0386,
         0.0702],
        [0.0572, 0.0683, 0.4002, 0.0300, 0.0415, 0.1107, 0.0724, 0.0977, 0.0546,
         0.0673],
        [0.0564, 0.0294, 0.0375, 0.0280, 0.0278, 0.0420, 0.0541, 0.0439, 0.6099,
         0.0710],
        [0.0481, 0.0553, 0.0357, 0.0286, 0.0273, 0.0413, 0.0425, 0.6431, 0.0365,
         0.0416],
        [0.0534, 0.0512, 0.5032, 0.0401, 0.0406, 0.0691, 0.0676, 0.0681, 0.0424,
         0.0643]], device='cuda:0', grad_fn=<SoftmaxBackward>)
>> best accuracy: 98.7	best epoch: 5

>> final recovery rate: 60.105555555555554%
>> val epoch: 10
>> current accuracy: 97.48333333333333%
outputs: tensor([[0.0282, 0.0452, 0.0435, 0.0445, 0.0336, 0.0169, 0.0624, 0.6523, 0.0373,
         0.0361],
        [0.5580, 0.0328, 0.0357, 0.0478, 0.0233, 0.0443, 0.1145, 0.0445, 0.0402,
         0.0589],
        [0.0113, 0.0352, 0.0606, 0.0309, 0.0528, 0.0138, 0.0179, 0.7374, 0.0101,
         0.0299],
        [0.0640, 0.0536, 0.0537, 0.0368, 0.0481, 0.0514, 0.0767, 0.0566, 0.5052,
         0.0538],
        [0.0224, 0.0437, 0.0555, 0.1065, 0.0411, 0.0288, 0.0825, 0.5598, 0.0372,
         0.0224],
        [0.0311, 0.0514, 0.0451, 0.0365, 0.0337, 0.0391, 0.6390, 0.0405, 0.0321,
         0.0515],
        [0.0554, 0.0401, 0.6294, 0.0183, 0.0229, 0.0487, 0.0451, 0.0482, 0.0353,
         0.0567],
        [0.0216, 0.0177, 0.0388, 0.0218, 0.0200, 0.0262, 0.0213, 0.0345, 0.7637,
         0.0343],
        [0.0245, 0.0164, 0.0521, 0.0163, 0.7153, 0.0257, 0.0421, 0.0112, 0.0099,
         0.0864],
        [0.0317, 0.1178, 0.0474, 0.0798, 0.0501, 0.4865, 0.0537, 0.0311, 0.0334,
         0.0686],
        [0.3877, 0.0457, 0.0826, 0.0558, 0.0332, 0.1054, 0.0299, 0.0322, 0.0981,
         0.1293],
        [0.0286, 0.0846, 0.0368, 0.0467, 0.0619, 0.0337, 0.0949, 0.5430, 0.0366,
         0.0330],
        [0.0282, 0.1087, 0.0343, 0.5775, 0.0949, 0.0162, 0.0240, 0.0793, 0.0107,
         0.0260],
        [0.0358, 0.0372, 0.0459, 0.0286, 0.0462, 0.0236, 0.0321, 0.1315, 0.0140,
         0.6052],
        [0.0397, 0.0949, 0.0273, 0.0240, 0.0449, 0.4488, 0.0717, 0.0327, 0.0231,
         0.1929],
        [0.0542, 0.0564, 0.0266, 0.0381, 0.0471, 0.0382, 0.0631, 0.0678, 0.5363,
         0.0722],
        [0.0547, 0.1047, 0.0540, 0.4635, 0.0317, 0.0529, 0.0553, 0.0771, 0.0519,
         0.0541],
        [0.0442, 0.0432, 0.0371, 0.0438, 0.0222, 0.0324, 0.0200, 0.0425, 0.6846,
         0.0300],
        [0.0832, 0.0435, 0.1446, 0.0315, 0.0203, 0.0910, 0.4185, 0.0254, 0.0772,
         0.0648],
        [0.0665, 0.0465, 0.0412, 0.0333, 0.0396, 0.0363, 0.0698, 0.0641, 0.5473,
         0.0555],
        [0.0244, 0.6554, 0.0290, 0.0286, 0.0239, 0.0534, 0.0487, 0.0384, 0.0735,
         0.0247],
        [0.0324, 0.0696, 0.0592, 0.6233, 0.0352, 0.0430, 0.0364, 0.0413, 0.0263,
         0.0334],
        [0.0503, 0.0392, 0.0449, 0.0478, 0.0398, 0.0228, 0.0823, 0.0608, 0.5429,
         0.0692],
        [0.0477, 0.0949, 0.0248, 0.6303, 0.0529, 0.0242, 0.0211, 0.0669, 0.0175,
         0.0198],
        [0.0450, 0.0505, 0.0449, 0.0397, 0.5709, 0.0261, 0.0358, 0.0318, 0.0304,
         0.1249],
        [0.0433, 0.0533, 0.0443, 0.0427, 0.0448, 0.0274, 0.0542, 0.0619, 0.0409,
         0.5872],
        [0.0187, 0.7499, 0.0312, 0.0234, 0.0203, 0.0350, 0.0341, 0.0347, 0.0277,
         0.0250],
        [0.0235, 0.7045, 0.0292, 0.0359, 0.0288, 0.0358, 0.0406, 0.0446, 0.0306,
         0.0264],
        [0.6195, 0.0385, 0.0333, 0.0527, 0.0317, 0.0361, 0.0621, 0.0425, 0.0343,
         0.0493],
        [0.0267, 0.0867, 0.0322, 0.0376, 0.0362, 0.0232, 0.0426, 0.0517, 0.0346,
         0.6285],
        [0.0382, 0.0647, 0.0541, 0.0321, 0.0389, 0.0368, 0.5542, 0.0471, 0.0564,
         0.0775],
        [0.0216, 0.7100, 0.0314, 0.0262, 0.0248, 0.0364, 0.0446, 0.0414, 0.0344,
         0.0293],
        [0.0442, 0.0895, 0.1021, 0.3899, 0.0235, 0.0372, 0.0568, 0.1120, 0.0818,
         0.0629],
        [0.0380, 0.0566, 0.0340, 0.0412, 0.0325, 0.0212, 0.6476, 0.0328, 0.0398,
         0.0564],
        [0.0644, 0.0353, 0.0631, 0.0464, 0.0442, 0.0464, 0.0660, 0.0731, 0.4971,
         0.0639],
        [0.0293, 0.0506, 0.0524, 0.0634, 0.0603, 0.0173, 0.0669, 0.5769, 0.0445,
         0.0385],
        [0.0370, 0.0352, 0.0595, 0.0367, 0.0288, 0.0666, 0.0672, 0.0494, 0.5590,
         0.0607],
        [0.0424, 0.0756, 0.0329, 0.0445, 0.0599, 0.0447, 0.4958, 0.0664, 0.0498,
         0.0879],
        [0.0274, 0.0236, 0.7198, 0.0191, 0.0189, 0.0309, 0.0694, 0.0316, 0.0247,
         0.0346],
        [0.0179, 0.0425, 0.6105, 0.0180, 0.0296, 0.0381, 0.0509, 0.0157, 0.0390,
         0.1378],
        [0.6076, 0.0418, 0.0319, 0.0510, 0.0353, 0.0284, 0.0495, 0.0863, 0.0322,
         0.0360],
        [0.0933, 0.0906, 0.0424, 0.0538, 0.1073, 0.4245, 0.0677, 0.0238, 0.0400,
         0.0567],
        [0.0417, 0.0447, 0.0672, 0.0354, 0.0307, 0.5984, 0.0869, 0.0309, 0.0427,
         0.0215],
        [0.0300, 0.0240, 0.0739, 0.0139, 0.0371, 0.6683, 0.0606, 0.0197, 0.0400,
         0.0325],
        [0.0306, 0.0553, 0.0749, 0.0258, 0.5100, 0.0239, 0.0361, 0.0562, 0.0139,
         0.1733],
        [0.0287, 0.0385, 0.0810, 0.0215, 0.0719, 0.0407, 0.0447, 0.6065, 0.0156,
         0.0509],
        [0.0403, 0.0505, 0.0351, 0.0279, 0.0279, 0.0627, 0.6157, 0.0397, 0.0242,
         0.0761],
        [0.0428, 0.0336, 0.0489, 0.0186, 0.0372, 0.6481, 0.0572, 0.0196, 0.0360,
         0.0579]], device='cuda:0', grad_fn=<SoftmaxBackward>)
>> best accuracy: 98.7	best epoch: 5

>> final recovery rate: 60.105555555555554%
>> val epoch: 15
>> current accuracy: 92.60000000000001%
outputs: tensor([[0.0328, 0.1301, 0.0456, 0.0154, 0.2260, 0.0735, 0.0528, 0.0290, 0.0452,
         0.3496],
        [0.0288, 0.0211, 0.0193, 0.0225, 0.0749, 0.0145, 0.6197, 0.0914, 0.0608,
         0.0470],
        [0.0283, 0.5775, 0.0366, 0.0671, 0.0506, 0.0717, 0.0287, 0.0433, 0.0347,
         0.0615],
        [0.0076, 0.0113, 0.0284, 0.0336, 0.0309, 0.0260, 0.6469, 0.1310, 0.0419,
         0.0425],
        [0.0093, 0.6700, 0.0418, 0.0632, 0.0515, 0.0580, 0.0086, 0.0236, 0.0382,
         0.0359],
        [0.5099, 0.0745, 0.0306, 0.0471, 0.0781, 0.0410, 0.0546, 0.0627, 0.0711,
         0.0305],
        [0.0341, 0.5755, 0.0297, 0.0602, 0.0572, 0.0529, 0.0598, 0.0348, 0.0392,
         0.0566],
        [0.0359, 0.6399, 0.0331, 0.0572, 0.0322, 0.0419, 0.0300, 0.0409, 0.0626,
         0.0263],
        [0.0176, 0.0045, 0.5358, 0.1122, 0.2856, 0.0078, 0.0193, 0.0067, 0.0056,
         0.0050],
        [0.4444, 0.1005, 0.0444, 0.0188, 0.0829, 0.0461, 0.0435, 0.1300, 0.0484,
         0.0411],
        [0.0421, 0.0096, 0.0361, 0.0332, 0.0468, 0.7476, 0.0253, 0.0056, 0.0111,
         0.0426],
        [0.0504, 0.0117, 0.0453, 0.0252, 0.0259, 0.0510, 0.0102, 0.0119, 0.0414,
         0.7269],
        [0.0208, 0.6625, 0.0187, 0.0634, 0.0403, 0.0580, 0.0368, 0.0283, 0.0295,
         0.0417],
        [0.0234, 0.0361, 0.0556, 0.0406, 0.0272, 0.0147, 0.6274, 0.0431, 0.0994,
         0.0326],
        [0.0267, 0.0078, 0.0539, 0.0348, 0.0303, 0.7418, 0.0236, 0.0139, 0.0559,
         0.0113],
        [0.0165, 0.4795, 0.0637, 0.0961, 0.0410, 0.0820, 0.0649, 0.0559, 0.0389,
         0.0614],
        [0.0075, 0.0558, 0.0134, 0.0568, 0.0202, 0.0264, 0.0235, 0.6961, 0.0675,
         0.0329],
        [0.0138, 0.0212, 0.7695, 0.0153, 0.0695, 0.0099, 0.0059, 0.0466, 0.0314,
         0.0170],
        [0.0155, 0.6250, 0.0306, 0.0746, 0.0300, 0.0495, 0.0340, 0.0515, 0.0473,
         0.0419],
        [0.3315, 0.0489, 0.0200, 0.0763, 0.0397, 0.2591, 0.0359, 0.0998, 0.0564,
         0.0323],
        [0.0247, 0.0051, 0.0917, 0.0065, 0.0146, 0.0158, 0.0070, 0.0083, 0.8215,
         0.0048],
        [0.4219, 0.0267, 0.2959, 0.0391, 0.0857, 0.0218, 0.0347, 0.0091, 0.0147,
         0.0502],
        [0.1216, 0.2810, 0.1373, 0.0743, 0.0185, 0.0219, 0.0681, 0.0697, 0.0054,
         0.2022],
        [0.0180, 0.0094, 0.0588, 0.0146, 0.7336, 0.0136, 0.0164, 0.0729, 0.0169,
         0.0459],
        [0.0791, 0.0478, 0.1675, 0.0552, 0.0767, 0.0456, 0.0672, 0.0171, 0.4162,
         0.0275],
        [0.0246, 0.0312, 0.0453, 0.0365, 0.0144, 0.0597, 0.0175, 0.0329, 0.0348,
         0.7032],
        [0.1213, 0.0531, 0.1007, 0.0228, 0.0450, 0.4532, 0.0771, 0.0758, 0.0310,
         0.0199],
        [0.0472, 0.0176, 0.0544, 0.0314, 0.0312, 0.0370, 0.0237, 0.0227, 0.0304,
         0.7044],
        [0.0004, 0.0018, 0.0187, 0.0027, 0.0073, 0.0120, 0.0031, 0.9445, 0.0004,
         0.0091],
        [0.0114, 0.0073, 0.0417, 0.0074, 0.2045, 0.0160, 0.0090, 0.0158, 0.0606,
         0.6264],
        [0.0091, 0.5652, 0.0311, 0.0466, 0.0149, 0.0956, 0.0357, 0.0367, 0.0628,
         0.1022],
        [0.0092, 0.0039, 0.0064, 0.0132, 0.6477, 0.0179, 0.0238, 0.2467, 0.0084,
         0.0227],
        [0.0478, 0.0645, 0.0439, 0.0380, 0.0848, 0.0248, 0.4848, 0.0693, 0.0990,
         0.0430],
        [0.0078, 0.0416, 0.6390, 0.1127, 0.0058, 0.0553, 0.0395, 0.0532, 0.0041,
         0.0408],
        [0.0275, 0.0147, 0.0376, 0.0177, 0.1523, 0.0155, 0.1007, 0.5287, 0.0339,
         0.0714],
        [0.0230, 0.0043, 0.0539, 0.0703, 0.0219, 0.0777, 0.0085, 0.0162, 0.7074,
         0.0170],
        [0.0361, 0.1134, 0.0051, 0.7770, 0.0221, 0.0242, 0.0051, 0.0046, 0.0096,
         0.0028],
        [0.0249, 0.0187, 0.0233, 0.0424, 0.7808, 0.0123, 0.0528, 0.0142, 0.0195,
         0.0112],
        [0.0558, 0.0471, 0.0598, 0.0585, 0.0218, 0.0252, 0.0451, 0.0415, 0.6256,
         0.0197],
        [0.4944, 0.0508, 0.0434, 0.0529, 0.1503, 0.0121, 0.0899, 0.0181, 0.0657,
         0.0224],
        [0.0228, 0.5737, 0.0543, 0.1034, 0.0645, 0.0378, 0.0302, 0.0230, 0.0530,
         0.0373],
        [0.0381, 0.0537, 0.0166, 0.0617, 0.0191, 0.0300, 0.0224, 0.0501, 0.6957,
         0.0127],
        [0.6912, 0.0553, 0.0172, 0.0185, 0.0302, 0.0349, 0.0098, 0.0657, 0.0456,
         0.0315],
        [0.0162, 0.0048, 0.0083, 0.0130, 0.0229, 0.9073, 0.0050, 0.0005, 0.0099,
         0.0122],
        [0.0143, 0.0647, 0.0222, 0.0172, 0.7817, 0.0128, 0.0221, 0.0159, 0.0353,
         0.0137],
        [0.0074, 0.0311, 0.7552, 0.0035, 0.0344, 0.0656, 0.0178, 0.0454, 0.0198,
         0.0197],
        [0.0467, 0.0209, 0.0371, 0.0309, 0.0458, 0.0098, 0.6794, 0.0405, 0.0642,
         0.0247],
        [0.3381, 0.1009, 0.0800, 0.1153, 0.0644, 0.0216, 0.1861, 0.0247, 0.0251,
         0.0436]], device='cuda:0', grad_fn=<SoftmaxBackward>)
>> best accuracy: 98.7	best epoch: 5

>> final recovery rate: 60.105555555555554%
>> val epoch: 20
>> current accuracy: 80.86666666666666%
outputs: tensor([[3.0893e-05, 3.0748e-03, 6.4686e-02, 6.2100e-01, 3.8361e-03, 7.3298e-02,
         1.5042e-01, 3.2995e-02, 6.1362e-03, 4.4517e-02],
        [1.4219e-01, 1.9081e-01, 1.8998e-02, 8.9647e-02, 4.1601e-03, 2.0264e-01,
         1.9194e-01, 1.1320e-02, 5.5749e-02, 9.2540e-02],
        [7.9086e-02, 3.7577e-02, 1.0743e-01, 2.3829e-02, 6.9879e-01, 5.4196e-03,
         2.6152e-02, 4.1697e-03, 3.4142e-04, 1.7198e-02],
        [1.4988e-02, 6.9593e-02, 1.4452e-01, 3.5665e-02, 2.3186e-02, 3.7671e-03,
         4.1241e-02, 4.6649e-01, 5.5726e-02, 1.4482e-01],
        [1.0460e-03, 1.7923e-03, 5.6017e-03, 3.9375e-02, 1.0864e-02, 1.1798e-02,
         1.9716e-01, 3.1180e-02, 6.9716e-01, 4.0197e-03],
        [2.2708e-02, 1.3876e-02, 2.8012e-02, 9.4710e-03, 1.0274e-02, 5.0375e-03,
         1.7547e-02, 9.0278e-02, 3.1304e-03, 7.9967e-01],
        [8.4832e-03, 1.5587e-02, 1.3360e-02, 1.5670e-02, 4.6910e-02, 1.8801e-02,
         1.0581e-02, 8.5552e-01, 5.4891e-03, 9.5990e-03],
        [3.9889e-04, 3.8656e-04, 7.5777e-04, 3.5413e-04, 2.7180e-02, 1.2970e-02,
         6.4379e-04, 9.4960e-01, 3.3141e-03, 4.3990e-03],
        [1.3726e-02, 7.5887e-01, 9.4684e-02, 1.5796e-02, 3.7850e-03, 1.4315e-02,
         2.8420e-02, 3.9287e-03, 9.3664e-04, 6.5540e-02],
        [2.8422e-03, 4.1477e-04, 9.2642e-01, 8.9115e-04, 1.3439e-03, 7.4963e-04,
         4.0807e-04, 5.0316e-02, 7.6002e-03, 9.0088e-03],
        [9.8329e-01, 3.2791e-05, 4.1665e-03, 7.9572e-05, 7.7763e-03, 7.5930e-04,
         3.6021e-04, 3.7768e-04, 2.6810e-03, 4.7968e-04],
        [8.9770e-02, 1.4993e-02, 2.6671e-02, 7.5372e-02, 9.8308e-02, 1.0111e-02,
         1.8212e-02, 3.1722e-02, 3.6814e-02, 5.9803e-01],
        [1.3771e-01, 3.4297e-03, 6.8019e-03, 4.2521e-01, 6.2709e-03, 1.2283e-03,
         9.4369e-03, 9.4291e-04, 4.6092e-03, 4.0436e-01],
        [1.9549e-02, 5.7532e-03, 1.5344e-02, 1.9865e-02, 4.0683e-02, 8.4521e-01,
         7.9324e-03, 8.4653e-03, 3.6977e-02, 2.1951e-04],
        [3.9794e-01, 8.4579e-02, 1.5835e-01, 1.2055e-02, 3.5943e-03, 2.1555e-01,
         9.6759e-02, 1.8380e-02, 6.1953e-03, 6.5861e-03],
        [1.5672e-03, 1.2966e-02, 4.8019e-03, 3.6330e-02, 1.2769e-02, 3.5957e-03,
         2.0970e-02, 1.4958e-02, 8.6409e-01, 2.7950e-02],
        [4.8886e-03, 4.4628e-02, 7.2503e-01, 1.4548e-01, 9.1056e-03, 5.9424e-04,
         9.3304e-03, 1.7873e-02, 4.1150e-02, 1.9189e-03],
        [2.8385e-03, 7.1424e-04, 8.5887e-04, 9.8871e-01, 1.4886e-04, 1.9641e-04,
         1.8076e-03, 9.3923e-04, 8.3223e-05, 3.7001e-03],
        [3.5315e-04, 2.6237e-04, 1.9712e-04, 4.5680e-04, 1.5039e-04, 9.9332e-01,
         5.9943e-04, 2.7170e-05, 9.0878e-04, 3.7247e-03],
        [3.6971e-02, 3.0897e-03, 6.6393e-02, 1.0325e-02, 7.6799e-01, 4.6083e-02,
         1.6167e-02, 3.2679e-02, 1.0182e-02, 1.0115e-02],
        [1.9693e-03, 3.1984e-01, 1.6553e-03, 6.3061e-01, 7.7861e-03, 1.0432e-03,
         1.4386e-03, 3.4709e-03, 3.1443e-02, 7.4810e-04],
        [6.7780e-02, 3.5465e-03, 1.5633e-02, 3.9775e-02, 1.9113e-02, 9.9214e-03,
         6.6124e-01, 5.3125e-03, 1.0502e-02, 1.6718e-01],
        [2.8849e-03, 4.5826e-03, 2.2414e-03, 7.1935e-04, 3.8498e-04, 9.8184e-01,
         2.5946e-04, 6.1152e-04, 4.7742e-03, 1.6989e-03],
        [1.7964e-04, 3.6758e-04, 1.6708e-03, 1.1319e-02, 1.0365e-03, 5.5952e-04,
         2.1390e-04, 4.3499e-04, 9.4155e-01, 4.2665e-02],
        [6.9542e-04, 1.1429e-03, 1.7718e-02, 3.5760e-03, 2.0950e-02, 9.2091e-01,
         3.7506e-03, 1.8638e-02, 1.2291e-02, 3.3333e-04],
        [2.2789e-02, 9.5405e-03, 5.9594e-01, 1.7181e-01, 1.4074e-02, 1.4841e-03,
         1.1506e-02, 1.0714e-01, 6.1542e-02, 4.1810e-03],
        [8.7546e-03, 6.3011e-02, 1.8567e-02, 3.0045e-02, 1.7977e-01, 1.5556e-02,
         5.0366e-01, 8.2537e-02, 6.5268e-02, 3.2826e-02],
        [1.1985e-03, 4.0981e-04, 1.9617e-02, 3.0820e-03, 9.3179e-01, 1.3814e-02,
         3.3125e-03, 1.9173e-02, 3.3004e-03, 4.2977e-03],
        [8.6699e-01, 4.7100e-03, 2.6183e-02, 2.6512e-02, 1.7741e-03, 1.7657e-02,
         3.1680e-02, 2.2164e-02, 1.5101e-03, 8.2201e-04],
        [2.9107e-02, 3.0570e-01, 8.0406e-02, 3.5717e-02, 2.0723e-02, 3.3403e-02,
         3.5403e-02, 3.8735e-01, 4.0374e-02, 3.1814e-02],
        [6.9412e-01, 3.2528e-02, 7.0417e-02, 4.2193e-03, 4.7605e-02, 7.8914e-03,
         6.2946e-03, 7.9500e-02, 7.3712e-03, 5.0057e-02],
        [2.7991e-03, 4.2222e-04, 3.5511e-03, 1.4615e-01, 4.1320e-01, 1.1110e-03,
         4.2359e-01, 1.1977e-03, 2.6227e-03, 5.3588e-03],
        [7.6481e-01, 1.0820e-01, 5.9478e-03, 3.1179e-02, 2.0390e-02, 1.3269e-02,
         5.0234e-03, 6.5334e-03, 4.0222e-02, 4.4275e-03],
        [4.2706e-02, 4.0181e-01, 2.7534e-02, 9.3356e-02, 7.7585e-02, 2.1450e-03,
         1.3138e-01, 1.7729e-02, 3.5373e-03, 2.0222e-01],
        [1.6973e-04, 1.8004e-03, 5.8153e-03, 1.7728e-01, 1.8180e-02, 1.1063e-01,
         7.1043e-03, 1.5853e-02, 6.1834e-01, 4.4823e-02],
        [8.1183e-06, 1.1172e-04, 5.7011e-04, 2.9425e-04, 8.0357e-03, 7.0168e-03,
         7.9204e-03, 9.7533e-01, 5.9127e-05, 6.5249e-04],
        [7.4028e-02, 1.4683e-01, 4.9780e-02, 1.1698e-01, 3.5884e-01, 1.3097e-01,
         3.5348e-02, 4.5700e-02, 1.8653e-02, 2.2873e-02],
        [7.9220e-02, 7.9011e-02, 5.5913e-03, 5.8177e-01, 3.6388e-03, 1.0095e-01,
         2.6183e-02, 2.7144e-02, 6.9565e-02, 2.6927e-02],
        [1.0244e-02, 1.3327e-02, 2.0983e-01, 9.2875e-03, 3.8192e-02, 2.3104e-02,
         6.9596e-03, 1.1472e-02, 3.7745e-02, 6.3983e-01],
        [7.0031e-03, 3.2662e-02, 3.2529e-02, 1.1393e-01, 2.0725e-02, 2.4947e-02,
         4.5829e-02, 7.0130e-01, 1.1108e-02, 9.9733e-03],
        [1.0634e-02, 5.0299e-03, 4.2113e-02, 1.2116e-03, 7.0245e-03, 9.2514e-01,
         1.2148e-03, 6.3513e-04, 6.0892e-03, 9.0888e-04],
        [9.8144e-01, 3.0107e-03, 3.2761e-03, 1.7393e-04, 1.3043e-03, 7.8534e-03,
         1.0257e-04, 1.0618e-03, 1.5655e-03, 2.0818e-04],
        [1.8186e-01, 4.4882e-01, 1.4511e-01, 1.4873e-02, 2.0855e-02, 6.8635e-02,
         2.2741e-02, 3.4886e-02, 5.0718e-02, 1.1488e-02],
        [1.0942e-02, 6.4152e-03, 3.9162e-03, 8.4392e-01, 1.9982e-03, 6.4811e-02,
         6.5862e-03, 3.5477e-04, 7.5301e-03, 5.3526e-02],
        [9.7970e-02, 1.8623e-02, 3.7918e-02, 1.8784e-02, 4.5813e-02, 4.1984e-03,
         5.0667e-02, 3.0539e-02, 6.6734e-01, 2.8150e-02],
        [4.0337e-02, 1.1439e-01, 6.4404e-02, 1.8675e-02, 7.6471e-02, 7.0603e-02,
         9.0996e-02, 2.3025e-01, 1.3251e-01, 1.6135e-01],
        [4.8624e-02, 6.0804e-01, 4.3235e-02, 1.9313e-02, 2.4505e-02, 1.2864e-02,
         4.9798e-02, 6.3468e-02, 3.8356e-02, 9.1796e-02],
        [1.8946e-02, 3.2047e-02, 4.9479e-02, 2.4641e-02, 1.0571e-01, 6.8666e-03,
         6.1147e-01, 2.1266e-02, 1.0428e-01, 2.5294e-02]],
       device='cuda:0', grad_fn=<SoftmaxBackward>)
>> best accuracy: 98.7	best epoch: 5

>> final recovery rate: 60.105555555555554%
>> val epoch: 25
>> current accuracy: 74.03333333333333%
outputs: tensor([[3.2934e-04, 2.9295e-01, 1.7437e-02, 4.7803e-02, 1.4955e-01, 3.3663e-02,
         1.8364e-01, 2.7117e-01, 3.3351e-03, 1.1689e-04],
        [2.7230e-04, 9.9389e-01, 3.0911e-04, 7.1109e-05, 1.0796e-03, 8.6280e-04,
         5.2074e-05, 3.1215e-04, 1.0690e-03, 2.0859e-03],
        [9.8160e-01, 1.7375e-04, 6.5441e-04, 2.3074e-03, 1.4213e-03, 1.2068e-03,
         1.3354e-03, 3.6363e-05, 1.1032e-02, 2.2849e-04],
        [1.4762e-03, 1.0255e-04, 1.1224e-04, 1.3406e-04, 5.8276e-04, 1.1912e-03,
         6.5673e-04, 9.9473e-01, 4.3714e-05, 9.7184e-04],
        [6.8166e-05, 1.3359e-05, 1.2293e-04, 9.4666e-01, 1.6857e-03, 5.5510e-03,
         9.8519e-06, 5.1734e-04, 3.2985e-02, 1.2390e-02],
        [9.6290e-01, 1.5122e-04, 6.2438e-03, 2.0362e-02, 2.1069e-03, 5.7640e-04,
         1.5205e-04, 7.3339e-03, 1.0078e-05, 1.6575e-04],
        [2.3902e-04, 4.6695e-01, 2.4532e-04, 2.7114e-04, 4.0866e-03, 5.2346e-01,
         1.2559e-05, 1.2287e-03, 2.0974e-03, 1.4096e-03],
        [6.7705e-03, 3.6057e-05, 9.5616e-01, 2.1699e-03, 1.8697e-04, 1.3088e-04,
         1.0212e-02, 5.6459e-05, 1.7296e-02, 6.9761e-03],
        [2.1168e-05, 1.4165e-05, 1.3652e-04, 6.5209e-06, 1.6605e-04, 1.2919e-05,
         4.6561e-05, 8.9363e-06, 6.5788e-05, 9.9952e-01],
        [2.4508e-04, 6.0770e-05, 9.0144e-01, 1.1156e-03, 1.3068e-04, 3.3412e-05,
         3.9050e-04, 9.3504e-02, 1.5468e-03, 1.5366e-03],
        [2.1209e-03, 7.1035e-01, 8.0181e-03, 3.0346e-03, 6.6321e-04, 3.1736e-03,
         2.9389e-02, 1.7735e-03, 2.3110e-01, 1.0375e-02],
        [8.5871e-03, 8.3820e-01, 3.5045e-03, 5.6504e-02, 2.2564e-02, 4.2796e-03,
         6.4416e-03, 4.7902e-03, 4.1043e-02, 1.4084e-02],
        [1.0953e-03, 1.1994e-01, 1.5529e-02, 3.1771e-03, 5.7843e-04, 1.5449e-02,
         3.2529e-01, 5.1709e-01, 7.3395e-04, 1.1156e-03],
        [3.9401e-03, 1.2286e-02, 4.4057e-03, 3.4446e-03, 9.4800e-01, 5.7022e-03,
         5.4326e-04, 3.7284e-05, 1.6531e-04, 2.1471e-02],
        [5.9286e-04, 2.5031e-04, 2.2764e-03, 7.9896e-04, 9.2124e-04, 5.4174e-03,
         9.8814e-01, 2.2771e-04, 9.9236e-05, 1.2791e-03],
        [1.4038e-04, 1.0480e-04, 2.0471e-04, 3.3280e-04, 9.5345e-04, 6.1328e-04,
         2.3590e-04, 9.9328e-01, 2.2688e-05, 4.1079e-03],
        [2.9143e-02, 7.6864e-01, 4.9361e-03, 5.3336e-02, 1.2257e-02, 2.0859e-02,
         2.2066e-02, 6.1393e-03, 3.3614e-02, 4.9013e-02],
        [2.8518e-05, 5.9772e-05, 1.5257e-04, 7.4465e-05, 7.6068e-06, 9.9777e-01,
         1.6403e-03, 1.2255e-04, 7.7586e-05, 6.4682e-05],
        [4.8486e-02, 2.2458e-02, 4.1605e-03, 4.5205e-03, 9.1122e-03, 7.6491e-01,
         2.8160e-02, 6.8031e-03, 1.1014e-01, 1.2543e-03],
        [1.9332e-03, 5.4055e-04, 1.0327e-03, 5.8338e-03, 8.4295e-01, 1.2041e-01,
         1.1962e-02, 1.4622e-02, 1.5324e-04, 5.6127e-04],
        [4.7722e-03, 4.7854e-04, 1.4619e-04, 3.6502e-04, 9.2722e-01, 3.0768e-04,
         7.4833e-04, 3.7498e-03, 3.6653e-03, 5.8543e-02],
        [5.9804e-01, 4.1465e-03, 8.0617e-03, 1.0650e-01, 5.7126e-03, 7.7108e-04,
         1.8118e-02, 2.3249e-03, 2.0795e-01, 4.8371e-02],
        [9.0921e-04, 3.8417e-04, 9.9736e-01, 7.5524e-06, 3.2720e-05, 8.3314e-04,
         2.1521e-05, 1.0936e-04, 7.7812e-05, 2.6713e-04],
        [5.0231e-04, 2.0280e-03, 1.7755e-03, 2.8444e-03, 4.7878e-03, 1.5159e-03,
         9.7397e-01, 3.4565e-03, 5.9201e-03, 3.2022e-03],
        [2.4954e-04, 2.3316e-03, 1.1275e-03, 1.4815e-02, 1.0315e-04, 2.9954e-04,
         9.7764e-01, 4.6722e-04, 2.8008e-03, 1.6135e-04],
        [6.5181e-04, 2.2483e-02, 2.0191e-04, 4.3724e-01, 3.6997e-04, 8.0517e-03,
         5.3059e-01, 2.6814e-04, 8.3199e-05, 6.0384e-05],
        [4.2484e-03, 1.3776e-03, 1.9578e-03, 1.1214e-01, 7.5071e-02, 4.1001e-01,
         4.7560e-03, 2.8328e-04, 3.8171e-01, 8.4405e-03],
        [5.6043e-01, 3.6457e-03, 1.6846e-02, 4.8958e-03, 2.7706e-03, 1.8228e-03,
         7.8244e-02, 1.5420e-03, 3.1675e-01, 1.3052e-02],
        [9.4235e-04, 2.0120e-04, 1.0405e-03, 4.6688e-05, 2.3263e-05, 8.9188e-04,
         7.7165e-04, 9.9455e-01, 1.4908e-03, 4.1380e-05],
        [3.9115e-01, 3.3134e-02, 7.7905e-03, 5.4391e-01, 1.3847e-02, 1.5639e-03,
         3.0405e-03, 2.4392e-03, 2.7126e-04, 2.8569e-03],
        [4.6422e-04, 4.7008e-03, 2.3013e-04, 9.6767e-01, 2.4699e-05, 2.4683e-04,
         1.1525e-04, 2.5648e-03, 2.3280e-02, 7.0811e-04],
        [6.0045e-05, 6.9511e-03, 9.8680e-01, 1.2883e-04, 3.2705e-03, 6.0741e-05,
         7.4072e-05, 1.2941e-04, 2.0303e-03, 4.9192e-04],
        [2.0765e-06, 7.5212e-05, 9.9919e-01, 4.6130e-05, 6.9849e-05, 1.2082e-05,
         1.6724e-05, 4.3452e-05, 1.4975e-05, 5.3045e-04],
        [1.7088e-02, 2.7222e-03, 1.9341e-03, 9.7603e-04, 4.9738e-03, 1.0056e-01,
         2.2301e-03, 8.6572e-01, 3.5064e-03, 2.9268e-04],
        [3.2503e-02, 3.4562e-02, 2.4192e-04, 1.7151e-01, 5.6558e-04, 1.6926e-02,
         4.7376e-01, 1.1803e-03, 6.9434e-03, 2.6180e-01],
        [1.1911e-02, 1.1000e-01, 1.6474e-03, 2.8610e-02, 2.4510e-01, 6.2793e-02,
         4.3215e-02, 6.3672e-02, 3.4929e-01, 8.3763e-02],
        [3.1672e-01, 1.8724e-03, 1.0731e-02, 6.8669e-05, 4.7544e-01, 4.5370e-03,
         9.3707e-02, 1.4537e-02, 7.9726e-02, 2.6567e-03],
        [2.8160e-03, 8.6033e-05, 6.1651e-01, 7.6030e-02, 1.9144e-02, 4.6714e-02,
         1.1032e-02, 2.2313e-01, 2.8082e-03, 1.7319e-03],
        [8.3758e-04, 8.0711e-02, 3.8315e-03, 5.2324e-01, 4.6692e-03, 4.6673e-03,
         1.5738e-02, 1.5215e-01, 2.7940e-02, 1.8622e-01],
        [1.9268e-03, 8.5363e-02, 2.3878e-03, 2.0583e-03, 8.3687e-01, 1.9540e-04,
         6.6339e-03, 2.2882e-04, 3.5516e-02, 2.8815e-02],
        [4.0953e-03, 6.9408e-03, 1.4123e-02, 1.5979e-02, 1.3845e-02, 7.3590e-03,
         2.8033e-02, 8.9265e-01, 1.0869e-02, 6.1056e-03],
        [5.4969e-03, 8.6083e-02, 6.1542e-03, 3.1487e-03, 1.4940e-01, 9.9368e-03,
         3.1396e-03, 5.8776e-01, 1.7587e-02, 1.3129e-01],
        [1.5477e-03, 6.8852e-06, 3.8562e-02, 6.1153e-01, 2.3258e-03, 3.0724e-04,
         1.8583e-03, 3.7687e-03, 3.3941e-01, 6.9174e-04],
        [9.2738e-03, 6.9467e-03, 2.3198e-03, 1.0627e-02, 1.0635e-02, 3.4605e-03,
         2.0964e-01, 5.7451e-03, 1.0447e-02, 7.3090e-01],
        [5.0569e-02, 2.1433e-04, 9.0177e-01, 2.1424e-03, 9.8406e-04, 7.3037e-03,
         3.3991e-02, 2.8483e-03, 5.5151e-05, 1.1805e-04],
        [7.2608e-03, 1.7634e-04, 1.1286e-03, 1.7804e-05, 5.7687e-03, 8.8627e-05,
         3.1672e-04, 1.6290e-04, 9.1829e-01, 6.6788e-02],
        [2.5128e-02, 6.0015e-01, 4.9423e-02, 2.0576e-02, 1.7542e-02, 8.1039e-02,
         8.6901e-02, 2.9460e-02, 3.9777e-02, 5.0009e-02],
        [7.0038e-02, 4.4117e-03, 9.3594e-04, 1.2419e-02, 4.7649e-02, 4.4032e-04,
         2.0798e-03, 1.1643e-02, 8.5185e-04, 8.4953e-01]],
       device='cuda:0', grad_fn=<SoftmaxBackward>)
>> best accuracy: 98.7	best epoch: 5

>> final recovery rate: 60.105555555555554%
>> val epoch: 30
>> current accuracy: 75.26666666666667%
outputs: tensor([[1.4391e-04, 1.9991e-05, 3.1878e-03, 2.3262e-05, 9.9273e-01, 1.1350e-04,
         1.1793e-04, 1.1720e-03, 1.5052e-05, 2.4735e-03],
        [8.0751e-01, 2.3138e-03, 1.8472e-02, 2.7332e-03, 2.3619e-03, 1.6492e-03,
         7.3650e-04, 2.4252e-03, 4.2133e-03, 1.5759e-01],
        [1.0304e-03, 6.7341e-05, 9.6653e-01, 2.9679e-02, 4.3840e-04, 8.7740e-04,
         9.4744e-05, 4.0673e-05, 1.1787e-03, 6.1416e-05],
        [7.5804e-05, 3.2887e-04, 2.4870e-05, 1.5324e-03, 7.4776e-04, 7.1327e-05,
         6.7017e-04, 1.7229e-03, 9.9473e-01, 9.4611e-05],
        [1.2896e-01, 1.8201e-02, 2.9970e-02, 5.4113e-03, 6.1741e-01, 1.8903e-01,
         4.6073e-03, 1.6271e-03, 4.2510e-03, 5.3865e-04],
        [4.5777e-05, 5.1588e-04, 3.3478e-03, 7.0031e-04, 2.1312e-03, 2.9368e-05,
         1.3707e-03, 3.6479e-05, 3.0735e-06, 9.9182e-01],
        [7.2940e-06, 6.1897e-05, 5.2306e-04, 9.9351e-01, 4.3619e-05, 8.9249e-05,
         2.6727e-05, 8.7667e-05, 3.8949e-03, 1.7533e-03],
        [1.2636e-04, 8.0146e-04, 6.8902e-05, 2.0028e-02, 3.0853e-05, 2.1611e-05,
         2.6021e-04, 1.2175e-03, 9.7715e-01, 2.9417e-04],
        [1.5039e-01, 3.8897e-03, 1.4838e-04, 1.4014e-02, 7.7870e-03, 9.4272e-04,
         1.0199e-03, 7.8651e-01, 7.9147e-03, 2.7384e-02],
        [2.1433e-03, 5.9097e-05, 2.2040e-02, 1.9443e-03, 1.2562e-03, 2.7433e-05,
         1.1031e-04, 1.9861e-03, 3.8514e-04, 9.7005e-01],
        [6.0131e-03, 9.2994e-02, 4.5662e-03, 3.0114e-03, 8.8002e-04, 1.5349e-02,
         4.2101e-01, 4.2556e-01, 2.0083e-03, 2.8606e-02],
        [2.0034e-03, 8.2399e-03, 1.7073e-03, 6.5990e-03, 4.6115e-03, 1.6391e-01,
         1.3512e-03, 1.1311e-03, 8.0995e-01, 5.0125e-04],
        [1.1800e-04, 9.8246e-01, 1.9725e-03, 6.4682e-03, 1.4366e-04, 1.7472e-03,
         1.6400e-03, 2.3670e-03, 1.7706e-05, 3.0680e-03],
        [5.4439e-05, 9.9959e-01, 2.7333e-05, 2.7814e-05, 1.0848e-05, 3.3120e-05,
         1.0266e-04, 1.1529e-04, 3.9988e-05, 2.7487e-06],
        [3.6830e-04, 1.5808e-03, 9.8456e-01, 1.7947e-03, 1.0438e-04, 9.8894e-04,
         3.1289e-03, 4.6819e-04, 4.1695e-03, 2.8361e-03],
        [5.6412e-01, 8.2436e-04, 2.9343e-04, 1.2247e-03, 3.7752e-03, 8.4086e-05,
         4.0819e-01, 9.6501e-05, 2.1205e-02, 1.9150e-04],
        [4.4741e-05, 9.9070e-05, 4.6447e-05, 2.4247e-06, 6.5423e-05, 9.9081e-01,
         8.9116e-05, 8.6156e-03, 1.1489e-04, 1.1465e-04],
        [9.9578e-01, 5.6787e-05, 4.1993e-05, 7.6131e-04, 2.2415e-03, 7.9092e-04,
         6.9148e-05, 1.5196e-04, 6.5075e-05, 4.4636e-05],
        [1.1668e-02, 2.3888e-04, 6.3818e-05, 1.3812e-01, 3.0138e-05, 3.0445e-04,
         8.4919e-01, 1.0234e-04, 9.9273e-05, 1.7932e-04],
        [8.5061e-05, 9.9599e-01, 3.1670e-04, 5.2890e-04, 2.1046e-04, 3.7413e-05,
         1.1840e-03, 8.2759e-04, 3.5288e-05, 7.8941e-04],
        [6.3572e-05, 4.0070e-05, 9.4797e-01, 2.4474e-03, 2.1807e-04, 3.2293e-04,
         3.9900e-04, 4.8402e-05, 7.4882e-03, 4.0999e-02],
        [2.3696e-04, 2.7467e-05, 8.9812e-01, 2.6401e-04, 8.3220e-02, 1.5290e-02,
         2.9818e-05, 3.6040e-05, 1.8579e-04, 2.5896e-03],
        [9.9771e-01, 1.4396e-04, 6.8359e-05, 8.2696e-06, 6.4368e-04, 6.7122e-05,
         1.1997e-04, 1.0701e-03, 6.2082e-05, 1.0765e-04],
        [7.9737e-02, 2.9831e-04, 1.3217e-03, 2.0418e-04, 1.7446e-04, 6.2101e-03,
         5.0847e-04, 9.9038e-04, 1.0640e-04, 9.1045e-01],
        [4.7676e-04, 8.6526e-01, 3.3972e-03, 6.5442e-03, 1.7399e-03, 8.3792e-02,
         7.6815e-03, 2.9476e-02, 8.5767e-04, 7.7421e-04],
        [5.3150e-05, 9.8318e-06, 2.0096e-03, 3.8052e-03, 1.3337e-05, 1.0353e-04,
         2.8481e-04, 9.6507e-01, 2.8564e-02, 8.2261e-05],
        [4.6688e-04, 5.6358e-04, 2.6849e-01, 3.6126e-02, 1.3082e-03, 1.7710e-03,
         2.3626e-03, 1.9536e-02, 5.7202e-01, 9.7356e-02],
        [3.7431e-02, 9.0424e-03, 7.8336e-03, 9.0732e-04, 3.2310e-04, 1.4658e-02,
         2.3826e-04, 8.2099e-04, 5.0494e-04, 9.2824e-01],
        [5.0273e-04, 1.6836e-04, 8.8231e-04, 1.0130e-03, 1.3786e-04, 3.8697e-04,
         5.6870e-04, 5.4316e-04, 9.9566e-01, 1.3420e-04],
        [5.7134e-05, 1.4699e-04, 1.3484e-04, 2.3792e-04, 4.3721e-05, 4.7297e-04,
         9.9809e-01, 1.2416e-05, 3.1767e-04, 4.8455e-04],
        [2.1879e-03, 4.8870e-03, 1.0079e-02, 3.2610e-04, 1.2036e-04, 6.5497e-03,
         9.3883e-01, 1.2956e-02, 4.0285e-05, 2.4024e-02],
        [3.1765e-01, 9.2419e-03, 3.8443e-03, 2.7912e-03, 2.0356e-01, 1.0193e-01,
         1.3986e-03, 1.3975e-04, 3.2874e-01, 3.0692e-02],
        [5.7811e-03, 9.8727e-01, 9.2180e-06, 1.3694e-04, 1.2398e-04, 1.4236e-04,
         1.8625e-04, 4.9154e-03, 1.4310e-03, 8.5135e-07],
        [3.5292e-02, 2.5851e-02, 8.9367e-03, 1.7918e-02, 3.3109e-02, 5.5764e-02,
         1.4915e-01, 4.6210e-02, 1.6424e-02, 6.1134e-01],
        [6.9523e-05, 1.2973e-03, 1.7361e-02, 1.1780e-04, 1.5332e-04, 4.3532e-03,
         7.5170e-04, 9.7453e-01, 5.2301e-04, 8.4491e-04],
        [1.4895e-05, 8.1139e-07, 2.0675e-04, 8.7968e-06, 9.9928e-01, 5.1226e-05,
         1.1455e-05, 3.5436e-05, 3.8496e-04, 9.5113e-06],
        [1.0354e-02, 2.8619e-02, 2.4619e-03, 5.7781e-04, 5.7697e-04, 6.3807e-02,
         1.3272e-03, 8.4550e-01, 4.5066e-02, 1.7083e-03],
