noise type: uniform
noise level: 0.4
when_to_apply_epoch: 25
total clean data num: 26916
probability transition matrix:
[[0.6        0.04444444 0.04444444 0.04444444 0.04444444 0.04444444
  0.04444444 0.04444444 0.04444444 0.04444444]
 [0.04444444 0.6        0.04444444 0.04444444 0.04444444 0.04444444
  0.04444444 0.04444444 0.04444444 0.04444444]
 [0.04444444 0.04444444 0.6        0.04444444 0.04444444 0.04444444
  0.04444444 0.04444444 0.04444444 0.04444444]
 [0.04444444 0.04444444 0.04444444 0.6        0.04444444 0.04444444
  0.04444444 0.04444444 0.04444444 0.04444444]
 [0.04444444 0.04444444 0.04444444 0.04444444 0.6        0.04444444
  0.04444444 0.04444444 0.04444444 0.04444444]
 [0.04444444 0.04444444 0.04444444 0.04444444 0.04444444 0.6
  0.04444444 0.04444444 0.04444444 0.04444444]
 [0.04444444 0.04444444 0.04444444 0.04444444 0.04444444 0.04444444
  0.6        0.04444444 0.04444444 0.04444444]
 [0.04444444 0.04444444 0.04444444 0.04444444 0.04444444 0.04444444
  0.04444444 0.6        0.04444444 0.04444444]
 [0.04444444 0.04444444 0.04444444 0.04444444 0.04444444 0.04444444
  0.04444444 0.04444444 0.6        0.04444444]
 [0.04444444 0.04444444 0.04444444 0.04444444 0.04444444 0.04444444
  0.04444444 0.04444444 0.04444444 0.6       ]]
>> val epoch: 0
>> current accuracy: 43.76%
outputs: tensor([[0.1016, 0.3225, 0.0300, 0.0502, 0.0472, 0.0567, 0.0291, 0.0511, 0.2873,
         0.0243],
        [0.1527, 0.3287, 0.0346, 0.0390, 0.0480, 0.0499, 0.0417, 0.0686, 0.1661,
         0.0705],
        [0.0400, 0.0361, 0.1617, 0.1557, 0.1202, 0.2449, 0.0545, 0.0868, 0.0627,
         0.0374],
        [0.0604, 0.2693, 0.0282, 0.0708, 0.0529, 0.0781, 0.0400, 0.0505, 0.1464,
         0.2033],
        [0.0287, 0.0360, 0.0689, 0.1949, 0.0637, 0.3326, 0.0574, 0.1241, 0.0585,
         0.0353],
        [0.1179, 0.0412, 0.1474, 0.1013, 0.0959, 0.1284, 0.0700, 0.1473, 0.0807,
         0.0700],
        [0.0340, 0.0361, 0.2009, 0.1243, 0.0772, 0.2806, 0.0427, 0.1018, 0.0617,
         0.0408],
        [0.0484, 0.3072, 0.0447, 0.0628, 0.0820, 0.0734, 0.1401, 0.0646, 0.0708,
         0.1060],
        [0.0187, 0.0186, 0.0479, 0.0434, 0.0966, 0.1185, 0.5722, 0.0289, 0.0397,
         0.0156],
        [0.1380, 0.1109, 0.0410, 0.0566, 0.0457, 0.0628, 0.0511, 0.1129, 0.2019,
         0.1791],
        [0.0236, 0.0197, 0.0427, 0.0734, 0.0997, 0.1282, 0.4814, 0.0588, 0.0497,
         0.0228],
        [0.0611, 0.0640, 0.1423, 0.1877, 0.1230, 0.1388, 0.1084, 0.0533, 0.0818,
         0.0395],
        [0.0278, 0.0346, 0.0731, 0.2655, 0.0490, 0.3662, 0.0494, 0.0413, 0.0635,
         0.0294],
        [0.0265, 0.0330, 0.0911, 0.2129, 0.0749, 0.3354, 0.0856, 0.0582, 0.0570,
         0.0255],
        [0.0303, 0.0376, 0.1584, 0.0950, 0.2229, 0.2043, 0.1094, 0.0632, 0.0500,
         0.0288],
        [0.0469, 0.0650, 0.0719, 0.1332, 0.0609, 0.1863, 0.0656, 0.0743, 0.2383,
         0.0576],
        [0.0114, 0.0173, 0.0302, 0.2628, 0.0131, 0.5167, 0.0345, 0.0445, 0.0471,
         0.0224],
        [0.0597, 0.0451, 0.0795, 0.1918, 0.0617, 0.1520, 0.1055, 0.0685, 0.1450,
         0.0912],
        [0.3244, 0.0579, 0.0631, 0.0470, 0.0901, 0.0822, 0.0543, 0.0573, 0.1816,
         0.0423],
        [0.0441, 0.0336, 0.1004, 0.1702, 0.1209, 0.1383, 0.0944, 0.1852, 0.0675,
         0.0452],
        [0.1391, 0.0969, 0.0744, 0.0655, 0.0856, 0.0686, 0.0423, 0.2636, 0.0622,
         0.1018],
        [0.0330, 0.0441, 0.1759, 0.1396, 0.1276, 0.2069, 0.1494, 0.0389, 0.0532,
         0.0313],
        [0.0265, 0.0427, 0.0573, 0.2534, 0.0474, 0.2341, 0.1651, 0.0573, 0.0676,
         0.0487],
        [0.0683, 0.5751, 0.0289, 0.0515, 0.0358, 0.0405, 0.0302, 0.0417, 0.0988,
         0.0291],
        [0.0301, 0.0355, 0.0733, 0.1390, 0.0903, 0.1373, 0.3644, 0.0421, 0.0541,
         0.0339],
        [0.2876, 0.0623, 0.1001, 0.0783, 0.0833, 0.0875, 0.0505, 0.0596, 0.1266,
         0.0643],
        [0.0321, 0.0308, 0.0552, 0.1753, 0.0543, 0.2690, 0.0549, 0.2150, 0.0652,
         0.0482],
        [0.0954, 0.4824, 0.0342, 0.0424, 0.0568, 0.0556, 0.0412, 0.0515, 0.0484,
         0.0921],
        [0.0449, 0.0675, 0.0861, 0.2151, 0.0629, 0.2334, 0.0503, 0.1126, 0.0684,
         0.0586],
        [0.0326, 0.3597, 0.0468, 0.0923, 0.0676, 0.0920, 0.0843, 0.0391, 0.0617,
         0.1239],
        [0.0322, 0.0343, 0.3208, 0.1041, 0.0800, 0.2600, 0.0483, 0.0457, 0.0448,
         0.0300],
        [0.1706, 0.0474, 0.0325, 0.0310, 0.0560, 0.0599, 0.0380, 0.0665, 0.4686,
         0.0295],
        [0.0816, 0.0647, 0.0502, 0.0540, 0.0702, 0.0785, 0.0380, 0.0525, 0.4757,
         0.0347],
        [0.0312, 0.0318, 0.0641, 0.2077, 0.0504, 0.2521, 0.1251, 0.1056, 0.0693,
         0.0628],
        [0.0224, 0.0268, 0.0651, 0.1367, 0.1050, 0.1616, 0.3563, 0.0481, 0.0528,
         0.0252],
        [0.3519, 0.0544, 0.0317, 0.0342, 0.0674, 0.0554, 0.0540, 0.0664, 0.2188,
         0.0658],
        [0.0456, 0.0422, 0.2024, 0.1016, 0.1215, 0.1978, 0.0686, 0.1152, 0.0585,
         0.0467],
        [0.0348, 0.0334, 0.1008, 0.1082, 0.1613, 0.1229, 0.3164, 0.0366, 0.0602,
         0.0254],
        [0.0300, 0.0253, 0.0877, 0.0478, 0.1262, 0.1258, 0.4476, 0.0319, 0.0508,
         0.0268],
        [0.0515, 0.1517, 0.0424, 0.0665, 0.0634, 0.0940, 0.1040, 0.1119, 0.0536,
         0.2611],
        [0.0295, 0.0310, 0.0810, 0.0735, 0.1860, 0.1713, 0.0766, 0.2600, 0.0550,
         0.0360],
        [0.1383, 0.1250, 0.0334, 0.0491, 0.0443, 0.0548, 0.0577, 0.0905, 0.0620,
         0.3448],
        [0.0395, 0.0335, 0.0796, 0.0891, 0.1305, 0.1301, 0.3508, 0.0481, 0.0697,
         0.0292],
        [0.0973, 0.0538, 0.0404, 0.0657, 0.0611, 0.0837, 0.0405, 0.3903, 0.0604,
         0.1068],
        [0.1582, 0.0802, 0.0783, 0.0672, 0.0890, 0.0889, 0.0966, 0.0759, 0.1752,
         0.0905],
        [0.0852, 0.0546, 0.0681, 0.1596, 0.0422, 0.0909, 0.1100, 0.0978, 0.1080,
         0.1836],
        [0.1719, 0.1283, 0.0411, 0.0489, 0.0571, 0.0582, 0.0442, 0.0631, 0.3428,
         0.0443],
        [0.0706, 0.0330, 0.2575, 0.1495, 0.0970, 0.1852, 0.0640, 0.0423, 0.0707,
         0.0303],
        [0.0741, 0.0375, 0.1608, 0.1068, 0.2038, 0.1432, 0.1084, 0.0428, 0.0917,
         0.0308],
        [0.0552, 0.0411, 0.1382, 0.1022, 0.1318, 0.1463, 0.1673, 0.1123, 0.0632,
         0.0424],
        [0.0819, 0.1103, 0.1003, 0.1336, 0.1164, 0.1480, 0.0631, 0.0667, 0.1311,
         0.0486],
        [0.0697, 0.3238, 0.0465, 0.0547, 0.0651, 0.0617, 0.0857, 0.0892, 0.0718,
         0.1316],
        [0.0374, 0.0317, 0.1473, 0.0731, 0.2600, 0.1299, 0.2099, 0.0378, 0.0469,
         0.0260],
        [0.0490, 0.0256, 0.0519, 0.1056, 0.0825, 0.1522, 0.0661, 0.3273, 0.0669,
         0.0727],
        [0.1981, 0.0793, 0.0467, 0.0459, 0.0885, 0.0648, 0.0497, 0.0649, 0.3225,
         0.0396],
        [0.0420, 0.0426, 0.0665, 0.1193, 0.1228, 0.1374, 0.2620, 0.0684, 0.0680,
         0.0711],
        [0.0979, 0.1875, 0.0382, 0.0547, 0.0615, 0.0731, 0.0724, 0.0769, 0.0974,
         0.2405],
        [0.0248, 0.0279, 0.0833, 0.2445, 0.0603, 0.3442, 0.0985, 0.0443, 0.0454,
         0.0267],
        [0.1013, 0.0456, 0.0262, 0.0298, 0.0438, 0.0561, 0.0266, 0.0489, 0.6074,
         0.0143],
        [0.0866, 0.1266, 0.0454, 0.0560, 0.0673, 0.0859, 0.0485, 0.0570, 0.3493,
         0.0774],
        [0.0486, 0.0497, 0.1108, 0.2185, 0.0746, 0.2876, 0.0527, 0.0533, 0.0587,
         0.0456],
        [0.0983, 0.0358, 0.1470, 0.2279, 0.0415, 0.1664, 0.0882, 0.0742, 0.0659,
         0.0548],
        [0.0507, 0.0370, 0.1724, 0.0894, 0.1577, 0.1994, 0.0847, 0.0937, 0.0807,
         0.0343],
        [0.1794, 0.0812, 0.0520, 0.0685, 0.0579, 0.0767, 0.0400, 0.1318, 0.1648,
         0.1476],
        [0.0295, 0.0347, 0.1081, 0.1016, 0.1381, 0.1200, 0.3626, 0.0251, 0.0527,
         0.0275],
        [0.0980, 0.1115, 0.0422, 0.0766, 0.0690, 0.0955, 0.0526, 0.0600, 0.3060,
         0.0887],
        [0.0659, 0.0386, 0.0608, 0.1028, 0.0628, 0.1136, 0.2260, 0.0988, 0.1342,
         0.0967],
        [0.0285, 0.0237, 0.0682, 0.2231, 0.0483, 0.3316, 0.0422, 0.1214, 0.0678,
         0.0451],
        [0.0616, 0.2150, 0.0639, 0.1101, 0.0514, 0.1417, 0.0399, 0.0822, 0.1077,
         0.1265],
        [0.1048, 0.0643, 0.0399, 0.0965, 0.0438, 0.0644, 0.0787, 0.0924, 0.1157,
         0.2994],
        [0.2295, 0.0529, 0.1223, 0.0853, 0.1047, 0.1121, 0.0536, 0.0517, 0.1339,
         0.0540],
        [0.1046, 0.0638, 0.1165, 0.1737, 0.1043, 0.1981, 0.0669, 0.0499, 0.0834,
         0.0386]], device='cuda:0', grad_fn=<SoftmaxBackward>)
>> best accuracy: 43.76	best epoch: 0

>> final recovery rate: 59.81333333333333%
