noise type: uniform
noise level: 0.8
when_to_apply_epoch: 25
total clean data num: 10905
probability transition matrix:
[[0.2        0.08888889 0.08888889 0.08888889 0.08888889 0.08888889
  0.08888889 0.08888889 0.08888889 0.08888889]
 [0.08888889 0.2        0.08888889 0.08888889 0.08888889 0.08888889
  0.08888889 0.08888889 0.08888889 0.08888889]
 [0.08888889 0.08888889 0.2        0.08888889 0.08888889 0.08888889
  0.08888889 0.08888889 0.08888889 0.08888889]
 [0.08888889 0.08888889 0.08888889 0.2        0.08888889 0.08888889
  0.08888889 0.08888889 0.08888889 0.08888889]
 [0.08888889 0.08888889 0.08888889 0.08888889 0.2        0.08888889
  0.08888889 0.08888889 0.08888889 0.08888889]
 [0.08888889 0.08888889 0.08888889 0.08888889 0.08888889 0.2
  0.08888889 0.08888889 0.08888889 0.08888889]
 [0.08888889 0.08888889 0.08888889 0.08888889 0.08888889 0.08888889
  0.2        0.08888889 0.08888889 0.08888889]
 [0.08888889 0.08888889 0.08888889 0.08888889 0.08888889 0.08888889
  0.08888889 0.2        0.08888889 0.08888889]
 [0.08888889 0.08888889 0.08888889 0.08888889 0.08888889 0.08888889
  0.08888889 0.08888889 0.2        0.08888889]
 [0.08888889 0.08888889 0.08888889 0.08888889 0.08888889 0.08888889
  0.08888889 0.08888889 0.08888889 0.2       ]]
>> val epoch: 0
>> current accuracy: 67.66666666666666%
outputs: tensor([[0.1234, 0.1010, 0.1850, 0.0984, 0.0839, 0.1048, 0.0757, 0.0588, 0.0899,
         0.0789],
        [0.1083, 0.1207, 0.0886, 0.0931, 0.1049, 0.1005, 0.0992, 0.0614, 0.1347,
         0.0886],
        [0.1710, 0.0992, 0.1207, 0.0999, 0.0921, 0.0965, 0.0962, 0.0561, 0.0820,
         0.0862],
        [0.0931, 0.1168, 0.0999, 0.1175, 0.1200, 0.0933, 0.0784, 0.0767, 0.1080,
         0.0963],
        [0.1085, 0.1231, 0.1762, 0.0790, 0.0985, 0.1045, 0.0755, 0.0549, 0.1120,
         0.0678],
        [0.1179, 0.0984, 0.0931, 0.0772, 0.1360, 0.1363, 0.0836, 0.0618, 0.0928,
         0.1028],
        [0.1247, 0.0841, 0.0754, 0.0726, 0.1410, 0.1055, 0.0808, 0.0609, 0.0908,
         0.1642],
        [0.1142, 0.0934, 0.0805, 0.1300, 0.1125, 0.1236, 0.0819, 0.0650, 0.0927,
         0.1062],
        [0.1179, 0.0944, 0.1046, 0.1535, 0.0933, 0.1182, 0.0784, 0.0626, 0.0929,
         0.0843],
        [0.1215, 0.0909, 0.1071, 0.0746, 0.1418, 0.0977, 0.0943, 0.0693, 0.0993,
         0.1036],
        [0.1154, 0.1164, 0.1321, 0.0685, 0.1327, 0.1160, 0.0859, 0.0600, 0.1007,
         0.0722],
        [0.1155, 0.0927, 0.0897, 0.0969, 0.1014, 0.0984, 0.0817, 0.0705, 0.1419,
         0.1112],
        [0.1138, 0.0927, 0.0947, 0.0606, 0.1368, 0.1516, 0.0989, 0.0618, 0.0804,
         0.1088],
        [0.1251, 0.1103, 0.1130, 0.0551, 0.0940, 0.0865, 0.1894, 0.0634, 0.0848,
         0.0783],
        [0.1279, 0.1044, 0.1145, 0.0661, 0.0970, 0.0907, 0.1536, 0.0649, 0.0906,
         0.0902],
        [0.1009, 0.1548, 0.1195, 0.0754, 0.1433, 0.1002, 0.0713, 0.0616, 0.1061,
         0.0669],
        [0.1005, 0.1216, 0.2177, 0.0776, 0.0855, 0.0971, 0.0931, 0.0584, 0.0842,
         0.0643],
        [0.1181, 0.1190, 0.1090, 0.0977, 0.1028, 0.0900, 0.0805, 0.0882, 0.1016,
         0.0932],
        [0.1116, 0.0942, 0.1320, 0.0794, 0.0955, 0.1095, 0.1012, 0.0758, 0.0907,
         0.1101],
        [0.0931, 0.1790, 0.0924, 0.1021, 0.1022, 0.0918, 0.0897, 0.0588, 0.1067,
         0.0842],
        [0.0971, 0.1043, 0.0928, 0.0832, 0.1258, 0.1148, 0.1674, 0.0573, 0.0770,
         0.0804],
        [0.1928, 0.0900, 0.1033, 0.0791, 0.1147, 0.1131, 0.0840, 0.0549, 0.0828,
         0.0854],
        [0.1063, 0.1029, 0.0794, 0.0812, 0.1332, 0.1348, 0.1056, 0.0623, 0.0877,
         0.1067],
        [0.0987, 0.0744, 0.0973, 0.0969, 0.1998, 0.1097, 0.0729, 0.0689, 0.0657,
         0.1157],
        [0.1366, 0.0972, 0.1249, 0.0749, 0.0889, 0.1096, 0.1105, 0.0771, 0.0762,
         0.1041],
        [0.1233, 0.0791, 0.0774, 0.0755, 0.1304, 0.1027, 0.0800, 0.0708, 0.0740,
         0.1866],
        [0.2033, 0.0974, 0.1107, 0.0934, 0.0952, 0.0934, 0.0818, 0.0531, 0.0936,
         0.0780],
        [0.1097, 0.0955, 0.0788, 0.0754, 0.1269, 0.1641, 0.0836, 0.0665, 0.0847,
         0.1148],
        [0.0995, 0.0910, 0.0789, 0.0777, 0.1557, 0.1093, 0.0873, 0.0687, 0.0826,
         0.1493],
        [0.1155, 0.1175, 0.1787, 0.0645, 0.0877, 0.0989, 0.0950, 0.0685, 0.0984,
         0.0751],
        [0.1069, 0.1143, 0.1398, 0.0699, 0.0958, 0.1012, 0.1227, 0.0638, 0.1104,
         0.0752],
        [0.1073, 0.0866, 0.0720, 0.0759, 0.1173, 0.1132, 0.0832, 0.0757, 0.0747,
         0.1940],
        [0.1064, 0.1156, 0.2697, 0.0639, 0.0735, 0.0911, 0.0911, 0.0578, 0.0747,
         0.0561],
        [0.0976, 0.1653, 0.1042, 0.0818, 0.1451, 0.0968, 0.0736, 0.0604, 0.1128,
         0.0625],
        [0.1286, 0.1014, 0.0792, 0.0839, 0.1028, 0.0988, 0.0807, 0.0538, 0.1678,
         0.1032],
        [0.1292, 0.0945, 0.1700, 0.0807, 0.1075, 0.0945, 0.1048, 0.0604, 0.0809,
         0.0775],
        [0.1037, 0.0841, 0.1005, 0.1921, 0.0943, 0.1087, 0.0703, 0.0652, 0.0897,
         0.0914],
        [0.0980, 0.1025, 0.0911, 0.1433, 0.1065, 0.1152, 0.0775, 0.0738, 0.0919,
         0.1001],
        [0.1025, 0.1742, 0.0969, 0.0776, 0.1274, 0.0942, 0.0770, 0.0595, 0.1210,
         0.0697],
        [0.0886, 0.0853, 0.0858, 0.0834, 0.2450, 0.1009, 0.0748, 0.0624, 0.0739,
         0.1000],
        [0.1131, 0.1126, 0.0999, 0.0864, 0.1012, 0.0948, 0.0856, 0.0649, 0.1434,
         0.0981],
        [0.1132, 0.1308, 0.1644, 0.0839, 0.0972, 0.0943, 0.0867, 0.0600, 0.1042,
         0.0653],
        [0.0911, 0.1187, 0.0935, 0.0720, 0.1290, 0.1076, 0.1791, 0.0567, 0.0825,
         0.0699],
        [0.1026, 0.0792, 0.0971, 0.0864, 0.1632, 0.1066, 0.0873, 0.0659, 0.0814,
         0.1301],
        [0.1375, 0.1003, 0.0792, 0.0518, 0.1347, 0.1100, 0.0972, 0.0636, 0.0827,
         0.1430],
        [0.1070, 0.1029, 0.0861, 0.1140, 0.1007, 0.1480, 0.0991, 0.0633, 0.0957,
         0.0832],
        [0.1996, 0.0963, 0.1201, 0.0811, 0.0870, 0.0980, 0.0971, 0.0559, 0.0809,
         0.0841],
        [0.1005, 0.0897, 0.1173, 0.1595, 0.1026, 0.1111, 0.0787, 0.0655, 0.0868,
         0.0883]], device='cuda:0', grad_fn=<SoftmaxBackward>)
>> best accuracy: 67.66666666666666	best epoch: 0

>> final recovery rate: 20.194444444444446%
>> val epoch: 5
>> current accuracy: 74.06666666666666%
outputs: tensor([[0.0810, 0.1174, 0.1064, 0.1059, 0.0573, 0.0776, 0.0980, 0.0709, 0.1657,
         0.1197],
        [0.1740, 0.0604, 0.1223, 0.1068, 0.0726, 0.0734, 0.0811, 0.0731, 0.1307,
         0.1055],
        [0.0769, 0.0465, 0.0946, 0.1123, 0.0503, 0.0740, 0.0918, 0.0804, 0.1304,
         0.2428],
        [0.0711, 0.0554, 0.0925, 0.2255, 0.0818, 0.0963, 0.0807, 0.0741, 0.1358,
         0.0866],
        [0.0839, 0.0517, 0.1006, 0.0896, 0.0462, 0.0699, 0.0825, 0.0754, 0.1297,
         0.2705],
        [0.0796, 0.0753, 0.1286, 0.1256, 0.0659, 0.0760, 0.0941, 0.0915, 0.1361,
         0.1274],
        [0.1618, 0.0649, 0.1209, 0.1020, 0.0772, 0.0777, 0.0845, 0.0797, 0.1206,
         0.1108],
        [0.0857, 0.0675, 0.1086, 0.0978, 0.1203, 0.0745, 0.0919, 0.0832, 0.1293,
         0.1410],
        [0.0783, 0.0549, 0.1161, 0.0976, 0.1150, 0.0727, 0.1322, 0.0832, 0.1435,
         0.1065],
        [0.0613, 0.0528, 0.1180, 0.0964, 0.0587, 0.2334, 0.0856, 0.0843, 0.1089,
         0.1005],
        [0.0761, 0.0604, 0.1165, 0.1780, 0.0682, 0.1023, 0.0840, 0.0913, 0.1200,
         0.1031],
        [0.0742, 0.1308, 0.0949, 0.0952, 0.0582, 0.0798, 0.0895, 0.0845, 0.1729,
         0.1199],
        [0.0762, 0.0632, 0.0965, 0.0973, 0.0643, 0.0789, 0.0974, 0.1667, 0.1498,
         0.1097],
        [0.0789, 0.0535, 0.0961, 0.1076, 0.0509, 0.0797, 0.0754, 0.0845, 0.1288,
         0.2445],
        [0.1569, 0.0542, 0.1168, 0.0970, 0.0764, 0.0757, 0.1012, 0.0837, 0.1177,
         0.1203],
        [0.0669, 0.0578, 0.2188, 0.0870, 0.0707, 0.0890, 0.1403, 0.0807, 0.0985,
         0.0905],
        [0.0597, 0.0552, 0.1180, 0.0949, 0.0641, 0.2222, 0.0870, 0.0860, 0.1067,
         0.1062],
        [0.0793, 0.0610, 0.0987, 0.1088, 0.1352, 0.0796, 0.1011, 0.0865, 0.1409,
         0.1090],
        [0.0737, 0.0589, 0.2458, 0.0922, 0.0611, 0.0850, 0.0961, 0.0782, 0.1038,
         0.1051],
        [0.0713, 0.0572, 0.2522, 0.1033, 0.0740, 0.0807, 0.1026, 0.0758, 0.0921,
         0.0908],
        [0.0696, 0.0511, 0.1241, 0.1907, 0.0888, 0.0980, 0.0824, 0.0737, 0.1350,
         0.0867],
        [0.1440, 0.0514, 0.1095, 0.1072, 0.0728, 0.0856, 0.1018, 0.0773, 0.1337,
         0.1167],
        [0.0779, 0.0587, 0.2599, 0.0871, 0.0733, 0.0811, 0.1005, 0.0854, 0.0839,
         0.0922],
        [0.0805, 0.0570, 0.0982, 0.0966, 0.0756, 0.0692, 0.0984, 0.1833, 0.1424,
         0.0988],
        [0.0831, 0.0623, 0.1008, 0.0913, 0.1089, 0.0715, 0.0933, 0.1006, 0.1496,
         0.1386],
        [0.0713, 0.0525, 0.1089, 0.2267, 0.0834, 0.0847, 0.0782, 0.0771, 0.1278,
         0.0896],
        [0.0849, 0.0507, 0.0965, 0.0995, 0.0435, 0.0832, 0.0766, 0.0785, 0.1318,
         0.2548],
        [0.0775, 0.0553, 0.1115, 0.0903, 0.1274, 0.0736, 0.0963, 0.1082, 0.1405,
         0.1194],
        [0.0808, 0.0551, 0.0992, 0.1018, 0.0465, 0.0892, 0.0770, 0.0860, 0.1278,
         0.2367],
        [0.0806, 0.0507, 0.1135, 0.1080, 0.0545, 0.0846, 0.0948, 0.0779, 0.1372,
         0.1982],
        [0.0775, 0.0613, 0.1938, 0.1051, 0.0862, 0.0921, 0.0883, 0.0812, 0.1310,
         0.0835],
        [0.0849, 0.0701, 0.0984, 0.1269, 0.0852, 0.0782, 0.0886, 0.0969, 0.1204,
         0.1503],
        [0.0717, 0.0535, 0.1164, 0.2056, 0.0859, 0.0842, 0.0813, 0.0850, 0.1303,
         0.0861],
        [0.0816, 0.0732, 0.1022, 0.1114, 0.1106, 0.0863, 0.0939, 0.0879, 0.1351,
         0.1176],
        [0.1366, 0.0636, 0.1416, 0.0995, 0.0787, 0.0805, 0.1049, 0.0798, 0.1085,
         0.1063],
        [0.0817, 0.1186, 0.0971, 0.0980, 0.0630, 0.0787, 0.0928, 0.0951, 0.1522,
         0.1228],
        [0.0743, 0.0597, 0.2213, 0.0854, 0.0733, 0.0973, 0.1155, 0.0761, 0.0964,
         0.1007],
        [0.0588, 0.0334, 0.1005, 0.0878, 0.0546, 0.0813, 0.0795, 0.0724, 0.3099,
         0.1218],
        [0.0798, 0.0605, 0.1099, 0.1069, 0.1451, 0.0780, 0.0831, 0.0795, 0.1273,
         0.1298],
        [0.0701, 0.0572, 0.1063, 0.0948, 0.0518, 0.0968, 0.1885, 0.0755, 0.1398,
         0.1192],
        [0.0658, 0.0570, 0.1141, 0.0972, 0.0614, 0.2209, 0.0836, 0.0919, 0.1040,
         0.1040],
        [0.0844, 0.1095, 0.1048, 0.0972, 0.0594, 0.0756, 0.0890, 0.1008, 0.1534,
         0.1259],
        [0.0755, 0.0541, 0.1271, 0.0929, 0.0605, 0.0846, 0.2055, 0.0797, 0.1136,
         0.1067],
        [0.0662, 0.0522, 0.1132, 0.1125, 0.0736, 0.2013, 0.1038, 0.0792, 0.1117,
         0.0865],
        [0.0823, 0.0686, 0.1022, 0.1104, 0.1336, 0.0759, 0.0852, 0.0878, 0.1238,
         0.1302],
        [0.0722, 0.0723, 0.2444, 0.0900, 0.0613, 0.0875, 0.0861, 0.0771, 0.1069,
         0.1022],
        [0.0815, 0.0564, 0.0978, 0.0955, 0.0792, 0.0751, 0.0979, 0.1769, 0.1454,
         0.0942],
        [0.0773, 0.1384, 0.0961, 0.0967, 0.0528, 0.0734, 0.0936, 0.0770, 0.1737,
         0.1209]], device='cuda:0', grad_fn=<SoftmaxBackward>)
>> best accuracy: 74.06666666666666	best epoch: 5

>> final recovery rate: 20.194444444444446%
>> val epoch: 10
>> current accuracy: 85.28333333333333%
outputs: tensor([[0.0690, 0.1239, 0.1687, 0.0775, 0.0814, 0.0896, 0.1397, 0.0959, 0.0791,
         0.0753],
        [0.1492, 0.1076, 0.0803, 0.0983, 0.0936, 0.0650, 0.1495, 0.0816, 0.0966,
         0.0784],
        [0.1616, 0.1273, 0.0772, 0.1010, 0.0967, 0.0584, 0.1262, 0.0910, 0.0718,
         0.0888],
        [0.0654, 0.1325, 0.0799, 0.0951, 0.1079, 0.1939, 0.0816, 0.0930, 0.0652,
         0.0855],
        [0.1078, 0.1053, 0.0962, 0.0753, 0.0630, 0.0646, 0.1258, 0.0947, 0.0676,
         0.1997],
        [0.0847, 0.1039, 0.0883, 0.0769, 0.0952, 0.0788, 0.1250, 0.1749, 0.0747,
         0.0976],
        [0.0772, 0.0839, 0.0544, 0.2610, 0.1320, 0.0638, 0.1002, 0.0876, 0.0699,
         0.0699],
        [0.0813, 0.0937, 0.0525, 0.1616, 0.1462, 0.0567, 0.1775, 0.0801, 0.0809,
         0.0693],
        [0.0712, 0.0761, 0.1445, 0.0877, 0.0825, 0.0840, 0.2107, 0.0913, 0.0868,
         0.0653],
        [0.0943, 0.0945, 0.0977, 0.0793, 0.0973, 0.0854, 0.1104, 0.1432, 0.1120,
         0.0859],
        [0.0854, 0.0847, 0.0949, 0.0774, 0.1001, 0.0608, 0.1227, 0.2179, 0.0835,
         0.0726],
        [0.0773, 0.0856, 0.0789, 0.1125, 0.1257, 0.0789, 0.1334, 0.0958, 0.0809,
         0.1310],
        [0.0864, 0.1088, 0.1240, 0.0655, 0.1336, 0.0761, 0.1313, 0.0779, 0.0815,
         0.1149],
        [0.0802, 0.0925, 0.0700, 0.1510, 0.1205, 0.1154, 0.1642, 0.0714, 0.0704,
         0.0644],
        [0.0699, 0.1222, 0.1848, 0.1124, 0.0818, 0.0764, 0.1232, 0.0642, 0.0832,
         0.0817],
        [0.1196, 0.0990, 0.0981, 0.0927, 0.0944, 0.0620, 0.1257, 0.1228, 0.0949,
         0.0908],
        [0.0737, 0.1564, 0.1457, 0.1041, 0.0918, 0.0710, 0.1102, 0.0802, 0.0790,
         0.0879],
        [0.0932, 0.0867, 0.0756, 0.1706, 0.0950, 0.1172, 0.1054, 0.0648, 0.0999,
         0.0915],
        [0.1511, 0.0977, 0.0685, 0.1017, 0.1223, 0.0619, 0.1262, 0.0825, 0.1151,
         0.0731],
        [0.1080, 0.0839, 0.1320, 0.0834, 0.0767, 0.0900, 0.0977, 0.1209, 0.0954,
         0.1119],
        [0.1081, 0.1154, 0.0978, 0.1111, 0.0934, 0.0905, 0.1419, 0.0699, 0.0798,
         0.0921],
        [0.0865, 0.1055, 0.0777, 0.1269, 0.1156, 0.0691, 0.0980, 0.1543, 0.0868,
         0.0795],
        [0.0728, 0.1188, 0.1779, 0.1041, 0.1037, 0.0859, 0.0797, 0.0985, 0.0835,
         0.0751],
        [0.1377, 0.0918, 0.1434, 0.0871, 0.0760, 0.0835, 0.0998, 0.0772, 0.0847,
         0.1188],
        [0.0776, 0.1203, 0.0902, 0.2401, 0.0781, 0.0656, 0.0953, 0.0760, 0.0615,
         0.0954],
        [0.0808, 0.1201, 0.0944, 0.0663, 0.0689, 0.0679, 0.1264, 0.0966, 0.0842,
         0.1945],
        [0.0561, 0.0723, 0.0657, 0.3140, 0.1224, 0.0561, 0.1208, 0.0750, 0.0616,
         0.0561],
        [0.0973, 0.0891, 0.1325, 0.0554, 0.1022, 0.0908, 0.1372, 0.0903, 0.0913,
         0.1139],
        [0.0901, 0.0970, 0.0783, 0.1258, 0.1210, 0.0591, 0.2247, 0.0788, 0.0669,
         0.0582],
        [0.0977, 0.0786, 0.0750, 0.1056, 0.0931, 0.0783, 0.1155, 0.1060, 0.0953,
         0.1549],
        [0.1162, 0.1114, 0.1080, 0.0771, 0.0654, 0.0548, 0.2022, 0.0959, 0.0629,
         0.1061],
        [0.0758, 0.0907, 0.0844, 0.1000, 0.1759, 0.0884, 0.1168, 0.0831, 0.0857,
         0.0992],
        [0.0844, 0.1265, 0.0989, 0.1306, 0.0894, 0.0974, 0.0868, 0.0971, 0.0666,
         0.1223],
        [0.0651, 0.2224, 0.0794, 0.0838, 0.0957, 0.0780, 0.0928, 0.1047, 0.0952,
         0.0829],
        [0.0899, 0.1032, 0.0716, 0.0936, 0.1367, 0.0766, 0.1159, 0.1397, 0.0741,
         0.0987],
        [0.0818, 0.0681, 0.0719, 0.0952, 0.2452, 0.0811, 0.1034, 0.0917, 0.0922,
         0.0694],
        [0.1195, 0.1234, 0.0912, 0.0815, 0.0960, 0.0685, 0.1679, 0.0862, 0.0895,
         0.0764],
        [0.1080, 0.0865, 0.0689, 0.1182, 0.1208, 0.0908, 0.1146, 0.0727, 0.1395,
         0.0799],
        [0.1044, 0.0827, 0.1125, 0.0837, 0.0793, 0.0820, 0.1120, 0.1531, 0.0733,
         0.1169],
        [0.1617, 0.0920, 0.1386, 0.1145, 0.0883, 0.0718, 0.0984, 0.0696, 0.0736,
         0.0916],
        [0.0814, 0.1820, 0.0769, 0.1148, 0.1097, 0.0653, 0.0938, 0.1121, 0.0948,
         0.0692],
        [0.0733, 0.1823, 0.0757, 0.1100, 0.0964, 0.0817, 0.1161, 0.1013, 0.0775,
         0.0858],
        [0.0859, 0.0867, 0.0899, 0.0572, 0.0954, 0.0654, 0.1543, 0.1719, 0.0888,
         0.1045],
        [0.0770, 0.1955, 0.0775, 0.0944, 0.0954, 0.0671, 0.1191, 0.1044, 0.0874,
         0.0823],
        [0.0748, 0.0602, 0.0632, 0.1322, 0.0814, 0.0618, 0.1036, 0.0629, 0.3199,
         0.0400],
        [0.0656, 0.0769, 0.0724, 0.2732, 0.1348, 0.0696, 0.0954, 0.0874, 0.0644,
         0.0604],
        [0.0724, 0.1059, 0.2515, 0.1056, 0.0923, 0.0744, 0.1051, 0.0616, 0.0639,
         0.0674],
        [0.0764, 0.0754, 0.2631, 0.0951, 0.0827, 0.0783, 0.1225, 0.0752, 0.0631,
         0.0682]], device='cuda:0', grad_fn=<SoftmaxBackward>)
>> best accuracy: 85.28333333333333	best epoch: 10

>> final recovery rate: 20.194444444444446%
>> val epoch: 15
>> current accuracy: 40.300000000000004%
outputs: tensor([[0.1012, 0.0436, 0.1438, 0.1383, 0.1017, 0.0944, 0.1094, 0.0650, 0.1560,
         0.0466],
        [0.0309, 0.1100, 0.0580, 0.0196, 0.0691, 0.0406, 0.4069, 0.0549, 0.1167,
         0.0932],
        [0.0735, 0.1095, 0.2436, 0.0378, 0.0703, 0.1394, 0.0250, 0.1069, 0.0614,
         0.1326],
        [0.0705, 0.3172, 0.0532, 0.0496, 0.0949, 0.1326, 0.0378, 0.0888, 0.1055,
         0.0499],
        [0.1954, 0.0253, 0.1336, 0.0419, 0.2487, 0.1890, 0.0246, 0.0765, 0.0117,
         0.0534],
        [0.0462, 0.0819, 0.0585, 0.0254, 0.4098, 0.1363, 0.0386, 0.0823, 0.0905,
         0.0306],
        [0.0280, 0.0350, 0.0796, 0.1434, 0.0965, 0.0305, 0.4125, 0.0499, 0.0912,
         0.0335],
        [0.0980, 0.0998, 0.0637, 0.1197, 0.0933, 0.0761, 0.0885, 0.2166, 0.1051,
         0.0393],
        [0.2334, 0.0535, 0.1503, 0.0756, 0.0576, 0.0333, 0.1015, 0.2018, 0.0256,
         0.0673],
        [0.0497, 0.3040, 0.0692, 0.0315, 0.0863, 0.1654, 0.0336, 0.1041, 0.0938,
         0.0625],
        [0.0847, 0.0115, 0.1018, 0.1494, 0.0803, 0.1627, 0.0782, 0.0876, 0.1166,
         0.1272],
        [0.0377, 0.0208, 0.0562, 0.0947, 0.0528, 0.1028, 0.4089, 0.0491, 0.1325,
         0.0445],
        [0.0752, 0.1757, 0.0807, 0.2142, 0.0263, 0.0636, 0.0627, 0.1139, 0.0346,
         0.1531],
        [0.1857, 0.0830, 0.1019, 0.0410, 0.1194, 0.0819, 0.1599, 0.0866, 0.0529,
         0.0877],
        [0.1338, 0.1682, 0.1804, 0.0673, 0.0244, 0.1286, 0.0495, 0.0970, 0.0702,
         0.0805],
        [0.0337, 0.0373, 0.0753, 0.0243, 0.1073, 0.0322, 0.0866, 0.0932, 0.2680,
         0.2422],
        [0.1211, 0.0574, 0.0606, 0.1130, 0.0811, 0.0825, 0.2746, 0.0842, 0.0426,
         0.0829],
        [0.0616, 0.0234, 0.0745, 0.1806, 0.0193, 0.1913, 0.2272, 0.1438, 0.0365,
         0.0420],
        [0.0216, 0.0621, 0.1592, 0.0067, 0.1504, 0.0472, 0.0162, 0.4710, 0.0264,
         0.0391],
        [0.0805, 0.0290, 0.0553, 0.0474, 0.0452, 0.1384, 0.1134, 0.0944, 0.2673,
         0.1290],
        [0.0741, 0.1083, 0.0750, 0.0795, 0.0805, 0.0926, 0.2282, 0.0458, 0.1134,
         0.1025],
        [0.0537, 0.1135, 0.0400, 0.0272, 0.1255, 0.4883, 0.0118, 0.0870, 0.0356,
         0.0174],
        [0.3425, 0.0239, 0.1080, 0.0603, 0.0496, 0.0654, 0.1245, 0.0995, 0.0555,
         0.0707],
        [0.0457, 0.0730, 0.5666, 0.0694, 0.0099, 0.0657, 0.0512, 0.0383, 0.0297,
         0.0505],
        [0.0435, 0.0502, 0.3748, 0.0227, 0.0275, 0.2919, 0.0094, 0.1021, 0.0469,
         0.0310],
        [0.2990, 0.0154, 0.0902, 0.0819, 0.2225, 0.0851, 0.0401, 0.0589, 0.0712,
         0.0357],
        [0.0866, 0.2282, 0.0755, 0.0611, 0.0797, 0.1922, 0.0554, 0.0647, 0.0883,
         0.0683],
        [0.0630, 0.0116, 0.0791, 0.0450, 0.1873, 0.3911, 0.0633, 0.0229, 0.0751,
         0.0615],
        [0.0903, 0.0222, 0.2065, 0.0574, 0.2555, 0.1502, 0.0717, 0.0914, 0.0269,
         0.0279],
        [0.0786, 0.0336, 0.0421, 0.0400, 0.4348, 0.0132, 0.0647, 0.0558, 0.1783,
         0.0589],
        [0.0710, 0.2727, 0.0738, 0.0692, 0.0777, 0.1262, 0.0446, 0.0995, 0.1130,
         0.0524],
        [0.2247, 0.0359, 0.0940, 0.0643, 0.0168, 0.0531, 0.1753, 0.0661, 0.0495,
         0.2202],
        [0.0312, 0.1530, 0.3438, 0.0325, 0.0815, 0.0764, 0.0245, 0.1108, 0.0491,
         0.0971],
        [0.0219, 0.1184, 0.0733, 0.0768, 0.0766, 0.1318, 0.0766, 0.0241, 0.3461,
         0.0543],
        [0.1055, 0.3489, 0.0399, 0.0657, 0.0965, 0.1346, 0.0559, 0.0549, 0.0689,
         0.0292],
        [0.0235, 0.0712, 0.1648, 0.0661, 0.0321, 0.0884, 0.4063, 0.0401, 0.0420,
         0.0654],
        [0.1155, 0.1968, 0.0725, 0.0900, 0.1284, 0.0773, 0.0493, 0.0742, 0.1166,
         0.0794],
        [0.0495, 0.3016, 0.0674, 0.0464, 0.0772, 0.1273, 0.0478, 0.0930, 0.1047,
         0.0851],
        [0.0788, 0.0515, 0.0553, 0.0782, 0.0300, 0.0126, 0.1763, 0.3787, 0.0598,
         0.0789],
        [0.1803, 0.0650, 0.0456, 0.0366, 0.0187, 0.1450, 0.1928, 0.1492, 0.0832,
         0.0835],
        [0.0333, 0.0963, 0.0521, 0.2915, 0.2165, 0.1001, 0.0709, 0.0579, 0.0523,
         0.0290],
        [0.1004, 0.0513, 0.1347, 0.0436, 0.0372, 0.1292, 0.2464, 0.1120, 0.0329,
         0.1123],
        [0.0605, 0.0868, 0.0752, 0.0572, 0.0528, 0.1384, 0.0717, 0.2227, 0.1043,
         0.1303],
        [0.0213, 0.0612, 0.4797, 0.0293, 0.0377, 0.0608, 0.1361, 0.0292, 0.0497,
         0.0950],
        [0.0566, 0.0464, 0.1122, 0.0824, 0.0551, 0.0404, 0.1911, 0.2682, 0.1138,
         0.0338],
        [0.1042, 0.0365, 0.0729, 0.0080, 0.0559, 0.1957, 0.1608, 0.0901, 0.2305,
         0.0454],
        [0.1598, 0.0631, 0.0497, 0.0620, 0.1608, 0.0451, 0.1378, 0.2216, 0.0371,
         0.0632],
        [0.0475, 0.0253, 0.0680, 0.0970, 0.0078, 0.3054, 0.0516, 0.2866, 0.0750,
         0.0358]], device='cuda:0', grad_fn=<SoftmaxBackward>)
>> best accuracy: 85.28333333333333	best epoch: 10

>> final recovery rate: 20.194444444444446%
>> val epoch: 20
>> current accuracy: 25.933333333333337%
outputs: tensor([[2.8613e-03, 5.2582e-01, 2.5211e-02, 8.7243e-05, 2.4081e-02, 1.4629e-03,
         1.8788e-02, 1.3008e-02, 3.8806e-01, 6.2400e-04],
        [9.9188e-03, 5.2046e-05, 1.2945e-03, 5.2750e-05, 9.9220e-03, 9.4485e-01,
         1.8055e-04, 5.4800e-04, 3.2296e-02, 8.8820e-04],
        [9.0908e-02, 7.4812e-02, 4.0635e-03, 6.1504e-03, 2.0668e-01, 3.6034e-01,
         1.2739e-02, 1.9681e-01, 7.6876e-04, 4.6735e-02],
        [2.7963e-02, 9.3367e-03, 7.5444e-01, 1.0049e-01, 4.6625e-02, 1.3707e-02,
         1.6778e-03, 2.2794e-02, 1.1286e-02, 1.1675e-02],
        [2.0415e-02, 1.1696e-01, 3.4179e-02, 1.1183e-02, 1.0831e-04, 1.3355e-02,
         6.7787e-04, 1.9804e-01, 1.6938e-03, 6.0339e-01],
        [2.5032e-04, 6.9407e-04, 1.7336e-05, 9.9593e-01, 1.0045e-04, 3.0670e-05,
         6.1442e-04, 1.4070e-04, 1.7020e-04, 2.0565e-03],
        [1.6182e-03, 2.9902e-02, 4.9120e-02, 6.9709e-04, 2.5441e-02, 8.8037e-01,
         2.8911e-03, 6.9034e-04, 8.4603e-06, 9.2597e-03],
        [3.8306e-02, 1.6724e-01, 1.0094e-03, 1.2633e-02, 2.2162e-03, 4.4151e-03,
         1.0692e-01, 7.2465e-02, 2.9760e-02, 5.6503e-01],
        [3.8107e-02, 1.3129e-02, 5.5492e-01, 7.2975e-03, 3.0439e-01, 1.5731e-02,
         2.9348e-03, 3.1545e-02, 2.5891e-02, 6.0510e-03],
        [2.8512e-05, 6.8376e-04, 1.2217e-03, 3.4609e-02, 9.9643e-05, 8.5188e-04,
         9.5981e-01, 2.2158e-03, 3.3474e-04, 1.4922e-04],
        [2.1973e-03, 6.9228e-03, 5.2978e-02, 2.0907e-02, 1.0152e-05, 6.8812e-04,
         3.8516e-03, 9.0479e-01, 3.3853e-03, 4.2733e-03],
        [2.9995e-02, 9.2535e-04, 6.1171e-02, 1.6407e-04, 7.3268e-01, 1.4266e-01,
         1.8914e-03, 3.8607e-03, 2.6184e-02, 4.7216e-04],
        [9.4162e-02, 5.1203e-04, 2.3550e-05, 9.5569e-06, 1.0838e-03, 7.4226e-03,
         1.3741e-04, 3.5477e-04, 8.9603e-01, 2.6598e-04],
        [7.0750e-01, 5.7112e-03, 8.3506e-03, 1.1776e-01, 2.3429e-02, 7.5327e-04,
         4.4238e-03, 4.2772e-04, 1.7210e-02, 1.1443e-01],
        [4.7557e-02, 1.3823e-01, 4.7928e-02, 5.9947e-02, 7.8988e-02, 5.4592e-02,
         2.9778e-01, 9.2721e-02, 7.9636e-02, 1.0262e-01],
        [2.0563e-03, 7.8627e-04, 1.6589e-02, 8.5547e-01, 4.7157e-02, 9.5982e-03,
         3.3575e-03, 6.3353e-02, 1.3834e-03, 2.5392e-04],
        [5.0610e-02, 4.9326e-03, 4.6056e-03, 1.6517e-04, 3.4727e-03, 1.3807e-04,
         2.7057e-03, 9.2524e-01, 6.0986e-03, 2.0327e-03],
        [8.6261e-03, 3.5881e-04, 6.7310e-01, 1.6942e-02, 1.5259e-01, 3.3547e-02,
         2.1461e-02, 2.5754e-02, 6.7370e-02, 2.4379e-04],
        [9.3819e-01, 9.6031e-05, 7.4495e-03, 6.9835e-03, 1.3677e-02, 8.7802e-03,
         8.6808e-03, 4.5123e-03, 1.0992e-02, 6.4192e-04],
        [4.0938e-02, 1.8426e-02, 4.8482e-03, 9.2793e-02, 4.0304e-02, 1.7964e-02,
         3.7871e-01, 3.3148e-01, 1.8603e-02, 5.5924e-02],
        [4.1325e-04, 4.3365e-03, 2.3650e-01, 3.5438e-04, 1.9207e-05, 7.4210e-01,
         7.6076e-05, 1.2145e-03, 1.1982e-02, 3.0070e-03],
        [7.6204e-02, 2.7675e-02, 1.1888e-01, 1.9415e-04, 6.5168e-01, 3.2469e-02,
         3.4440e-02, 4.1640e-02, 8.9427e-03, 7.8722e-03],
        [1.8375e-04, 4.9355e-04, 1.7934e-04, 2.1015e-03, 9.9148e-01, 1.3976e-03,
         1.1845e-04, 5.3560e-04, 7.8139e-06, 3.5014e-03],
        [8.6477e-02, 7.2057e-02, 1.0518e-02, 7.0028e-02, 8.2582e-02, 1.5105e-01,
         7.5934e-02, 1.0332e-01, 4.8089e-02, 2.9994e-01],
        [2.1571e-06, 7.8635e-06, 9.9988e-01, 3.3672e-07, 2.5532e-05, 1.1811e-05,
         5.0825e-07, 1.1223e-05, 4.9692e-05, 1.5785e-05],
        [1.4756e-02, 2.8689e-02, 2.0770e-01, 4.3437e-01, 1.0767e-01, 2.3037e-02,
         4.4104e-03, 5.4485e-02, 1.1307e-01, 1.1821e-02],
        [1.1400e-02, 6.0322e-03, 2.9487e-03, 2.5377e-04, 1.1864e-03, 1.4975e-03,
         7.1238e-01, 1.6879e-01, 9.1434e-02, 4.0761e-03],
        [1.4225e-02, 1.2867e-03, 4.3948e-02, 4.5662e-02, 2.1699e-03, 3.4983e-04,
         6.3964e-02, 1.2857e-01, 9.7700e-03, 6.9006e-01],
        [1.5760e-06, 3.1947e-03, 1.0004e-03, 5.4709e-07, 9.9557e-01, 1.4563e-04,
         5.8286e-05, 2.0508e-06, 2.5264e-05, 1.6501e-06],
        [8.3435e-02, 3.3880e-01, 2.7953e-02, 1.8335e-02, 5.7070e-02, 4.3957e-02,
         2.6041e-02, 3.9548e-02, 3.4599e-01, 1.8872e-02],
        [3.9907e-02, 2.0223e-02, 1.5834e-01, 5.0935e-01, 4.0207e-03, 3.3544e-02,
         1.3505e-02, 4.0060e-03, 7.7702e-03, 2.0933e-01],
        [4.3332e-01, 1.5784e-02, 6.7630e-02, 2.4181e-01, 2.6898e-02, 2.4334e-02,
         2.8085e-03, 5.0571e-02, 1.8876e-02, 1.1797e-01],
        [4.6306e-03, 8.4275e-04, 3.1725e-03, 4.2331e-02, 4.4350e-04, 8.9092e-01,
         1.5467e-02, 3.8316e-02, 3.3197e-03, 5.5632e-04],
        [3.5797e-01, 5.5042e-03, 1.0387e-02, 1.7987e-02, 3.4305e-01, 2.5616e-03,
         4.9932e-03, 1.8799e-01, 4.4182e-02, 2.5366e-02],
        [1.2694e-02, 3.2848e-02, 9.7202e-03, 1.9346e-02, 2.9385e-01, 5.0565e-02,
         6.6732e-03, 5.4858e-01, 1.7807e-02, 7.9152e-03],
        [2.8496e-04, 1.1261e-03, 1.5797e-03, 2.1230e-04, 9.5810e-01, 1.9458e-02,
         1.8610e-02, 3.3288e-04, 1.1009e-04, 1.8870e-04],
        [6.5047e-02, 6.8775e-03, 5.3690e-03, 4.7164e-03, 5.2071e-02, 9.7621e-02,
         4.8714e-01, 3.4004e-02, 2.7002e-03, 2.4446e-01],
        [5.2420e-02, 2.6870e-02, 2.1002e-02, 2.5101e-03, 3.0453e-03, 6.9461e-02,
         7.8898e-03, 5.7553e-03, 9.3608e-03, 8.0169e-01],
        [4.1522e-01, 1.0644e-01, 4.7725e-03, 7.2423e-03, 6.4169e-02, 5.0616e-02,
         2.8895e-01, 2.2053e-02, 3.4521e-02, 6.0113e-03],
        [3.8791e-03, 3.3296e-02, 2.4430e-05, 1.3986e-03, 6.6542e-05, 3.5060e-05,
         7.8371e-05, 9.5672e-01, 4.4940e-03, 1.2514e-05],
        [5.4840e-03, 2.0299e-02, 3.7190e-02, 2.0824e-02, 1.6710e-03, 1.0370e-02,
         1.1504e-01, 2.5051e-01, 2.6299e-03, 5.3598e-01],
        [1.7156e-04, 3.0075e-05, 9.6997e-01, 3.1088e-03, 1.3367e-03, 2.3009e-02,
         2.3816e-04, 2.0085e-03, 5.6323e-05, 7.0512e-05],
        [1.9225e-01, 5.4568e-02, 7.3425e-03, 3.8626e-01, 1.5922e-02, 3.4984e-02,
         6.9135e-03, 9.3540e-02, 1.1194e-03, 2.0710e-01],
        [6.3453e-02, 5.0405e-03, 1.3626e-03, 1.8053e-03, 4.7203e-03, 8.8602e-01,
         6.3255e-03, 5.9744e-03, 2.2732e-02, 2.5699e-03],
        [1.9355e-02, 6.1460e-03, 3.2884e-01, 2.2420e-02, 2.9114e-01, 2.6143e-02,
         2.5638e-02, 1.5766e-01, 4.1204e-02, 8.1452e-02],
        [1.0347e-01, 1.3151e-02, 7.2080e-02, 2.5936e-01, 1.2413e-02, 5.4785e-03,
         9.9948e-02, 5.5241e-02, 2.9796e-01, 8.0893e-02],
        [1.4928e-01, 6.0900e-02, 1.4731e-02, 9.5162e-02, 1.0921e-01, 2.2426e-01,
         6.9336e-02, 9.9154e-02, 1.4864e-01, 2.9321e-02],
        [6.4834e-01, 3.2026e-02, 2.7698e-03, 4.1595e-03, 5.4813e-03, 1.8650e-01,
         1.5406e-02, 1.3788e-02, 1.2349e-02, 7.9180e-02]], device='cuda:0',
       grad_fn=<SoftmaxBackward>)
>> best accuracy: 85.28333333333333	best epoch: 10

>> final recovery rate: 20.194444444444446%
>> val epoch: 25
>> current accuracy: 25.033333333333335%
outputs: tensor([[1.1250e-02, 1.5272e-02, 3.6856e-03, 8.3388e-05, 1.8422e-01, 7.0094e-04,
         5.4849e-02, 4.7146e-03, 2.0989e-04, 7.2501e-01],
        [2.0518e-02, 6.9228e-03, 1.2967e-03, 3.2599e-04, 2.7477e-05, 1.4321e-03,
         2.3649e-03, 5.3809e-03, 9.5596e-01, 5.7701e-03],
        [2.1481e-02, 2.2688e-03, 1.2798e-01, 1.3543e-03, 7.9559e-03, 6.6159e-01,
         5.6788e-06, 6.5662e-03, 6.1652e-03, 1.6463e-01],
        [6.0630e-03, 5.9745e-02, 1.2994e-04, 1.4068e-03, 5.3835e-05, 4.3865e-05,
         1.8453e-03, 1.5725e-02, 2.1744e-04, 9.1477e-01],
        [1.4506e-03, 3.5122e-04, 4.1352e-04, 2.8230e-04, 1.2170e-04, 1.5660e-03,
         7.4045e-04, 9.6150e-01, 3.3541e-02, 3.6000e-05],
        [3.0412e-02, 2.1888e-02, 4.0895e-01, 3.9997e-03, 2.1932e-03, 2.6558e-03,
         2.5211e-02, 3.7391e-01, 1.2257e-01, 8.2040e-03],
        [8.6359e-01, 7.7896e-05, 4.7491e-03, 8.5679e-02, 2.5470e-03, 7.2345e-04,
         3.4019e-03, 1.4702e-03, 6.0763e-04, 3.7156e-02],
        [7.1075e-01, 5.6732e-03, 1.6089e-01, 3.0203e-02, 6.2959e-04, 1.6817e-02,
         9.1757e-03, 5.0484e-03, 2.4167e-03, 5.8399e-02],
        [1.4812e-02, 2.1335e-01, 1.9328e-02, 8.5925e-04, 3.2103e-02, 2.4084e-03,
         6.7730e-02, 4.9795e-02, 5.8234e-01, 1.7281e-02],
        [1.0643e-03, 3.0896e-04, 7.2503e-04, 1.7120e-03, 1.2201e-02, 2.9122e-01,
         2.1013e-02, 2.7014e-03, 6.6603e-01, 3.0201e-03],
        [5.9577e-03, 9.9117e-01, 2.5969e-04, 2.0744e-04, 1.2351e-03, 1.5860e-05,
         6.6122e-04, 1.4081e-05, 3.5890e-05, 4.4286e-04],
        [3.5193e-06, 1.8851e-08, 3.9528e-06, 9.9803e-01, 6.7467e-06, 1.7428e-03,
         1.9228e-04, 2.2146e-07, 4.3087e-07, 1.5661e-05],
        [7.8645e-03, 6.4344e-02, 9.9184e-04, 1.3068e-03, 1.1190e-01, 2.4985e-03,
         4.5857e-03, 3.0672e-01, 4.9197e-01, 7.8205e-03],
        [1.1464e-05, 1.1147e-06, 6.2620e-03, 3.3471e-05, 1.8804e-04, 8.8715e-01,
         2.8782e-05, 4.5454e-05, 1.0528e-01, 9.9608e-04],
        [9.1208e-05, 1.9711e-02, 9.7756e-01, 1.5231e-03, 3.9975e-05, 5.8557e-05,
         3.1911e-04, 6.5224e-04, 3.8310e-05, 7.7660e-06],
        [3.8292e-05, 2.9256e-05, 9.4617e-05, 2.4806e-03, 9.9270e-01, 3.0596e-03,
         5.8644e-05, 2.9438e-05, 5.9265e-04, 9.2091e-04],
        [5.7357e-06, 5.1847e-05, 1.0380e-04, 1.6329e-03, 5.0892e-03, 5.1485e-04,
         9.8506e-01, 4.8862e-04, 4.9024e-03, 2.1538e-03],
        [1.0690e-06, 6.0274e-06, 6.9987e-07, 3.5419e-04, 9.9937e-01, 1.5702e-04,
         6.4999e-05, 4.0315e-05, 1.3390e-08, 5.4137e-06],
        [3.5774e-03, 3.4943e-03, 6.9315e-03, 2.2517e-03, 1.4896e-05, 6.0147e-03,
         7.5637e-03, 7.3930e-02, 8.9199e-01, 4.2354e-03],
        [2.3621e-04, 1.4061e-03, 9.9199e-01, 6.2437e-04, 1.1247e-03, 2.1314e-03,
         5.2341e-04, 8.3020e-04, 1.7108e-06, 1.1315e-03],
        [9.5034e-06, 3.2257e-08, 2.4276e-04, 9.9938e-01, 2.7571e-05, 3.6137e-05,
         1.4058e-06, 2.5330e-05, 4.3963e-05, 2.3684e-04],
        [3.5167e-01, 4.6856e-03, 4.8917e-05, 2.9537e-04, 1.7691e-01, 1.0964e-03,
         2.6488e-03, 9.7923e-04, 4.5964e-01, 2.0267e-03],
        [7.8439e-03, 2.9135e-05, 2.0185e-04, 9.7311e-01, 1.4231e-04, 2.3989e-04,
         9.4994e-06, 1.4650e-02, 3.7118e-03, 6.4010e-05],
        [5.0639e-03, 9.3623e-01, 7.0705e-05, 3.1353e-03, 8.1568e-04, 2.5077e-02,
         3.1411e-03, 2.5964e-02, 3.3955e-04, 1.6718e-04],
        [2.6483e-05, 5.6838e-05, 5.9521e-04, 2.3090e-01, 7.6112e-01, 2.5812e-03,
         1.4366e-05, 4.6922e-03, 8.3647e-06, 6.1007e-06],
        [4.5152e-05, 3.9219e-06, 9.9810e-01, 1.0054e-05, 9.0863e-07, 6.7905e-06,
         3.0484e-05, 7.1399e-04, 1.0863e-03, 5.0105e-06],
        [9.8218e-01, 1.8917e-03, 4.2143e-04, 1.9977e-04, 1.9071e-03, 5.4540e-03,
         1.7758e-03, 4.5196e-03, 7.0814e-04, 9.4349e-04],
        [1.1086e-02, 1.5416e-02, 7.8378e-01, 7.8480e-03, 2.3445e-03, 2.7131e-04,
         6.9713e-05, 1.5447e-02, 6.1605e-02, 1.0214e-01],
        [1.0124e-04, 5.5702e-05, 2.1393e-05, 5.0193e-04, 7.1335e-06, 6.9443e-05,
         4.7517e-04, 2.8763e-04, 9.9844e-01, 4.2590e-05],
        [3.7312e-06, 1.7552e-05, 9.9942e-01, 1.3368e-05, 7.3713e-06, 1.9103e-04,
         9.4897e-06, 2.9493e-04, 1.8030e-06, 4.3413e-05],
        [4.7147e-03, 4.1709e-04, 9.0333e-03, 9.6753e-01, 8.8170e-04, 1.4853e-02,
         4.3432e-04, 2.3113e-05, 4.0255e-04, 1.7110e-03],
        [8.0528e-02, 9.9102e-05, 1.1759e-03, 2.6363e-03, 3.5016e-03, 9.0203e-01,
         2.4182e-03, 1.5968e-03, 5.3570e-03, 6.5467e-04],
        [2.4136e-03, 2.5140e-01, 5.5823e-04, 1.5988e-03, 1.6216e-03, 3.5076e-03,
         4.2733e-05, 7.0353e-01, 2.3908e-02, 1.1418e-02],
        [2.1488e-01, 2.9461e-02, 1.4291e-03, 2.0947e-01, 1.0974e-03, 7.1901e-02,
         4.1533e-01, 5.0856e-02, 4.7063e-03, 8.5601e-04],
        [3.7273e-02, 1.2374e-01, 9.9745e-02, 1.3651e-02, 7.4621e-02, 6.6717e-02,
         1.7045e-01, 2.6456e-01, 1.5816e-02, 1.3343e-01],
        [1.1250e-06, 2.9292e-06, 8.2723e-07, 3.9508e-04, 1.1272e-05, 2.2229e-05,
         3.2349e-04, 1.6696e-06, 1.5879e-06, 9.9924e-01],
        [2.3102e-04, 1.5302e-02, 9.0308e-01, 7.3577e-03, 1.5043e-02, 5.0697e-02,
         3.1653e-03, 5.7883e-04, 4.0644e-03, 4.8405e-04],
        [6.7573e-01, 4.6184e-04, 4.1667e-04, 7.5313e-02, 2.0283e-01, 1.3651e-02,
         1.3211e-02, 3.5019e-03, 5.0721e-04, 1.4374e-02],
        [7.3340e-03, 1.0966e-02, 1.0253e-03, 2.6585e-04, 1.2836e-05, 1.0667e-03,
         4.7294e-03, 9.5438e-01, 2.0270e-04, 2.0013e-02],
        [1.1257e-07, 1.3216e-06, 4.7739e-09, 1.0571e-05, 9.9995e-01, 1.0707e-05,
         1.9101e-05, 7.3324e-06, 1.4691e-07, 2.9283e-06],
        [1.7204e-04, 2.3821e-04, 3.5810e-07, 6.8262e-06, 1.6821e-05, 9.9755e-06,
         2.2933e-06, 2.6354e-05, 9.9953e-01, 5.8700e-07],
        [2.1149e-04, 1.4314e-05, 2.6627e-04, 2.4214e-02, 3.8637e-04, 6.8078e-05,
         1.1993e-05, 2.7643e-05, 9.2388e-04, 9.7388e-01],
        [1.1441e-02, 1.9705e-02, 7.1556e-03, 2.8361e-03, 2.6459e-02, 3.8599e-04,
         7.3588e-01, 5.2475e-03, 1.1890e-01, 7.1993e-02],
        [1.9255e-03, 7.0484e-03, 8.9959e-01, 3.5287e-03, 1.2160e-03, 4.7998e-02,
         1.4254e-02, 2.3623e-02, 8.1186e-04, 4.5993e-06],
        [4.0936e-03, 3.9466e-01, 8.2550e-02, 2.5359e-02, 1.6477e-02, 5.4981e-03,
         4.3705e-01, 2.4869e-03, 8.1042e-03, 2.3724e-02],
        [6.6604e-05, 5.5352e-04, 2.9729e-04, 4.6903e-06, 2.3910e-02, 1.9418e-02,
         4.2891e-05, 1.3894e-03, 5.6975e-03, 9.4862e-01],
        [4.7540e-01, 1.5223e-04, 1.4042e-03, 2.8983e-02, 1.3302e-03, 5.8947e-05,
         6.3055e-03, 1.3262e-01, 3.4952e-01, 4.2230e-03],
        [2.3260e-01, 8.4905e-03, 4.1467e-03, 6.2300e-02, 3.4342e-02, 8.3131e-03,
         1.2448e-01, 5.1293e-01, 1.1570e-02, 8.2326e-04]], device='cuda:0',
       grad_fn=<SoftmaxBackward>)
>> best accuracy: 85.28333333333333	best epoch: 10

>> final recovery rate: 20.194444444444446%
>> val epoch: 30
>> current accuracy: 19.883333333333333%
outputs: tensor([[5.2024e-04, 1.5223e-03, 2.9325e-04, 1.9220e-03, 4.2479e-02, 4.0431e-05,
         8.4566e-01, 1.0729e-01, 6.9959e-06, 2.5779e-04],
        [5.0320e-01, 3.5266e-03, 1.4691e-02, 5.1010e-02, 1.1903e-01, 2.2925e-04,
         1.0742e-03, 1.3578e-02, 2.9150e-01, 2.1645e-03],
        [7.8068e-05, 5.0311e-04, 8.2654e-08, 1.2013e-03, 9.1154e-06, 4.3892e-06,
         3.2403e-04, 9.9786e-01, 1.6693e-05, 6.3230e-07],
        [1.1580e-01, 1.6525e-03, 2.1968e-03, 4.0436e-02, 1.7211e-04, 3.2561e-01,
         8.5277e-03, 1.5950e-04, 4.0986e-02, 4.6445e-01],
        [7.5658e-06, 1.3799e-01, 9.7540e-02, 5.4288e-03, 6.9277e-01, 1.9418e-02,
         6.4488e-05, 2.1268e-03, 4.1412e-02, 3.2349e-03],
        [2.3691e-06, 9.2066e-07, 5.8186e-07, 9.9994e-01, 1.9564e-06, 2.3790e-08,
         5.1449e-08, 8.3506e-09, 2.9173e-07, 5.6690e-05],
        [1.3294e-04, 3.7831e-07, 6.5063e-06, 4.2796e-05, 9.9377e-01, 5.6549e-04,
         3.7677e-03, 6.1428e-06, 1.7037e-03, 1.4872e-06],
        [1.2424e-03, 2.0920e-05, 1.1496e-03, 9.7688e-01, 4.4357e-03, 2.8749e-05,
         3.7683e-06, 8.0777e-04, 1.4327e-02, 1.1042e-03],
        [1.2536e-02, 1.2944e-05, 1.2400e-05, 3.1525e-04, 3.9771e-05, 9.8621e-01,
         6.5844e-08, 1.3318e-06, 1.0491e-07, 8.7348e-04],
        [7.5684e-09, 9.9999e-01, 4.0615e-09, 4.5695e-07, 2.3372e-06, 9.4087e-07,
         4.4144e-06, 2.4342e-07, 4.7359e-08, 4.5218e-06],
        [1.4349e-04, 8.3020e-05, 2.2564e-08, 2.2706e-03, 7.0390e-04, 1.6249e-02,
         8.6466e-01, 1.1589e-01, 8.4668e-07, 3.6078e-06],
        [2.0492e-02, 6.1677e-05, 1.1798e-02, 7.5104e-01, 1.5430e-04, 1.6058e-01,
         2.9180e-02, 1.1243e-02, 3.3077e-04, 1.5120e-02],
        [5.2922e-05, 1.5866e-02, 3.4122e-03, 2.8927e-04, 9.7917e-01, 3.4332e-05,
         1.1033e-03, 3.1979e-05, 3.0320e-05, 1.2979e-05],
        [7.1620e-05, 7.0449e-05, 4.7811e-06, 3.0503e-07, 2.7584e-06, 1.5104e-05,
         2.3501e-05, 3.4640e-06, 9.9980e-01, 7.2234e-06],
        [8.8168e-08, 3.0564e-06, 9.9380e-01, 3.8436e-08, 7.9162e-06, 3.9144e-05,
         2.8273e-07, 2.8519e-06, 6.1411e-03, 1.9203e-06],
        [1.9084e-05, 2.1561e-04, 6.8226e-01, 3.3456e-04, 7.3746e-04, 1.0895e-07,
         2.3612e-04, 3.1578e-01, 1.8053e-04, 2.4061e-04],
        [2.4830e-01, 1.4452e-02, 1.3462e-02, 3.5616e-03, 1.6077e-02, 3.7485e-01,
         1.8129e-03, 2.8007e-01, 4.2042e-03, 4.3217e-02],
        [2.2127e-05, 8.4488e-02, 1.3435e-01, 2.2054e-02, 3.4903e-02, 9.7036e-02,
         1.7435e-02, 8.3366e-03, 5.8083e-01, 2.0547e-02],
        [1.2227e-02, 7.4223e-05, 1.0223e-05, 1.1219e-07, 1.3282e-05, 9.8750e-01,
         9.6681e-05, 1.8326e-05, 8.2666e-06, 5.1099e-05],
        [9.9105e-03, 1.3397e-03, 2.3023e-05, 9.0898e-05, 4.1644e-06, 1.7012e-07,
         9.7830e-01, 4.9633e-03, 3.8035e-04, 4.9856e-03],
        [1.8146e-03, 3.4006e-01, 6.1183e-01, 5.8326e-06, 1.5203e-02, 4.7854e-03,
         2.0338e-02, 4.7572e-03, 7.0082e-04, 5.0676e-04],
        [7.4155e-01, 1.0153e-05, 2.0666e-01, 2.4539e-04, 4.1712e-05, 2.5413e-03,
         1.3254e-06, 4.8833e-02, 1.5987e-06, 1.0971e-04],
        [3.3003e-05, 1.1806e-02, 1.3785e-03, 3.8660e-04, 1.3296e-03, 9.7374e-01,
         5.5769e-05, 1.0177e-04, 4.9987e-03, 6.1651e-03],
        [3.2486e-06, 9.9973e-01, 4.7965e-05, 3.2247e-05, 3.1453e-07, 3.3917e-08,
         1.5877e-04, 1.6596e-05, 3.2365e-06, 9.1970e-06],
        [7.3411e-04, 4.9514e-07, 6.7727e-09, 1.2604e-06, 4.7443e-05, 8.7463e-06,
         1.0195e-05, 9.9920e-01, 1.4595e-07, 8.8996e-08],
        [9.9865e-01, 1.3628e-06, 7.0085e-04, 4.5847e-04, 9.2991e-05, 9.3578e-07,
         5.0181e-06, 2.9676e-06, 4.3505e-05, 4.7447e-05],
        [1.8878e-05, 7.8038e-03, 1.1634e-03, 5.3051e-04, 6.9220e-04, 5.5830e-04,
         1.7763e-02, 9.6751e-01, 1.2721e-03, 2.6874e-03],
        [9.3479e-05, 1.7142e-02, 2.5030e-04, 3.9621e-04, 2.6719e-02, 7.5112e-05,
         4.7844e-04, 1.0134e-01, 1.2316e-03, 8.5228e-01],
        [7.5017e-05, 9.9694e-01, 1.1262e-04, 2.2127e-05, 1.5519e-03, 6.2509e-05,
         2.9597e-04, 8.9000e-04, 8.7839e-06, 3.7692e-05],
        [3.6252e-03, 2.3696e-03, 4.3812e-05, 1.1403e-03, 4.8948e-04, 5.1849e-03,
         9.8691e-01, 5.3891e-05, 1.5162e-04, 3.5365e-05],
        [4.3017e-04, 2.5552e-04, 1.2220e-03, 2.3667e-02, 2.4043e-03, 5.8584e-06,
         4.1350e-03, 4.1465e-06, 9.6786e-01, 1.2026e-05],
        [4.8712e-05, 5.5397e-04, 2.1106e-05, 1.4404e-04, 1.1359e-03, 9.9225e-01,
         5.9930e-06, 2.4266e-06, 6.6284e-05, 5.7674e-03],
        [1.0786e-04, 3.2574e-04, 1.8850e-01, 1.6570e-05, 9.6183e-03, 5.1759e-04,
         1.5805e-03, 7.7672e-01, 2.1991e-02, 6.2606e-04],
        [2.8457e-03, 3.6825e-04, 9.9445e-01, 4.9047e-05, 6.6631e-05, 1.3980e-03,
         5.8214e-04, 9.5297e-05, 2.1788e-06, 1.4097e-04],
        [1.5259e-05, 9.9251e-01, 1.9033e-04, 4.5292e-04, 5.0787e-07, 2.2454e-04,
         4.0761e-06, 2.3843e-04, 6.3279e-03, 3.4867e-05],
        [2.3958e-06, 6.8471e-04, 3.7439e-02, 1.6717e-04, 1.4770e-05, 1.3801e-05,
         1.1867e-05, 2.1938e-06, 1.0416e-05, 9.6165e-01],
