noise type: uniform
noise level: 0.0
when_to_apply_epoch: 25
total clean data num: 45000
probability transition matrix:
[[1. 0. 0. 0. 0. 0. 0. 0. 0. 0.]
 [0. 1. 0. 0. 0. 0. 0. 0. 0. 0.]
 [0. 0. 1. 0. 0. 0. 0. 0. 0. 0.]
 [0. 0. 0. 1. 0. 0. 0. 0. 0. 0.]
 [0. 0. 0. 0. 1. 0. 0. 0. 0. 0.]
 [0. 0. 0. 0. 0. 1. 0. 0. 0. 0.]
 [0. 0. 0. 0. 0. 0. 1. 0. 0. 0.]
 [0. 0. 0. 0. 0. 0. 0. 1. 0. 0.]
 [0. 0. 0. 0. 0. 0. 0. 0. 1. 0.]
 [0. 0. 0. 0. 0. 0. 0. 0. 0. 1.]]
>> val epoch: 0
>> current accuracy: 57.06%
outputs: tensor([[0.0057, 0.7718, 0.0003, 0.0002, 0.0002, 0.0002, 0.0002, 0.0003, 0.0036,
         0.2176],
        [0.0238, 0.0022, 0.1206, 0.3291, 0.0390, 0.3935, 0.0403, 0.0410, 0.0057,
         0.0048],
        [0.0036, 0.0089, 0.0021, 0.0056, 0.0027, 0.0075, 0.0049, 0.0280, 0.0027,
         0.9340],
        [0.0565, 0.0187, 0.1209, 0.2655, 0.0190, 0.2670, 0.0358, 0.0954, 0.0198,
         0.1014],
        [0.1182, 0.0180, 0.0101, 0.0101, 0.0091, 0.0022, 0.0074, 0.0031, 0.7802,
         0.0417],
        [0.6336, 0.0210, 0.1160, 0.0297, 0.0548, 0.0101, 0.0089, 0.0456, 0.0638,
         0.0166],
        [0.0560, 0.5998, 0.0044, 0.0017, 0.0126, 0.0023, 0.0011, 0.0344, 0.0133,
         0.2744],
        [0.0061, 0.0016, 0.1563, 0.1556, 0.1983, 0.0505, 0.4153, 0.0114, 0.0025,
         0.0024],
        [0.0755, 0.7412, 0.0031, 0.0008, 0.0008, 0.0003, 0.0003, 0.0008, 0.0966,
         0.0806],
        [0.0217, 0.0152, 0.0636, 0.1104, 0.3052, 0.0697, 0.2719, 0.0851, 0.0081,
         0.0491],
        [0.0036, 0.0009, 0.0220, 0.0357, 0.1690, 0.1846, 0.0057, 0.5686, 0.0020,
         0.0079],
        [0.0067, 0.0022, 0.1458, 0.0855, 0.3969, 0.0950, 0.2190, 0.0435, 0.0016,
         0.0037],
        [0.0046, 0.0008, 0.1074, 0.0160, 0.7382, 0.0237, 0.0778, 0.0302, 0.0006,
         0.0007],
        [0.0070, 0.0040, 0.0392, 0.1850, 0.0328, 0.5948, 0.0173, 0.1073, 0.0038,
         0.0088],
        [0.0046, 0.6869, 0.0001, 0.0001, 0.0003, 0.0001, 0.0002, 0.0002, 0.0029,
         0.3047],
        [0.1073, 0.0084, 0.5498, 0.0696, 0.0979, 0.0552, 0.0464, 0.0550, 0.0047,
         0.0058],
        [0.1570, 0.0266, 0.0081, 0.0023, 0.0010, 0.0005, 0.0005, 0.0006, 0.7825,
         0.0210],
        [0.8049, 0.0157, 0.0203, 0.0032, 0.0031, 0.0005, 0.0013, 0.0011, 0.1365,
         0.0133],
        [0.0316, 0.5752, 0.0019, 0.0006, 0.0007, 0.0005, 0.0004, 0.0014, 0.0337,
         0.3538],
        [0.0514, 0.0040, 0.0691, 0.3454, 0.0612, 0.2634, 0.0911, 0.0837, 0.0125,
         0.0182],
        [0.0146, 0.0037, 0.0539, 0.0345, 0.7432, 0.0278, 0.0621, 0.0537, 0.0039,
         0.0027],
        [0.0287, 0.2231, 0.0193, 0.0250, 0.4039, 0.0425, 0.0227, 0.1917, 0.0083,
         0.0350],
        [0.0577, 0.0038, 0.2561, 0.3476, 0.0381, 0.1752, 0.0694, 0.0332, 0.0112,
         0.0076],
        [0.0653, 0.5061, 0.0059, 0.0041, 0.0032, 0.0024, 0.0039, 0.0032, 0.0358,
         0.3702],
        [0.0050, 0.0012, 0.0191, 0.1999, 0.0258, 0.6677, 0.0094, 0.0649, 0.0028,
         0.0042],
        [0.4676, 0.0051, 0.1824, 0.0284, 0.0369, 0.0067, 0.0093, 0.0137, 0.2342,
         0.0157],
        [0.0030, 0.0003, 0.2977, 0.0383, 0.2570, 0.0183, 0.3810, 0.0032, 0.0008,
         0.0005],
        [0.0085, 0.0013, 0.0136, 0.0141, 0.3067, 0.0488, 0.0027, 0.6008, 0.0009,
         0.0025],
        [0.0005, 0.0144, 0.0000, 0.0000, 0.0000, 0.0000, 0.0000, 0.0001, 0.0012,
         0.9836],
        [0.1745, 0.0007, 0.0026, 0.0004, 0.0001, 0.0000, 0.0000, 0.0001, 0.8197,
         0.0018],
        [0.0005, 0.0001, 0.0397, 0.0400, 0.1233, 0.0067, 0.7860, 0.0026, 0.0004,
         0.0007],
        [0.0074, 0.0011, 0.0140, 0.2465, 0.0204, 0.6518, 0.0187, 0.0331, 0.0030,
         0.0040],
        [0.0223, 0.0034, 0.0727, 0.3110, 0.1084, 0.3583, 0.0321, 0.0762, 0.0096,
         0.0060],
        [0.0040, 0.0019, 0.0439, 0.1851, 0.0750, 0.5768, 0.0435, 0.0633, 0.0016,
         0.0050],
        [0.1314, 0.0006, 0.0023, 0.0004, 0.0002, 0.0000, 0.0000, 0.0001, 0.8637,
         0.0013],
        [0.3678, 0.0676, 0.0992, 0.1250, 0.0185, 0.0419, 0.0163, 0.0260, 0.1804,
         0.0573],
        [0.0344, 0.1199, 0.0235, 0.0080, 0.0111, 0.0184, 0.0036, 0.0555, 0.0396,
         0.6861],
        [0.0041, 0.0022, 0.0138, 0.0190, 0.6195, 0.0631, 0.0237, 0.2498, 0.0007,
         0.0041],
        [0.0210, 0.0019, 0.0640, 0.4041, 0.0168, 0.3688, 0.0351, 0.0286, 0.0439,
         0.0159],
        [0.0561, 0.8126, 0.0027, 0.0009, 0.0007, 0.0004, 0.0005, 0.0005, 0.0745,
         0.0512],
        [0.0069, 0.0011, 0.1397, 0.0309, 0.5639, 0.1103, 0.0220, 0.1226, 0.0014,
         0.0012],
        [0.0019, 0.0008, 0.0373, 0.0648, 0.1691, 0.0203, 0.6986, 0.0048, 0.0008,
         0.0015],
        [0.3390, 0.0009, 0.0066, 0.0008, 0.0006, 0.0001, 0.0001, 0.0004, 0.6470,
         0.0044],
        [0.0853, 0.0061, 0.0093, 0.0049, 0.0024, 0.0017, 0.0005, 0.0056, 0.8340,
         0.0502],
        [0.0547, 0.8488, 0.0032, 0.0012, 0.0046, 0.0007, 0.0018, 0.0021, 0.0078,
         0.0751],
        [0.2083, 0.0543, 0.0611, 0.0233, 0.1332, 0.0152, 0.0246, 0.1836, 0.0297,
         0.2667],
        [0.0062, 0.0012, 0.0224, 0.0478, 0.6611, 0.0842, 0.0331, 0.1388, 0.0021,
         0.0031],
        [0.2344, 0.0056, 0.2517, 0.1186, 0.0610, 0.0367, 0.0504, 0.0206, 0.2056,
         0.0155],
        [0.0082, 0.0011, 0.2511, 0.1815, 0.1996, 0.2520, 0.0771, 0.0250, 0.0027,
         0.0017],
        [0.0177, 0.0053, 0.0686, 0.2823, 0.0547, 0.4510, 0.0458, 0.0638, 0.0031,
         0.0076],
        [0.0789, 0.8112, 0.0079, 0.0028, 0.0027, 0.0012, 0.0028, 0.0012, 0.0307,
         0.0605],
        [0.0376, 0.0035, 0.2752, 0.0683, 0.3516, 0.0451, 0.1753, 0.0362, 0.0032,
         0.0040],
        [0.0277, 0.0159, 0.0514, 0.3277, 0.0781, 0.2949, 0.0925, 0.0662, 0.0074,
         0.0383],
        [0.0031, 0.0026, 0.0589, 0.0690, 0.1752, 0.0403, 0.6323, 0.0121, 0.0011,
         0.0054],
        [0.0061, 0.0005, 0.0088, 0.0071, 0.1848, 0.0386, 0.0012, 0.7490, 0.0010,
         0.0031],
        [0.3901, 0.0092, 0.0140, 0.0037, 0.0015, 0.0004, 0.0004, 0.0007, 0.5751,
         0.0050],
        [0.1827, 0.2982, 0.0339, 0.0276, 0.0080, 0.0113, 0.0095, 0.0076, 0.2294,
         0.1919],
        [0.0154, 0.0016, 0.5986, 0.0486, 0.1288, 0.1176, 0.0569, 0.0269, 0.0029,
         0.0026],
        [0.0118, 0.0011, 0.0882, 0.3575, 0.0717, 0.3802, 0.0609, 0.0231, 0.0034,
         0.0022],
        [0.0433, 0.0074, 0.1445, 0.1477, 0.2703, 0.1718, 0.0451, 0.1547, 0.0083,
         0.0068],
        [0.0679, 0.0076, 0.0703, 0.3921, 0.0201, 0.2567, 0.0978, 0.0483, 0.0153,
         0.0240],
        [0.5801, 0.0058, 0.1954, 0.0332, 0.0205, 0.0074, 0.0187, 0.0078, 0.1166,
         0.0144],
        [0.5777, 0.0823, 0.2516, 0.0107, 0.0205, 0.0039, 0.0078, 0.0090, 0.0266,
         0.0099],
        [0.0034, 0.0016, 0.0391, 0.2417, 0.0687, 0.1141, 0.5065, 0.0175, 0.0010,
         0.0065],
        [0.0039, 0.0006, 0.1274, 0.0245, 0.6249, 0.1222, 0.0182, 0.0768, 0.0010,
         0.0005],
        [0.1780, 0.0991, 0.0956, 0.1656, 0.0370, 0.0855, 0.0256, 0.0706, 0.1490,
         0.0940],
        [0.0355, 0.0162, 0.0425, 0.2207, 0.0507, 0.3461, 0.0892, 0.0589, 0.0178,
         0.1225],
        [0.0202, 0.0296, 0.0140, 0.1247, 0.0702, 0.3525, 0.0661, 0.1497, 0.0071,
         0.1657],
        [0.3404, 0.0151, 0.0254, 0.0140, 0.0041, 0.0039, 0.0049, 0.0031, 0.4718,
         0.1174],
        [0.1038, 0.0122, 0.4170, 0.1699, 0.0668, 0.1057, 0.0644, 0.0382, 0.0126,
         0.0094],
        [0.0054, 0.0021, 0.0787, 0.2783, 0.1185, 0.2997, 0.1502, 0.0610, 0.0014,
         0.0047],
        [0.0048, 0.0018, 0.0504, 0.1549, 0.1374, 0.1327, 0.4830, 0.0280, 0.0009,
         0.0062]], device='cuda:0', grad_fn=<SoftmaxBackward>)
>> best accuracy: 57.06	best epoch: 0

>> final recovery rate: 100.0%
>> val epoch: 5
>> current accuracy: 78.42%
outputs: tensor([[4.1558e-03, 1.4091e-04, 6.8158e-03, 5.4868e-02, 3.6304e-02, 3.0706e-02,
         1.5180e-03, 8.6454e-01, 7.0501e-05, 8.8356e-04],
        [8.6208e-03, 6.3191e-06, 9.8079e-01, 3.1574e-03, 2.1712e-03, 1.1570e-03,
         2.7659e-03, 7.4169e-04, 5.4166e-04, 4.4337e-05],
        [5.3939e-02, 1.7378e-02, 2.4993e-04, 1.8590e-03, 5.5221e-05, 7.4280e-05,
         7.2314e-05, 1.1577e-03, 2.6627e-03, 9.2255e-01],
        [1.4948e-02, 4.7672e-03, 4.8373e-02, 5.4640e-01, 7.6430e-03, 2.8079e-02,
         1.3061e-01, 3.1760e-02, 9.2791e-02, 9.4628e-02],
        [2.7208e-03, 4.0232e-04, 3.4946e-04, 7.9303e-04, 1.1874e-04, 1.0619e-04,
         1.1290e-04, 1.6220e-04, 9.9230e-01, 2.9354e-03],
        [5.4416e-01, 5.1096e-04, 3.6993e-01, 2.4417e-02, 1.5865e-02, 9.6923e-03,
         1.1315e-02, 7.2455e-03, 1.4296e-02, 2.5735e-03],
        [1.1986e-04, 7.9099e-05, 4.5203e-03, 3.1103e-03, 1.3463e-02, 2.5409e-03,
         9.7478e-01, 8.3261e-04, 1.9089e-05, 5.3718e-04],
        [1.6600e-03, 1.3380e-04, 2.8878e-03, 3.1533e-02, 1.1894e-01, 7.5468e-01,
         2.3067e-03, 8.7428e-02, 8.0069e-05, 3.5334e-04],
        [7.1534e-02, 5.1282e-01, 7.7936e-03, 1.7854e-02, 5.9108e-04, 3.8157e-03,
         5.6978e-04, 1.7599e-03, 4.1403e-02, 3.4186e-01],
        [1.0095e-03, 4.5625e-05, 1.1586e-02, 2.0513e-01, 1.0319e-03, 7.7435e-01,
         5.4290e-04, 6.1048e-03, 8.9073e-05, 1.0165e-04],
        [5.8681e-03, 5.6085e-04, 5.8865e-04, 2.6977e-04, 1.5532e-04, 1.1264e-04,
         6.6060e-04, 2.7494e-04, 9.9045e-01, 1.0596e-03],
        [9.4732e-05, 1.5394e-04, 5.4041e-03, 1.5891e-02, 1.5970e-03, 4.3357e-03,
         9.7185e-01, 4.4354e-04, 1.1658e-04, 1.1570e-04],
        [3.3752e-05, 4.4751e-04, 1.0027e-03, 4.2387e-04, 8.4837e-05, 1.6564e-04,
         9.9756e-01, 1.1936e-05, 6.5616e-05, 2.0639e-04],
        [1.2370e-03, 1.2120e-01, 2.7028e-05, 4.6049e-05, 8.2079e-06, 1.0582e-05,
         2.5179e-05, 8.4699e-05, 7.4685e-04, 8.7662e-01],
        [1.1122e-04, 7.2648e-05, 8.6941e-04, 9.2478e-01, 8.7978e-04, 6.1064e-02,
         1.1913e-02, 2.0595e-04, 2.7439e-05, 7.8275e-05],
        [1.1184e-02, 2.9639e-04, 2.5706e-05, 5.8184e-05, 4.7347e-06, 3.8206e-06,
         6.8358e-06, 4.2122e-05, 9.8643e-01, 1.9519e-03],
        [2.0299e-03, 1.1191e-05, 7.9333e-01, 5.4153e-03, 1.3189e-01, 6.5521e-03,
         5.9886e-02, 7.2739e-04, 1.2987e-04, 3.0131e-05],
        [4.3242e-01, 2.0084e-02, 3.7728e-02, 1.4520e-02, 1.1296e-02, 6.5786e-03,
         3.5772e-02, 1.4020e-02, 1.3613e-01, 2.9145e-01],
        [5.6166e-04, 8.5694e-05, 5.3658e-03, 7.4494e-02, 3.0855e-02, 2.8021e-01,
         4.8984e-03, 6.0335e-01, 3.5264e-05, 1.4280e-04],
        [8.3115e-02, 3.9273e-04, 3.1216e-01, 3.7276e-01, 1.0108e-01, 8.6797e-02,
         1.5127e-02, 2.6671e-02, 1.0045e-03, 8.9966e-04],
        [6.3485e-03, 3.6023e-04, 2.3472e-05, 1.2082e-05, 9.2615e-07, 7.0165e-07,
         4.3571e-06, 1.4292e-06, 9.9319e-01, 6.2315e-05],
        [8.0116e-04, 5.2409e-02, 5.4036e-04, 6.1216e-04, 7.3760e-05, 2.2341e-04,
         1.5646e-03, 9.9114e-05, 9.4357e-04, 9.4273e-01],
        [1.6809e-01, 1.9814e-03, 2.6459e-02, 1.8101e-02, 2.1214e-01, 1.3807e-02,
         4.0022e-02, 4.6673e-01, 1.5826e-03, 5.1087e-02],
        [9.9123e-01, 2.0673e-05, 6.7423e-03, 7.6261e-05, 7.5251e-04, 2.1267e-05,
         8.1757e-05, 4.1061e-05, 8.4573e-04, 1.8989e-04],
        [2.2486e-03, 9.8415e-01, 1.5322e-05, 1.1706e-05, 2.3977e-06, 3.1971e-06,
         8.1471e-06, 8.7898e-05, 1.8936e-04, 1.3287e-02],
        [1.3378e-04, 9.9907e-01, 7.7609e-08, 5.8996e-08, 8.4691e-09, 1.1975e-08,
         4.9011e-08, 6.9216e-08, 2.9354e-04, 4.9914e-04],
        [2.6350e-02, 5.2785e-04, 6.1191e-03, 1.0134e-02, 1.4605e-03, 1.5067e-03,
         6.1846e-04, 1.7338e-03, 9.4550e-01, 6.0517e-03],
        [6.2393e-03, 5.0032e-04, 3.9273e-02, 7.2357e-01, 2.2101e-03, 1.5958e-01,
         1.9246e-03, 6.5404e-02, 1.7422e-04, 1.1308e-03],
        [2.5451e-02, 1.5127e-03, 3.5476e-02, 6.1700e-01, 5.9968e-03, 1.6586e-01,
         1.3930e-01, 2.7788e-03, 2.5468e-03, 4.0860e-03],
        [6.0945e-05, 4.8945e-05, 6.7989e-02, 7.0433e-03, 2.0478e-03, 9.1992e-01,
         1.2078e-03, 1.5891e-03, 3.2360e-05, 5.7666e-05],
        [1.2423e-04, 5.4017e-06, 9.5837e-01, 8.3048e-03, 3.1780e-03, 2.6832e-02,
         1.1760e-03, 1.9172e-03, 8.1389e-05, 1.4607e-05],
        [9.4927e-04, 6.7478e-04, 2.7236e-02, 5.7679e-01, 3.0574e-02, 1.8151e-01,
         1.6906e-01, 1.2330e-02, 4.3398e-04, 4.4065e-04],
        [2.3111e-03, 6.0639e-04, 9.5749e-01, 2.0605e-03, 1.0038e-02, 7.4945e-03,
         8.6228e-04, 1.8392e-02, 4.8789e-04, 2.6201e-04],
        [4.5272e-04, 4.2716e-04, 3.6966e-02, 1.0604e-01, 8.0747e-03, 2.4791e-02,
         8.2136e-01, 1.0910e-03, 6.4694e-04, 1.5248e-04],
        [4.9695e-05, 1.5895e-05, 2.7656e-04, 9.8334e-01, 8.7951e-04, 6.4356e-03,
         8.6869e-03, 2.1873e-04, 4.6053e-05, 4.7614e-05],
        [3.2878e-04, 2.3865e-04, 1.0976e-02, 2.4566e-02, 4.2685e-03, 1.0884e-02,
         9.4778e-01, 5.6301e-04, 1.3068e-04, 2.6546e-04],
        [4.9621e-02, 2.8764e-04, 4.5252e-05, 4.8867e-05, 4.1310e-06, 2.7160e-06,
         9.4229e-06, 1.3161e-05, 9.4888e-01, 1.0883e-03],
        [8.2665e-07, 3.6205e-08, 1.3349e-04, 1.4072e-05, 9.9898e-01, 2.1904e-04,
         5.7342e-06, 6.5027e-04, 5.7345e-08, 5.2602e-08],
        [7.9044e-02, 4.7161e-04, 2.5439e-03, 2.6178e-03, 1.3562e-03, 2.0160e-04,
         2.1736e-04, 6.0363e-04, 9.0688e-01, 6.0603e-03],
        [1.1790e-02, 3.9130e-03, 7.2766e-01, 1.7676e-02, 2.4540e-02, 1.7643e-02,
         1.3782e-01, 2.2804e-02, 9.1558e-03, 2.7002e-02],
        [1.4354e-06, 9.9989e-01, 3.7259e-09, 6.4751e-09, 9.8979e-11, 1.5963e-09,
         7.1374e-09, 1.0331e-09, 1.7570e-05, 9.0447e-05],
        [9.6668e-04, 1.7737e-02, 2.6901e-04, 9.8828e-04, 6.8996e-05, 1.9027e-04,
         2.1980e-04, 2.4067e-04, 3.7785e-03, 9.7554e-01],
        [1.3343e-03, 2.9947e-05, 7.2657e-04, 1.4273e-03, 4.1031e-03, 2.8488e-03,
         2.3445e-04, 9.8919e-01, 8.9060e-06, 9.2815e-05],
        [1.0494e-04, 2.4854e-04, 8.8760e-03, 8.2347e-03, 7.2094e-03, 7.1156e-03,
         9.6741e-01, 2.8312e-04, 6.3107e-05, 4.5247e-04],
        [2.3728e-04, 3.2866e-05, 7.8666e-04, 6.0990e-01, 2.6193e-04, 3.8708e-01,
         9.0311e-04, 7.5397e-04, 1.3656e-05, 3.4484e-05],
        [1.0830e-03, 4.5358e-05, 5.5866e-05, 1.2566e-04, 2.4300e-05, 1.9377e-05,
         1.5127e-05, 6.8950e-05, 9.9809e-01, 4.7441e-04],
        [8.3731e-04, 2.3985e-05, 7.2349e-03, 1.9346e-03, 8.6828e-01, 8.1278e-03,
         1.2855e-03, 1.1219e-01, 3.8543e-05, 5.0698e-05],
        [5.8748e-01, 7.8579e-03, 2.7768e-02, 2.5647e-02, 9.6755e-03, 1.7486e-02,
         3.0197e-02, 1.5224e-01, 1.4339e-02, 1.2731e-01],
        [2.3118e-06, 2.7712e-05, 1.2188e-04, 4.3472e-03, 7.2832e-05, 9.9472e-01,
         5.7058e-04, 1.2258e-04, 3.2165e-06, 1.2362e-05],
        [1.1627e-01, 1.6865e-01, 4.0262e-03, 1.1681e-03, 1.7318e-04, 2.7808e-04,
         6.0175e-04, 3.1734e-04, 6.8720e-01, 2.1311e-02],
        [5.6365e-02, 6.6579e-03, 1.9697e-02, 9.5844e-02, 7.6563e-03, 2.3431e-02,
         3.3318e-02, 1.2814e-01, 6.1396e-01, 1.4933e-02],
        [1.0831e-04, 3.9448e-06, 9.7179e-01, 2.0203e-03, 3.8152e-03, 1.0791e-02,
         1.1184e-02, 2.0876e-04, 7.7367e-05, 4.0770e-06],
        [3.3594e-02, 1.1167e-04, 8.5778e-03, 4.4331e-03, 7.2045e-01, 7.4273e-03,
         3.5349e-03, 2.1701e-01, 1.0039e-03, 3.8610e-03],
        [1.6570e-02, 1.4988e-03, 5.1070e-05, 4.7493e-05, 7.7944e-06, 4.5344e-06,
         8.1812e-06, 2.0673e-05, 9.7981e-01, 1.9833e-03],
        [2.6383e-05, 6.6507e-07, 8.3872e-05, 5.5815e-05, 5.5617e-03, 6.3202e-04,
         1.7868e-05, 9.9362e-01, 3.2617e-07, 2.8264e-06],
        [1.6109e-02, 2.1303e-03, 2.0092e-02, 4.9306e-01, 1.0546e-01, 2.1104e-01,
         1.4091e-01, 7.6492e-03, 1.3982e-03, 2.1455e-03],
        [9.9271e-01, 1.4720e-04, 5.4085e-04, 4.8263e-05, 2.9841e-05, 2.5728e-06,
         1.0716e-05, 4.3794e-05, 4.9320e-03, 1.5392e-03],
        [1.3162e-02, 1.2024e-03, 4.8404e-04, 3.9294e-04, 2.5800e-04, 5.6202e-05,
         2.5827e-04, 6.3810e-05, 9.8273e-01, 1.3875e-03],
        [6.6365e-03, 5.3695e-05, 3.3252e-01, 7.4889e-03, 5.2918e-03, 2.8305e-03,
         6.4308e-01, 2.4553e-04, 1.7230e-03, 1.2641e-04],
        [7.2216e-05, 7.3661e-06, 1.0594e-04, 4.8909e-01, 1.2402e-04, 5.0987e-01,
         1.1781e-04, 6.0041e-04, 3.9788e-06, 6.2242e-06],
        [5.3798e-04, 1.0084e-02, 2.5843e-05, 4.1669e-05, 4.1231e-06, 7.2845e-06,
         7.1517e-06, 5.0732e-05, 2.0660e-03, 9.8718e-01],
        [1.5130e-03, 1.5692e-04, 4.3172e-03, 3.9787e-02, 3.0057e-03, 4.5889e-02,
         1.3286e-02, 8.9064e-01, 5.6126e-05, 1.3463e-03],
        [4.9657e-04, 8.4915e-05, 6.5504e-03, 2.4313e-03, 9.6822e-01, 1.7206e-03,
         1.9902e-02, 4.7790e-04, 3.5479e-05, 8.1534e-05],
        [1.2125e-04, 1.9846e-06, 2.2331e-03, 1.6688e-04, 9.9203e-01, 8.6929e-04,
         3.5065e-04, 4.2211e-03, 5.4346e-06, 2.8323e-06],
        [3.5517e-03, 1.5292e-04, 8.7575e-01, 6.4886e-03, 3.6762e-03, 5.9435e-03,
         1.0037e-01, 2.6882e-03, 6.4049e-04, 7.4182e-04],
        [8.1450e-03, 5.7284e-04, 1.9417e-01, 4.1910e-01, 8.1719e-02, 1.5631e-01,
         4.1084e-02, 9.8020e-02, 2.9465e-04, 5.7774e-04],
        [4.8153e-05, 7.3662e-03, 5.5068e-06, 1.4781e-05, 2.5982e-07, 2.5744e-06,
         1.1206e-06, 2.4583e-06, 5.7200e-05, 9.9250e-01],
        [8.5554e-06, 7.5796e-07, 4.6549e-04, 2.8217e-04, 9.7720e-01, 7.8823e-03,
         9.2955e-05, 1.4063e-02, 6.8708e-07, 9.9458e-07],
        [5.2926e-04, 7.9406e-03, 7.6024e-05, 2.1785e-04, 9.6878e-05, 5.9772e-05,
         7.0184e-06, 3.2227e-04, 1.3552e-04, 9.9061e-01],
        [4.7121e-05, 8.4332e-05, 2.1641e-03, 1.4306e-03, 1.0988e-04, 1.3452e-04,
         9.9579e-01, 2.5973e-05, 1.6687e-04, 4.2564e-05],
        [7.0906e-04, 3.8998e-05, 3.7548e-03, 8.9910e-02, 2.3601e-03, 8.9005e-01,
         2.3400e-04, 1.2870e-02, 1.7158e-05, 6.0033e-05],
        [2.8089e-03, 2.8625e-05, 1.2229e-02, 1.5728e-02, 9.4687e-01, 1.5288e-02,
         4.6368e-03, 2.2794e-03, 9.5448e-05, 3.7706e-05]],
       device='cuda:0', grad_fn=<SoftmaxBackward>)
>> best accuracy: 78.42	best epoch: 5

>> final recovery rate: 100.0%
>> val epoch: 10
>> current accuracy: 85.06%
outputs: tensor([[5.9296e-06, 2.4694e-06, 1.1551e-01, 1.6757e-04, 7.1601e-04, 2.2083e-04,
         8.8329e-01, 6.8756e-05, 1.4132e-05, 8.5891e-06],
        [2.9747e-04, 1.1918e-06, 9.9267e-04, 1.5848e-04, 9.9782e-01, 1.9800e-04,
         3.0612e-06, 5.1630e-04, 6.2526e-06, 4.9470e-06],
        [1.4065e-01, 4.2605e-04, 1.6377e-01, 5.3248e-01, 2.6631e-02, 5.0359e-02,
         2.8045e-03, 1.5306e-02, 6.4250e-02, 3.3178e-03],
        [1.1665e-03, 1.0569e-05, 9.9111e-01, 7.7167e-04, 3.0303e-03, 1.0865e-03,
         1.6175e-04, 2.5414e-03, 4.2590e-05, 7.9248e-05],
        [5.5636e-04, 9.0747e-07, 9.9827e-01, 1.9998e-05, 7.2768e-05, 1.3841e-05,
         7.8503e-05, 1.4131e-05, 9.4564e-04, 2.5236e-05],
        [2.8071e-02, 1.0454e-03, 3.5249e-03, 2.5591e-03, 1.7653e-03, 2.6129e-03,
         4.1689e-03, 4.0644e-03, 2.6905e-02, 9.2528e-01],
        [1.9007e-03, 3.7623e-05, 1.4476e-02, 1.2771e-01, 5.0597e-01, 9.7681e-02,
         2.0130e-03, 2.2552e-01, 2.1312e-02, 3.3827e-03],
        [4.0641e-07, 1.2094e-06, 2.0624e-04, 2.7149e-04, 2.1673e-03, 3.3493e-05,
         9.9730e-01, 1.3467e-05, 2.1129e-06, 4.7000e-06],
        [1.1890e-02, 6.8844e-04, 1.2955e-04, 4.5843e-02, 3.3583e-04, 1.0308e-02,
         2.2893e-04, 8.5513e-01, 1.0222e-04, 7.5341e-02],
        [1.2310e-04, 2.4001e-05, 1.2531e-02, 2.1523e-03, 4.8125e-03, 2.4826e-03,
         5.7018e-05, 9.7750e-01, 3.0479e-05, 2.8230e-04],
        [2.1214e-04, 1.2205e-05, 6.0175e-07, 1.4722e-05, 1.6058e-06, 6.5419e-07,
         1.0894e-06, 3.2518e-06, 9.9953e-01, 2.2230e-04],
        [1.3761e-04, 8.0794e-06, 9.9904e-01, 2.5241e-04, 3.4974e-05, 7.8990e-05,
         1.5426e-04, 6.3902e-05, 7.3254e-05, 1.5252e-04],
        [9.9959e-01, 7.2858e-06, 1.3096e-04, 2.2112e-06, 6.6750e-06, 4.8004e-07,
         6.1387e-07, 4.2151e-07, 2.4331e-04, 1.5130e-05],
        [3.5196e-01, 1.8080e-04, 4.8870e-02, 8.3445e-03, 5.7215e-01, 2.2542e-03,
         3.6134e-04, 2.4235e-03, 1.2923e-02, 5.2934e-04],
        [2.0631e-04, 2.7910e-05, 6.6127e-04, 5.7244e-01, 2.1775e-04, 3.7664e-01,
         1.3606e-03, 4.8087e-02, 5.9189e-05, 3.0819e-04],
        [2.0269e-01, 1.5585e-02, 5.1860e-04, 5.7978e-03, 5.4548e-05, 3.6094e-04,
         2.7698e-04, 2.9227e-04, 6.5278e-03, 7.6790e-01],
        [4.7329e-05, 9.9608e-01, 2.9387e-06, 8.4463e-06, 3.3398e-07, 1.1655e-06,
         2.0294e-07, 5.8522e-07, 7.4700e-05, 3.7843e-03],
        [9.9543e-01, 2.2006e-06, 4.2907e-03, 7.0930e-06, 1.7861e-04, 2.9461e-06,
         3.1146e-06, 8.1565e-07, 8.0787e-05, 4.3292e-06],
        [1.0223e-03, 1.3062e-01, 5.2458e-05, 7.2509e-04, 3.1820e-04, 1.3691e-04,
         2.6198e-05, 9.4787e-05, 4.2825e-04, 8.6657e-01],
        [4.7207e-04, 8.9315e-05, 3.1807e-07, 4.3016e-06, 8.8765e-08, 2.8104e-07,
         5.5364e-08, 5.5803e-07, 1.5590e-04, 9.9928e-01],
        [7.2084e-03, 7.4973e-04, 9.7873e-01, 2.4129e-04, 1.4881e-04, 3.2584e-04,
         3.6398e-03, 3.8293e-04, 7.8008e-03, 7.7193e-04],
        [1.4031e-03, 1.7431e-04, 2.1524e-03, 9.1257e-01, 1.2342e-03, 4.5330e-02,
         1.2209e-02, 1.9426e-02, 9.4938e-04, 4.5534e-03],
        [8.3100e-05, 1.0840e-05, 6.7972e-04, 9.6934e-01, 1.6351e-03, 8.4178e-03,
         1.5534e-02, 7.8728e-04, 3.4410e-03, 6.7491e-05],
        [8.5518e-04, 4.1473e-04, 1.5127e-03, 3.0169e-02, 4.9101e-04, 1.9197e-03,
         1.1164e-03, 6.0154e-02, 8.9749e-01, 5.8735e-03],
        [3.0337e-04, 6.7795e-04, 3.2205e-02, 1.0757e-01, 3.9000e-03, 8.2306e-01,
         2.6947e-02, 3.9590e-03, 1.5297e-04, 1.2251e-03],
        [3.7645e-07, 3.7387e-09, 2.4285e-06, 1.1837e-05, 9.9998e-01, 5.6383e-06,
         6.9882e-07, 2.6326e-07, 8.7726e-09, 2.6764e-08],
        [7.5863e-04, 1.0076e-04, 1.4677e-03, 7.9787e-01, 3.1871e-03, 1.8625e-01,
         7.4446e-03, 2.3386e-03, 2.4057e-05, 5.6537e-04],
        [4.1717e-02, 6.3808e-05, 6.1248e-02, 1.3244e-01, 5.6372e-01, 8.6180e-02,
         1.0813e-01, 5.2327e-03, 7.1240e-04, 5.5058e-04],
        [1.6689e-01, 6.8485e-04, 1.6456e-03, 3.4879e-01, 3.7878e-03, 4.1102e-01,
         2.4584e-03, 5.8563e-02, 4.6778e-03, 1.4866e-03],
        [9.9882e-01, 3.7924e-06, 2.1632e-04, 2.4250e-04, 5.7755e-05, 2.0305e-05,
         2.5518e-06, 3.5198e-05, 2.6454e-04, 3.3360e-04],
        [3.9349e-04, 2.5033e-06, 5.3953e-04, 1.2859e-02, 9.6523e-01, 1.8069e-02,
         2.2652e-04, 2.6298e-03, 1.0049e-05, 4.0729e-05],
        [5.0106e-04, 2.0574e-05, 9.9823e-01, 3.0981e-04, 2.9280e-04, 2.0438e-04,
         2.5097e-04, 1.6750e-05, 1.6500e-04, 4.9826e-06],
        [5.4819e-02, 1.7693e-03, 5.8409e-02, 2.0575e-01, 3.1784e-01, 2.1834e-01,
         4.2804e-03, 7.8078e-02, 1.1357e-02, 4.9352e-02],
        [7.6453e-01, 4.2033e-02, 3.3187e-04, 8.1877e-05, 3.5024e-05, 1.8069e-05,
         5.7249e-04, 5.4069e-05, 7.3613e-02, 1.1873e-01],
        [3.3591e-02, 1.3804e-03, 9.3171e-03, 8.4289e-01, 1.1244e-02, 5.1770e-02,
         7.8001e-04, 3.7683e-02, 3.5618e-03, 7.7791e-03],
        [1.3583e-04, 4.2312e-06, 2.9069e-01, 4.3065e-02, 1.9468e-03, 1.4742e-03,
         6.6260e-01, 5.3011e-05, 1.2850e-05, 1.5511e-05],
        [1.9543e-06, 9.9982e-01, 1.1944e-08, 2.7514e-08, 6.3903e-10, 9.0640e-09,
         1.9208e-09, 4.7766e-10, 4.3204e-06, 1.6922e-04],
        [1.2243e-02, 3.3343e-04, 9.2751e-02, 5.4039e-01, 1.4364e-03, 4.8818e-02,
         2.7361e-01, 3.1188e-03, 2.4947e-02, 2.3459e-03],
        [1.2359e-05, 4.3261e-06, 9.5356e-04, 9.7242e-03, 1.4131e-03, 9.6571e-01,
         1.2328e-02, 9.8066e-03, 2.6507e-05, 1.9575e-05],
        [3.0406e-05, 9.9817e-01, 5.4636e-08, 2.1562e-07, 2.2397e-09, 9.2019e-08,
         6.0232e-09, 3.1302e-09, 1.7659e-05, 1.7767e-03],
        [8.0221e-05, 6.8836e-07, 2.8731e-03, 6.8163e-02, 9.2596e-01, 1.8607e-03,
         9.6252e-04, 6.7917e-05, 1.7083e-05, 1.0879e-05],
        [2.3557e-04, 7.5865e-07, 1.5471e-05, 7.6128e-05, 1.8044e-03, 6.1276e-04,
         2.0712e-06, 9.9724e-01, 1.4261e-06, 1.1399e-05],
        [4.4551e-03, 1.8207e-05, 3.3876e-03, 6.8728e-01, 9.6286e-03, 2.9255e-01,
         1.6699e-03, 9.0438e-04, 2.6401e-05, 8.2073e-05],
        [4.3939e-03, 3.8820e-04, 3.1187e-01, 1.5422e-02, 1.4276e-02, 6.0097e-04,
         6.5098e-01, 4.8978e-04, 5.9050e-04, 9.9351e-04],
        [4.8070e-04, 3.0843e-06, 9.6076e-01, 1.0575e-02, 2.4925e-02, 2.2799e-03,
         7.3517e-04, 2.0582e-04, 1.9198e-05, 1.4468e-05],
        [9.6261e-06, 7.6322e-08, 9.9941e-01, 1.2223e-05, 4.2689e-04, 5.2445e-05,
         1.1211e-05, 7.4846e-05, 1.5973e-06, 3.1458e-06],
        [1.2821e-04, 1.3384e-07, 7.8886e-07, 1.0999e-07, 3.9671e-07, 4.9249e-08,
         7.7214e-08, 3.4375e-08, 9.9987e-01, 2.8375e-07],
        [1.6458e-05, 3.8412e-06, 1.6693e-02, 1.4904e-02, 1.8964e-03, 1.9095e-03,
         9.6412e-01, 4.3238e-04, 8.9681e-06, 1.5075e-05],
        [2.0537e-02, 1.4405e-03, 3.0909e-02, 2.9082e-02, 1.4877e-01, 3.1659e-02,
         4.7254e-01, 1.1363e-02, 4.4883e-04, 2.5325e-01],
        [3.0540e-04, 9.9916e-01, 1.2474e-06, 7.8784e-06, 1.9489e-08, 8.6735e-07,
         1.0631e-06, 3.2246e-08, 4.2227e-05, 4.8558e-04],
        [3.8020e-08, 5.1356e-09, 2.2843e-06, 4.0336e-05, 1.2979e-06, 9.9995e-01,
         3.3431e-07, 1.2100e-06, 1.2240e-07, 2.4125e-08],
        [5.6372e-06, 9.9670e-01, 3.2183e-08, 4.8810e-08, 1.1235e-09, 2.1559e-08,
         8.8859e-09, 1.2098e-09, 2.2276e-05, 3.2736e-03],
        [2.9342e-03, 1.9270e-05, 8.9855e-04, 8.2542e-01, 5.2149e-03, 1.6162e-01,
         2.5512e-03, 1.0491e-03, 1.2966e-04, 1.6795e-04],
        [3.0477e-01, 8.6973e-05, 1.5894e-03, 1.4439e-03, 9.6648e-03, 3.6377e-03,
         2.0187e-04, 6.7240e-01, 1.3472e-04, 6.0768e-03],
        [1.1314e-04, 4.9767e-01, 1.3497e-06, 1.9982e-05, 2.0250e-08, 3.4189e-06,
         1.0565e-06, 1.0511e-07, 9.3850e-06, 5.0218e-01],
        [1.9611e-03, 4.7277e-06, 1.6932e-03, 5.2056e-03, 3.0863e-02, 1.6136e-01,
         9.2299e-05, 7.9864e-01, 3.2466e-05, 1.4535e-04],
        [1.6047e-02, 6.5942e-04, 3.7097e-04, 2.9847e-04, 1.0132e-04, 4.8624e-05,
         1.2109e-04, 4.4879e-05, 9.8206e-01, 2.5311e-04],
        [6.4367e-07, 9.9989e-01, 8.8958e-09, 1.8248e-08, 4.7188e-10, 4.7461e-09,
         1.0299e-09, 3.2123e-10, 2.5653e-06, 1.0320e-04],
        [8.7986e-04, 9.1238e-01, 5.5287e-05, 5.6940e-04, 2.9085e-06, 1.6882e-04,
         8.9734e-05, 5.9599e-05, 6.7209e-02, 1.8582e-02],
        [2.2411e-05, 1.1175e-05, 1.2210e-04, 6.6316e-04, 6.4247e-03, 3.6175e-03,
         2.1306e-05, 9.8886e-01, 5.7295e-06, 2.5016e-04],
        [1.1033e-04, 4.6964e-06, 6.7284e-05, 2.0680e-03, 5.6814e-04, 3.6106e-03,
         1.0528e-05, 9.9344e-01, 1.4141e-05, 1.0343e-04],
        [5.8970e-05, 3.1210e-06, 3.7209e-05, 1.4644e-04, 5.4391e-03, 9.9546e-04,
         1.2514e-04, 9.9296e-01, 2.6132e-06, 2.2829e-04],
        [1.7925e-02, 1.1666e-03, 6.5073e-01, 9.2048e-02, 4.0984e-03, 2.1106e-02,
         1.7727e-01, 2.4520e-02, 7.4126e-03, 3.7179e-03],
        [1.6716e-04, 2.1492e-05, 1.5101e-03, 3.0840e-02, 7.3172e-04, 9.4188e-01,
         3.8059e-04, 2.3906e-02, 2.3948e-05, 5.4000e-04],
        [2.8694e-05, 1.5056e-06, 7.5293e-05, 9.7922e-01, 1.2613e-04, 1.9857e-02,
         1.4091e-04, 5.2108e-04, 1.7521e-06, 2.6665e-05],
        [4.8722e-05, 9.9938e-01, 1.8311e-06, 1.1514e-06, 7.6481e-08, 6.9127e-07,
         5.2870e-05, 1.9116e-08, 1.1189e-04, 4.0445e-04],
        [6.5539e-05, 1.8603e-06, 3.3470e-03, 2.2574e-02, 4.7993e-04, 9.7088e-01,
         2.0061e-03, 4.2040e-04, 2.0839e-04, 1.5856e-05],
        [7.7534e-03, 1.3265e-05, 9.8159e-05, 1.6478e-05, 3.3807e-04, 2.9396e-06,
         7.8422e-06, 1.0475e-05, 9.9170e-01, 6.2772e-05],
        [6.7383e-06, 2.4267e-06, 4.4245e-04, 6.1543e-04, 7.2324e-06, 7.5236e-05,
         9.9879e-01, 5.5799e-06, 5.0765e-05, 5.2527e-06],
        [1.7677e-05, 9.9951e-01, 1.2637e-08, 1.1832e-08, 4.6922e-10, 4.0436e-09,
         4.3065e-09, 7.1565e-10, 1.5397e-05, 4.5956e-04],
        [3.7274e-04, 1.6564e-04, 8.2431e-07, 4.1079e-06, 8.8611e-07, 4.5649e-07,
         3.5365e-06, 1.3300e-06, 1.3516e-02, 9.8593e-01],
        [1.1315e-03, 3.1579e-05, 5.8102e-01, 7.0310e-02, 9.2640e-02, 4.8957e-02,
         9.0372e-02, 1.1341e-01, 1.5035e-03, 6.2167e-04]],
       device='cuda:0', grad_fn=<SoftmaxBackward>)
>> best accuracy: 85.06	best epoch: 10

>> final recovery rate: 100.0%
>> val epoch: 15
>> current accuracy: 81.2%
outputs: tensor([[9.7509e-07, 3.3995e-07, 1.1149e-03, 1.8300e-03, 5.7152e-05, 3.0922e-05,
         9.9696e-01, 1.9934e-06, 1.3361e-06, 7.1903e-07],
        [9.5210e-06, 6.2772e-04, 1.3304e-07, 1.4449e-07, 3.6065e-10, 2.0867e-08,
         2.4444e-08, 1.5072e-08, 2.1769e-06, 9.9936e-01],
        [7.7388e-07, 6.6840e-11, 9.9996e-01, 2.2989e-05, 6.0718e-06, 3.2810e-06,
         5.6034e-06, 3.2624e-07, 2.0548e-07, 9.3369e-09],
        [5.7811e-05, 4.6632e-06, 9.9775e-01, 6.5355e-04, 1.5264e-04, 3.6014e-05,
         1.1381e-03, 1.3075e-04, 2.5460e-05, 5.3393e-05],
        [4.2715e-06, 9.9996e-01, 1.3453e-08, 6.6551e-09, 1.0356e-09, 4.1616e-09,
         7.1414e-09, 8.4336e-10, 1.7486e-05, 1.9994e-05],
        [5.9859e-01, 4.6464e-05, 1.4246e-01, 1.0714e-02, 4.1381e-03, 3.3365e-02,
         1.7082e-02, 1.9175e-01, 4.8273e-05, 1.8070e-03],
        [5.0693e-05, 5.4327e-05, 3.6902e-09, 3.3211e-09, 6.0771e-11, 1.9293e-10,
         2.1403e-09, 1.6170e-09, 9.4383e-07, 9.9989e-01],
        [8.3008e-01, 1.5311e-01, 1.2789e-04, 5.1695e-06, 1.4174e-05, 1.5173e-06,
         1.2903e-06, 4.7448e-06, 1.6146e-02, 5.1178e-04],
        [9.5059e-06, 5.9990e-05, 1.4492e-06, 3.8092e-05, 4.2413e-08, 4.6003e-07,
         5.3337e-07, 2.0774e-06, 1.4078e-04, 9.9975e-01],
        [5.9434e-04, 1.4402e-03, 6.7246e-01, 2.5495e-01, 3.6046e-03, 4.4667e-02,
         1.6242e-02, 4.9750e-03, 9.6992e-04, 9.6986e-05],
        [1.0975e-06, 1.7158e-07, 3.1922e-07, 1.6229e-07, 3.4022e-05, 2.3556e-05,
         1.1993e-07, 9.9994e-01, 2.4174e-09, 7.0308e-08],
        [1.4768e-06, 2.0522e-08, 3.4361e-08, 7.2735e-08, 5.8461e-06, 4.9936e-06,
         2.1749e-08, 9.9999e-01, 2.7385e-09, 4.1859e-08],
        [4.4340e-01, 4.2190e-06, 5.3661e-01, 1.9823e-03, 1.5672e-02, 5.2526e-04,
         1.1916e-03, 5.9111e-05, 4.7163e-04, 8.4391e-05],
        [1.8041e-04, 5.6124e-06, 7.1061e-04, 9.8496e-01, 1.9659e-04, 9.0894e-03,
         2.6402e-03, 2.1987e-03, 8.7070e-06, 4.9239e-06],
        [1.8613e-06, 8.7260e-08, 6.3643e-04, 6.2366e-04, 4.9387e-04, 9.9469e-01,
         1.7923e-04, 3.3790e-03, 3.6853e-07, 4.1298e-07],
        [4.0657e-05, 2.3649e-06, 2.4397e-01, 1.1855e-01, 7.8635e-02, 8.0467e-03,
         5.4991e-01, 7.9670e-04, 3.8875e-05, 8.2327e-06],
        [4.2202e-06, 7.6999e-02, 1.1299e-04, 1.1062e-03, 9.3331e-05, 4.2981e-05,
         9.1992e-01, 1.0138e-06, 3.4813e-04, 1.3687e-03],
        [1.9990e-06, 3.1192e-06, 2.7374e-02, 8.2541e-04, 4.9499e-05, 3.1856e-03,
         9.6849e-01, 5.7543e-05, 8.6764e-06, 3.1277e-06],
        [1.4206e-04, 3.2021e-06, 6.0132e-04, 4.5559e-03, 8.3142e-01, 2.6977e-02,
         1.3289e-01, 3.3479e-03, 4.4345e-05, 1.7563e-05],
        [4.1644e-06, 5.5517e-07, 2.0760e-06, 1.5303e-05, 7.4255e-06, 5.4123e-05,
         4.6265e-07, 9.9991e-01, 1.3067e-07, 1.2496e-06],
        [4.9984e-06, 1.4004e-05, 1.7275e-03, 5.9930e-03, 4.6517e-02, 4.5634e-01,
         4.8022e-01, 8.9734e-03, 1.8310e-04, 2.8461e-05],
        [4.0394e-04, 1.7650e-02, 5.5358e-04, 7.5455e-01, 3.8658e-03, 4.0458e-02,
         3.6532e-03, 3.8140e-02, 3.6645e-05, 1.4069e-01],
        [1.2720e-05, 9.9715e-01, 7.5915e-07, 5.8833e-06, 4.1194e-08, 1.8000e-06,
         1.0885e-06, 4.7063e-08, 1.2457e-04, 2.7045e-03],
        [8.1328e-09, 9.9822e-01, 5.3861e-11, 6.5925e-11, 9.2577e-14, 5.3313e-11,
         9.2020e-11, 1.6038e-11, 2.2491e-08, 1.7807e-03],
        [3.1921e-03, 2.5669e-02, 5.1715e-06, 1.1921e-04, 7.5565e-07, 6.3380e-06,
         1.6134e-06, 1.8630e-05, 1.2281e-02, 9.5871e-01],
        [4.4036e-04, 3.3749e-04, 8.5341e-03, 2.7844e-03, 3.1708e-04, 1.2970e-04,
         9.8589e-01, 2.2328e-05, 1.4579e-03, 9.1564e-05],
        [2.5206e-06, 1.2582e-06, 9.0071e-04, 6.5766e-02, 3.9200e-03, 1.2957e-01,
         7.9921e-01, 4.2330e-04, 2.0119e-04, 3.6682e-06],
        [6.9011e-03, 8.7284e-04, 3.1930e-02, 7.8758e-01, 3.9895e-02, 5.7455e-02,
         1.4587e-03, 6.6609e-02, 6.2956e-03, 1.0067e-03],
        [2.8719e-06, 6.0775e-06, 1.2007e-04, 7.2093e-03, 4.2444e-05, 4.8278e-04,
         9.9212e-01, 6.2746e-06, 2.9600e-06, 4.3276e-06],
        [5.7413e-04, 1.2550e-05, 5.5867e-02, 6.0662e-02, 8.0647e-01, 6.2809e-02,
         2.6439e-04, 1.2492e-02, 3.9412e-04, 4.5457e-04],
        [6.1464e-04, 1.9594e-02, 2.5619e-07, 2.3005e-06, 1.0408e-07, 8.7373e-08,
         1.0979e-05, 4.8788e-07, 9.7525e-01, 4.5251e-03],
        [3.3316e-03, 1.6643e-04, 7.2340e-03, 4.5596e-01, 1.4917e-02, 3.5620e-01,
         8.4491e-04, 1.5919e-01, 8.6900e-05, 2.0672e-03],
        [3.2918e-04, 5.1068e-08, 9.9952e-01, 2.8476e-05, 2.9152e-05, 7.3532e-06,
         2.9218e-06, 6.1422e-05, 1.1762e-05, 7.3944e-06],
        [1.5701e-03, 1.7187e-05, 3.0794e-02, 1.2718e-02, 3.1066e-04, 8.0455e-04,
         9.5355e-01, 1.2720e-04, 7.4081e-05, 3.7662e-05],
        [9.9999e-01, 1.2218e-07, 8.4126e-07, 7.0450e-09, 2.6272e-08, 1.1494e-09,
         1.2076e-08, 3.8944e-09, 9.3641e-06, 1.2993e-06],
        [1.0321e-02, 1.9539e-02, 8.3349e-04, 5.0463e-04, 4.6649e-05, 6.8449e-05,
         2.6536e-04, 1.2712e-03, 5.3597e-03, 9.6179e-01],
        [1.9166e-06, 1.4822e-09, 1.9546e-05, 6.7257e-05, 9.9990e-01, 7.5101e-06,
         8.7204e-07, 4.2826e-06, 4.8987e-07, 5.8400e-08],
        [1.5189e-04, 7.1492e-03, 5.1507e-04, 3.5029e-02, 9.3490e-05, 2.4722e-04,
         3.8179e-02, 9.7238e-06, 9.1836e-01, 2.6273e-04],
        [3.8909e-08, 1.4074e-07, 1.7971e-08, 3.0616e-07, 9.6242e-07, 8.7227e-05,
         4.0839e-08, 9.9991e-01, 1.6287e-08, 4.0052e-08],
        [1.1068e-06, 1.0621e-05, 7.3372e-09, 4.2496e-08, 9.7252e-10, 1.0720e-09,
         2.8841e-09, 8.9389e-09, 7.7130e-06, 9.9998e-01],
        [2.1797e-05, 6.5889e-06, 3.3993e-03, 5.3241e-03, 4.0904e-01, 3.1571e-01,
         7.1693e-05, 2.6639e-01, 2.3274e-06, 3.4969e-05],
        [2.2410e-06, 6.3842e-07, 7.0530e-04, 5.5558e-02, 3.4995e-01, 4.7485e-01,
         5.6639e-05, 1.1887e-01, 2.2270e-06, 1.2693e-05],
        [9.8560e-01, 7.9884e-06, 1.3984e-02, 6.4060e-05, 1.5150e-04, 1.9992e-05,
         7.8310e-05, 3.1839e-05, 4.0614e-05, 2.4087e-05],
        [6.7456e-01, 2.3787e-03, 1.1222e-01, 2.3573e-02, 9.2498e-03, 1.1693e-02,
         3.0625e-03, 1.5621e-01, 3.0658e-03, 3.9924e-03],
        [2.2625e-03, 1.3527e-01, 2.4030e-05, 6.6828e-05, 7.7265e-05, 1.3048e-05,
         1.6609e-03, 1.0717e-05, 8.5492e-01, 5.6941e-03],
        [4.3860e-04, 3.4783e-01, 3.5488e-07, 3.6610e-06, 8.4269e-09, 3.5081e-07,
         2.1587e-07, 9.1185e-08, 2.0028e-05, 6.5171e-01],
        [6.0028e-07, 1.0394e-05, 1.1463e-04, 6.7635e-05, 1.0749e-04, 3.8139e-06,
         9.9965e-01, 4.9127e-07, 3.9117e-05, 2.3549e-06],
        [1.7263e-03, 1.7593e-04, 2.0099e-01, 8.3628e-02, 9.2179e-02, 1.8149e-01,
         5.1776e-02, 3.8667e-01, 7.0521e-04, 6.5915e-04],
        [1.4740e-05, 2.7070e-07, 1.7173e-04, 6.2085e-03, 1.6334e-05, 9.9357e-01,
         3.6649e-07, 1.0490e-05, 5.2595e-06, 6.0778e-07],
        [3.5746e-04, 2.3668e-05, 7.7474e-06, 1.8421e-06, 1.4180e-06, 4.3714e-07,
         2.0782e-06, 8.0461e-07, 9.9959e-01, 1.2323e-05],
        [2.7808e-02, 8.2081e-06, 1.2434e-03, 9.1478e-04, 7.5423e-04, 6.1058e-05,
         2.4318e-05, 1.2575e-05, 9.6913e-01, 4.5873e-05],
        [1.1739e-03, 9.9258e-01, 7.7084e-05, 5.9349e-05, 3.4674e-05, 8.5281e-06,
         6.2909e-07, 2.8073e-05, 5.2854e-05, 5.9811e-03],
        [2.9156e-02, 1.0407e-03, 4.9997e-03, 9.4422e-01, 4.6967e-03, 1.3818e-02,
         3.4664e-04, 3.4385e-04, 1.0932e-03, 2.8357e-04],
        [1.3829e-07, 2.8044e-07, 1.4234e-04, 1.9816e-04, 7.7928e-07, 9.9957e-01,
         6.9005e-05, 8.3476e-07, 1.5574e-05, 2.3265e-07],
        [5.4546e-05, 7.7747e-04, 7.4784e-02, 8.1956e-01, 7.0842e-04, 2.5778e-02,
         5.8333e-02, 1.9863e-02, 1.1239e-04, 3.2854e-05],
        [8.4442e-03, 1.4312e-05, 6.4064e-03, 2.6027e-02, 8.8225e-01, 5.9447e-02,
         7.8687e-03, 8.9366e-03, 1.4537e-04, 4.6111e-04],
        [2.3763e-08, 1.0000e+00, 6.4769e-11, 8.8925e-12, 2.8780e-13, 8.9688e-12,
         1.3594e-12, 9.2154e-13, 4.1139e-08, 1.0023e-06],
        [9.9761e-01, 7.3557e-06, 2.1210e-03, 3.4791e-05, 1.0324e-05, 1.9739e-05,
         9.0346e-08, 8.5696e-05, 4.7555e-05, 5.8310e-05],
        [4.6355e-06, 1.0395e-06, 3.8390e-04, 1.3938e-03, 7.5862e-01, 1.1656e-01,
         1.0897e-05, 1.2299e-01, 5.6970e-07, 3.2623e-05],
        [2.8412e-05, 2.2399e-04, 9.8669e-05, 8.0879e-01, 1.2712e-05, 1.9058e-01,
         1.3326e-04, 6.7870e-05, 3.9297e-05, 2.4741e-05],
        [1.1620e-06, 9.9852e-01, 7.4264e-07, 3.6402e-06, 1.2334e-08, 2.5066e-06,
         7.2100e-08, 1.1731e-07, 3.2510e-06, 1.4719e-03],
        [2.1949e-05, 9.4614e-09, 5.0345e-05, 5.0470e-05, 9.9983e-01, 3.8856e-05,
         9.2756e-08, 3.6956e-06, 2.9461e-08, 2.7945e-08],
        [2.4987e-04, 5.2974e-04, 3.7085e-07, 5.0162e-07, 3.3334e-09, 1.3062e-07,
         1.0304e-07, 7.4658e-06, 1.8856e-05, 9.9919e-01],
        [8.1944e-05, 4.1602e-08, 9.9980e-01, 4.4035e-05, 1.0881e-05, 1.6968e-05,
         9.3936e-06, 2.6952e-05, 6.8721e-06, 1.2858e-06],
        [9.9234e-01, 2.1779e-05, 8.5889e-04, 1.0041e-05, 4.7229e-05, 5.1920e-07,
         9.0792e-06, 1.9122e-06, 6.6200e-03, 8.9839e-05],
        [9.2692e-03, 6.8933e-04, 8.3146e-03, 1.1454e-03, 7.6308e-01, 1.0998e-02,
         1.1870e-04, 1.9923e-01, 2.1985e-03, 4.9583e-03],
        [3.4556e-04, 1.3291e-05, 6.7890e-03, 1.1204e-03, 1.4575e-01, 2.9497e-02,
         2.4060e-04, 8.1621e-01, 5.3751e-06, 2.6639e-05],
        [2.3721e-04, 1.7117e-05, 3.8239e-02, 5.3206e-02, 3.0958e-01, 4.7872e-02,
         5.4656e-01, 4.0106e-03, 9.9381e-05, 1.8201e-04],
        [3.7370e-01, 4.0094e-05, 1.7605e-01, 2.6736e-02, 2.5983e-03, 6.8813e-02,
         6.2839e-04, 4.4672e-02, 3.0557e-01, 1.1895e-03],
        [1.1165e-01, 1.0624e-04, 8.3388e-01, 3.8165e-03, 3.4605e-02, 6.4093e-04,
         1.2780e-02, 9.8678e-04, 1.2838e-03, 2.4724e-04],
        [5.9055e-03, 1.8418e-03, 1.1874e-02, 8.1078e-01, 1.7210e-03, 7.6311e-02,
         3.0195e-02, 1.2122e-02, 4.2496e-02, 6.7531e-03],
        [8.4083e-01, 1.0220e-02, 3.6098e-02, 1.1578e-02, 4.1817e-02, 1.2790e-03,
         1.8987e-04, 2.6972e-02, 9.6128e-04, 3.0055e-02]],
       device='cuda:0', grad_fn=<SoftmaxBackward>)
>> best accuracy: 85.06	best epoch: 10

>> final recovery rate: 100.0%
>> val epoch: 20
>> current accuracy: 86.0%
outputs: tensor([[9.8045e-01, 6.7945e-04, 3.8265e-03, 4.6927e-05, 9.2021e-07, 1.8209e-05,
         1.3186e-05, 7.3754e-06, 1.3286e-02, 1.6689e-03],
        [9.9673e-01, 4.0884e-08, 3.1925e-03, 5.9720e-06, 8.4961e-06, 2.1355e-06,
         5.0526e-07, 1.5175e-07, 5.6670e-05, 5.9605e-07],
        [6.4727e-08, 9.9981e-01, 6.7215e-10, 1.3526e-08, 6.9716e-11, 1.5526e-08,
         3.7035e-09, 1.0955e-09, 1.3261e-06, 1.9251e-04],
        [6.5102e-03, 3.4487e-05, 2.8868e-02, 4.1742e-02, 7.8369e-01, 1.3677e-02,
         5.7837e-02, 3.6467e-02, 1.2138e-03, 2.9959e-02],
        [4.4640e-05, 2.2506e-06, 2.3165e-03, 2.8578e-01, 6.5648e-01, 4.0945e-02,
         2.5368e-03, 1.1683e-02, 1.7742e-04, 2.7757e-05],
        [1.9894e-10, 2.3335e-12, 1.4940e-06, 5.1838e-06, 9.9999e-01, 3.9084e-06,
         2.1859e-06, 6.2776e-08, 6.5159e-11, 7.7938e-11],
        [8.2376e-02, 6.9179e-03, 7.2152e-03, 7.8178e-02, 5.3946e-05, 3.0795e-03,
         1.3355e-04, 1.8555e-03, 1.5514e-02, 8.0468e-01],
        [1.8988e-04, 5.7038e-07, 2.1736e-07, 5.8152e-07, 4.6225e-08, 4.7026e-08,
         1.1815e-08, 1.6901e-08, 9.9980e-01, 8.2946e-06],
        [1.1200e-02, 2.5522e-05, 8.2156e-05, 2.9185e-05, 2.0516e-07, 2.0233e-06,
         4.5060e-07, 3.4959e-07, 9.8840e-01, 2.6208e-04],
        [9.9999e-01, 2.3488e-06, 4.2123e-07, 1.1385e-07, 1.3439e-07, 1.3990e-08,
         8.4401e-09, 2.7448e-07, 7.0251e-06, 3.4355e-06],
        [9.9889e-01, 5.2545e-06, 9.4267e-04, 1.4098e-04, 7.8109e-07, 1.1540e-05,
         1.8978e-06, 2.4102e-06, 3.8943e-06, 2.8847e-06],
        [1.5831e-06, 2.6445e-08, 1.6632e-01, 4.7052e-03, 6.9691e-05, 8.2882e-01,
