noise type: uniform
noise level: 0.2
when_to_apply_epoch: 20
total clean data num: 35970
probability transition matrix:
[[0.8        0.02222222 0.02222222 0.02222222 0.02222222 0.02222222
  0.02222222 0.02222222 0.02222222 0.02222222]
 [0.02222222 0.8        0.02222222 0.02222222 0.02222222 0.02222222
  0.02222222 0.02222222 0.02222222 0.02222222]
 [0.02222222 0.02222222 0.8        0.02222222 0.02222222 0.02222222
  0.02222222 0.02222222 0.02222222 0.02222222]
 [0.02222222 0.02222222 0.02222222 0.8        0.02222222 0.02222222
  0.02222222 0.02222222 0.02222222 0.02222222]
 [0.02222222 0.02222222 0.02222222 0.02222222 0.8        0.02222222
  0.02222222 0.02222222 0.02222222 0.02222222]
 [0.02222222 0.02222222 0.02222222 0.02222222 0.02222222 0.8
  0.02222222 0.02222222 0.02222222 0.02222222]
 [0.02222222 0.02222222 0.02222222 0.02222222 0.02222222 0.02222222
  0.8        0.02222222 0.02222222 0.02222222]
 [0.02222222 0.02222222 0.02222222 0.02222222 0.02222222 0.02222222
  0.02222222 0.8        0.02222222 0.02222222]
 [0.02222222 0.02222222 0.02222222 0.02222222 0.02222222 0.02222222
  0.02222222 0.02222222 0.8        0.02222222]
 [0.02222222 0.02222222 0.02222222 0.02222222 0.02222222 0.02222222
  0.02222222 0.02222222 0.02222222 0.8       ]]
>> val epoch: 0
>> current accuracy: 46.7%
outputs: tensor([[0.0057, 0.0053, 0.0052, 0.0052, 0.0566, 0.0234, 0.0045, 0.8817, 0.0028,
         0.0096],
        [0.0366, 0.0305, 0.1735, 0.1342, 0.1797, 0.0768, 0.1511, 0.1545, 0.0208,
         0.0422],
        [0.0378, 0.0180, 0.3286, 0.1412, 0.1054, 0.1618, 0.0981, 0.0566, 0.0294,
         0.0231],
        [0.5623, 0.0424, 0.0554, 0.0431, 0.0095, 0.0228, 0.0116, 0.0184, 0.1436,
         0.0908],
        [0.0412, 0.0268, 0.1291, 0.2217, 0.0396, 0.3197, 0.1082, 0.0513, 0.0295,
         0.0329],
        [0.0219, 0.0187, 0.0719, 0.2939, 0.1238, 0.1200, 0.2120, 0.0987, 0.0169,
         0.0221],
        [0.0444, 0.0130, 0.3031, 0.2013, 0.0441, 0.1016, 0.2279, 0.0239, 0.0234,
         0.0173],
        [0.2330, 0.0615, 0.0664, 0.0319, 0.0350, 0.0227, 0.0417, 0.0235, 0.2840,
         0.2003],
        [0.1005, 0.0273, 0.0095, 0.0099, 0.0052, 0.0055, 0.0074, 0.0044, 0.8187,
         0.0116],
        [0.1183, 0.0257, 0.2058, 0.2282, 0.0493, 0.1074, 0.1063, 0.0342, 0.0832,
         0.0417],
        [0.0316, 0.0251, 0.1126, 0.2395, 0.0868, 0.1125, 0.2855, 0.0495, 0.0289,
         0.0280],
        [0.0742, 0.3290, 0.0983, 0.0638, 0.0603, 0.0682, 0.0398, 0.0687, 0.0413,
         0.1564],
        [0.0170, 0.3886, 0.0060, 0.0067, 0.0068, 0.0072, 0.0039, 0.0086, 0.0154,
         0.5397],
        [0.0572, 0.2187, 0.0136, 0.0199, 0.0108, 0.0193, 0.0087, 0.0114, 0.1305,
         0.5100],
        [0.0193, 0.0178, 0.0554, 0.1770, 0.1852, 0.2113, 0.1016, 0.1968, 0.0146,
         0.0210],
        [0.3043, 0.1296, 0.0431, 0.0631, 0.0214, 0.0166, 0.0259, 0.0229, 0.2688,
         0.1043],
        [0.1551, 0.0379, 0.1015, 0.0691, 0.0594, 0.0713, 0.0427, 0.2776, 0.0227,
         0.1627],
        [0.0258, 0.0364, 0.1082, 0.2560, 0.1227, 0.0938, 0.2011, 0.0795, 0.0232,
         0.0534],
        [0.0751, 0.0500, 0.0449, 0.0472, 0.1996, 0.0492, 0.0349, 0.4150, 0.0342,
         0.0498],
        [0.0464, 0.0783, 0.0757, 0.0467, 0.0335, 0.1068, 0.0506, 0.1009, 0.0185,
         0.4426],
        [0.1329, 0.1213, 0.0327, 0.0349, 0.0230, 0.0207, 0.0181, 0.0175, 0.5222,
         0.0767],
        [0.0572, 0.0821, 0.1648, 0.0431, 0.1011, 0.0537, 0.2578, 0.0335, 0.1304,
         0.0763],
        [0.0226, 0.0517, 0.0131, 0.0132, 0.0125, 0.0119, 0.0077, 0.0279, 0.0156,
         0.8239],
        [0.0219, 0.0304, 0.0656, 0.1567, 0.0522, 0.3610, 0.0854, 0.1483, 0.0171,
         0.0614],
        [0.7035, 0.0164, 0.0325, 0.0145, 0.0056, 0.0077, 0.0113, 0.0063, 0.1848,
         0.0174],
        [0.0222, 0.0178, 0.1006, 0.2845, 0.0237, 0.3945, 0.0622, 0.0477, 0.0162,
         0.0306],
        [0.0221, 0.0200, 0.0468, 0.1507, 0.1560, 0.2350, 0.1248, 0.2063, 0.0150,
         0.0231],
        [0.1824, 0.0318, 0.1975, 0.0876, 0.0699, 0.0529, 0.0899, 0.0461, 0.1876,
         0.0543],
        [0.0286, 0.0349, 0.0862, 0.0291, 0.1483, 0.0653, 0.0261, 0.4986, 0.0209,
         0.0620],
        [0.0913, 0.0459, 0.2298, 0.0586, 0.1354, 0.0601, 0.0678, 0.2222, 0.0190,
         0.0698],
        [0.0871, 0.0443, 0.1033, 0.1012, 0.1668, 0.0519, 0.0506, 0.2335, 0.0882,
         0.0731],
        [0.0289, 0.0213, 0.0982, 0.2987, 0.0467, 0.3129, 0.0854, 0.0747, 0.0140,
         0.0192],
        [0.1217, 0.0161, 0.0178, 0.0151, 0.0062, 0.0082, 0.0097, 0.0057, 0.7800,
         0.0195],
        [0.0786, 0.0821, 0.1538, 0.0700, 0.0845, 0.0599, 0.0707, 0.1957, 0.0211,
         0.1837],
        [0.0599, 0.0371, 0.1152, 0.1910, 0.1593, 0.1313, 0.0646, 0.1764, 0.0288,
         0.0366],
        [0.1922, 0.3045, 0.0309, 0.0313, 0.0240, 0.0151, 0.0150, 0.0245, 0.0973,
         0.2652],
        [0.0539, 0.0285, 0.0586, 0.0426, 0.0146, 0.0333, 0.0297, 0.0121, 0.6835,
         0.0432],
        [0.0295, 0.0244, 0.0970, 0.1359, 0.0629, 0.3789, 0.0464, 0.1696, 0.0190,
         0.0363],
        [0.0285, 0.0225, 0.0668, 0.1965, 0.0918, 0.1482, 0.3198, 0.0792, 0.0209,
         0.0258],
        [0.0315, 0.0263, 0.1330, 0.2355, 0.0406, 0.1688, 0.2591, 0.0320, 0.0421,
         0.0311],
        [0.0891, 0.1290, 0.0367, 0.0104, 0.0316, 0.0133, 0.0421, 0.0122, 0.0787,
         0.5570],
        [0.0221, 0.0264, 0.0372, 0.0569, 0.1859, 0.1137, 0.0601, 0.4541, 0.0107,
         0.0329],
        [0.0730, 0.1575, 0.0158, 0.0067, 0.0122, 0.0094, 0.0082, 0.0125, 0.0338,
         0.6708],
        [0.8524, 0.0051, 0.0677, 0.0080, 0.0029, 0.0047, 0.0051, 0.0048, 0.0396,
         0.0098],
        [0.0168, 0.2582, 0.0116, 0.0067, 0.0099, 0.0120, 0.0064, 0.0173, 0.0092,
         0.6519],
        [0.0270, 0.0703, 0.0165, 0.0306, 0.0164, 0.0110, 0.0133, 0.0218, 0.0190,
         0.7741],
        [0.1006, 0.0126, 0.4883, 0.0855, 0.0500, 0.0788, 0.0826, 0.0371, 0.0357,
         0.0289],
        [0.0263, 0.0423, 0.0612, 0.2592, 0.0968, 0.1860, 0.1774, 0.0793, 0.0333,
         0.0382],
        [0.0571, 0.0116, 0.0234, 0.0201, 0.0089, 0.0140, 0.0132, 0.0057, 0.8251,
         0.0209],
        [0.1239, 0.0174, 0.0155, 0.0141, 0.0052, 0.0090, 0.0104, 0.0056, 0.7784,
         0.0205],
        [0.0518, 0.0215, 0.1405, 0.0389, 0.3169, 0.0675, 0.0814, 0.2512, 0.0125,
         0.0178],
        [0.0761, 0.0973, 0.0320, 0.0226, 0.0241, 0.0252, 0.0435, 0.0123, 0.5446,
         0.1222],
        [0.0346, 0.0240, 0.0480, 0.0707, 0.2078, 0.0724, 0.0413, 0.4631, 0.0159,
         0.0224],
        [0.0241, 0.0218, 0.0577, 0.2627, 0.0859, 0.0851, 0.3651, 0.0589, 0.0153,
         0.0235],
        [0.0254, 0.0261, 0.0784, 0.2190, 0.1135, 0.1906, 0.2163, 0.0845, 0.0203,
         0.0261],
        [0.8328, 0.0057, 0.0583, 0.0080, 0.0033, 0.0043, 0.0048, 0.0035, 0.0697,
         0.0097],
        [0.0265, 0.0977, 0.0582, 0.0558, 0.0505, 0.0398, 0.1745, 0.0343, 0.0399,
         0.4229],
        [0.0876, 0.0170, 0.5005, 0.0415, 0.1086, 0.0664, 0.0486, 0.0715, 0.0271,
         0.0311],
        [0.1996, 0.0141, 0.0108, 0.0121, 0.0044, 0.0061, 0.0071, 0.0035, 0.7231,
         0.0193],
        [0.0408, 0.0196, 0.1556, 0.1826, 0.0416, 0.3681, 0.0564, 0.0878, 0.0174,
         0.0300],
        [0.0833, 0.0439, 0.2137, 0.0805, 0.0662, 0.0671, 0.2730, 0.0532, 0.0501,
         0.0691],
        [0.0482, 0.0136, 0.3488, 0.0867, 0.1667, 0.1322, 0.0581, 0.0957, 0.0277,
         0.0222],
        [0.4842, 0.0213, 0.1541, 0.0987, 0.0256, 0.0568, 0.0225, 0.0474, 0.0471,
         0.0421],
        [0.0262, 0.0205, 0.0692, 0.1108, 0.2397, 0.0931, 0.2156, 0.1907, 0.0137,
         0.0206],
        [0.0202, 0.7067, 0.0137, 0.0163, 0.0141, 0.0166, 0.0090, 0.0198, 0.0169,
         0.1665],
        [0.0212, 0.0081, 0.7044, 0.0233, 0.0765, 0.0620, 0.0439, 0.0277, 0.0136,
         0.0193],
        [0.0268, 0.0256, 0.1040, 0.1063, 0.0414, 0.4875, 0.0479, 0.1133, 0.0198,
         0.0275],
        [0.7124, 0.0167, 0.0335, 0.0150, 0.0073, 0.0057, 0.0081, 0.0059, 0.1835,
         0.0118],
        [0.0226, 0.0300, 0.0835, 0.0886, 0.0452, 0.0489, 0.5454, 0.0307, 0.0154,
         0.0897],
        [0.0469, 0.0135, 0.3915, 0.0690, 0.1107, 0.2064, 0.0683, 0.0619, 0.0155,
         0.0162],
        [0.0898, 0.0477, 0.1098, 0.1284, 0.1089, 0.1566, 0.0455, 0.2512, 0.0274,
         0.0347],
        [0.0374, 0.0195, 0.1502, 0.0432, 0.3017, 0.1259, 0.0380, 0.2572, 0.0130,
         0.0140]], device='cuda:0', grad_fn=<SoftmaxBackward>)
>> best accuracy: 46.7	best epoch: 0

>> final recovery rate: 79.93333333333334%
>> val epoch: 5
>> current accuracy: 75.72%
outputs: tensor([[0.0362, 0.0552, 0.5383, 0.1208, 0.0286, 0.0339, 0.0702, 0.0321, 0.0428,
         0.0418],
        [0.0250, 0.0234, 0.0197, 0.0280, 0.7297, 0.0494, 0.0446, 0.0411, 0.0262,
         0.0128],
        [0.0186, 0.0255, 0.0234, 0.0380, 0.0313, 0.0496, 0.0247, 0.7587, 0.0195,
         0.0107],
        [0.0548, 0.0890, 0.0255, 0.0483, 0.0407, 0.0384, 0.0385, 0.0422, 0.0664,
         0.5563],
        [0.0202, 0.0214, 0.0325, 0.0980, 0.0678, 0.0630, 0.0369, 0.6314, 0.0157,
         0.0130],
        [0.0177, 0.0528, 0.0192, 0.0375, 0.0322, 0.0161, 0.7506, 0.0265, 0.0291,
         0.0182],
        [0.0138, 0.0131, 0.0064, 0.0493, 0.0150, 0.8665, 0.0065, 0.0070, 0.0145,
         0.0079],
        [0.0244, 0.0356, 0.0239, 0.0345, 0.0181, 0.0267, 0.0299, 0.7751, 0.0195,
         0.0124],
        [0.0246, 0.0315, 0.3405, 0.1646, 0.0771, 0.1403, 0.0545, 0.1056, 0.0357,
         0.0255],
        [0.0133, 0.0216, 0.0266, 0.7334, 0.0244, 0.1010, 0.0184, 0.0237, 0.0284,
         0.0092],
        [0.0472, 0.0192, 0.0744, 0.3657, 0.0412, 0.2146, 0.0444, 0.1322, 0.0431,
         0.0180],
        [0.0533, 0.0296, 0.0429, 0.0317, 0.6433, 0.0172, 0.0970, 0.0208, 0.0533,
         0.0107],
        [0.7773, 0.0110, 0.0273, 0.0255, 0.0395, 0.0121, 0.0195, 0.0174, 0.0604,
         0.0099],
        [0.0178, 0.0397, 0.0870, 0.1198, 0.1702, 0.0299, 0.0410, 0.4469, 0.0317,
         0.0158],
        [0.0111, 0.0265, 0.0234, 0.7531, 0.0179, 0.0246, 0.1051, 0.0146, 0.0151,
         0.0086],
        [0.0058, 0.0294, 0.0279, 0.0243, 0.0458, 0.0516, 0.0238, 0.0249, 0.7395,
         0.0268],
        [0.0124, 0.0251, 0.0252, 0.0266, 0.0253, 0.0313, 0.0281, 0.7954, 0.0192,
         0.0114],
        [0.0109, 0.0188, 0.0122, 0.0356, 0.0449, 0.0411, 0.0195, 0.7942, 0.0153,
         0.0075],
        [0.0171, 0.0297, 0.0103, 0.0235, 0.0208, 0.0234, 0.0135, 0.0195, 0.8087,
         0.0335],
        [0.0591, 0.0407, 0.1658, 0.1008, 0.0865, 0.0482, 0.3942, 0.0479, 0.0318,
         0.0250],
        [0.0339, 0.0468, 0.0186, 0.0562, 0.0197, 0.0478, 0.0313, 0.0358, 0.0299,
         0.6799],
        [0.0190, 0.0206, 0.0456, 0.5886, 0.1119, 0.0957, 0.0608, 0.0242, 0.0187,
         0.0148],
        [0.7750, 0.0236, 0.0522, 0.0303, 0.0198, 0.0139, 0.0218, 0.0211, 0.0236,
         0.0187],
        [0.6362, 0.0410, 0.0734, 0.0384, 0.0226, 0.0148, 0.0373, 0.0294, 0.0733,
         0.0338],
        [0.1010, 0.0202, 0.6579, 0.0452, 0.0336, 0.0205, 0.0452, 0.0179, 0.0443,
         0.0142],
        [0.7625, 0.0344, 0.0123, 0.0213, 0.0117, 0.0133, 0.0176, 0.0169, 0.0895,
         0.0207],
        [0.0296, 0.0274, 0.0756, 0.0314, 0.6335, 0.0127, 0.1464, 0.0106, 0.0229,
         0.0100],
        [0.0643, 0.0468, 0.3172, 0.0383, 0.0291, 0.0194, 0.1536, 0.0349, 0.2656,
         0.0308],
        [0.0126, 0.0202, 0.0404, 0.0299, 0.0443, 0.0440, 0.0404, 0.0362, 0.0220,
         0.7100],
        [0.0253, 0.0391, 0.2158, 0.2217, 0.0354, 0.0372, 0.3021, 0.0373, 0.0573,
         0.0289],
        [0.0192, 0.0359, 0.0144, 0.0520, 0.0654, 0.0309, 0.7177, 0.0227, 0.0231,
         0.0187],
        [0.5149, 0.0447, 0.0826, 0.0497, 0.0322, 0.0247, 0.0286, 0.0805, 0.1094,
         0.0327],
        [0.6037, 0.0390, 0.0172, 0.0284, 0.0134, 0.0188, 0.0149, 0.0176, 0.2142,
         0.0328],
        [0.0391, 0.0588, 0.0215, 0.3161, 0.0418, 0.0971, 0.0330, 0.1222, 0.0233,
         0.2470],
        [0.0083, 0.0226, 0.0273, 0.0147, 0.8427, 0.0105, 0.0377, 0.0142, 0.0148,
         0.0073],
        [0.0640, 0.0490, 0.1008, 0.0815, 0.2783, 0.0638, 0.0512, 0.1231, 0.1487,
         0.0396],
        [0.0876, 0.0940, 0.0133, 0.0582, 0.0223, 0.0332, 0.0248, 0.0891, 0.0290,
         0.5484],
        [0.0131, 0.0495, 0.0179, 0.0293, 0.0223, 0.0280, 0.0219, 0.0231, 0.7656,
         0.0293],
        [0.0759, 0.0414, 0.1945, 0.1053, 0.3207, 0.0430, 0.1046, 0.0497, 0.0429,
         0.0220],
        [0.1205, 0.0339, 0.0831, 0.1802, 0.0259, 0.0516, 0.0215, 0.4367, 0.0264,
         0.0203],
        [0.0174, 0.0205, 0.0687, 0.0157, 0.7897, 0.0155, 0.0215, 0.0199, 0.0224,
         0.0087],
        [0.0199, 0.0147, 0.0257, 0.1046, 0.0264, 0.7455, 0.0113, 0.0235, 0.0187,
         0.0097],
        [0.0823, 0.0259, 0.3293, 0.0757, 0.0219, 0.0252, 0.0742, 0.0333, 0.2965,
         0.0357],
        [0.0652, 0.0324, 0.0972, 0.4185, 0.1747, 0.0562, 0.0464, 0.0507, 0.0445,
         0.0143],
        [0.0175, 0.0317, 0.5244, 0.1662, 0.0757, 0.0855, 0.0223, 0.0415, 0.0202,
         0.0151],
        [0.0425, 0.7422, 0.0228, 0.0314, 0.0175, 0.0196, 0.0193, 0.0302, 0.0550,
         0.0196],
        [0.0253, 0.0312, 0.0224, 0.0489, 0.0329, 0.0271, 0.7505, 0.0171, 0.0300,
         0.0146],
        [0.0437, 0.0427, 0.3166, 0.2308, 0.0698, 0.0392, 0.1490, 0.0525, 0.0319,
         0.0238],
        [0.3479, 0.0428, 0.0196, 0.0264, 0.0161, 0.0179, 0.0162, 0.0355, 0.4257,
         0.0519],
        [0.0386, 0.0431, 0.3850, 0.0893, 0.0474, 0.0269, 0.2679, 0.0408, 0.0379,
         0.0232],
        [0.0292, 0.0210, 0.0271, 0.1359, 0.0399, 0.6477, 0.0269, 0.0304, 0.0283,
         0.0134],
        [0.0281, 0.0234, 0.0626, 0.3100, 0.1918, 0.2067, 0.1162, 0.0313, 0.0181,
         0.0118],
        [0.0131, 0.0141, 0.0206, 0.0583, 0.0199, 0.8195, 0.0169, 0.0137, 0.0139,
         0.0101],
        [0.0247, 0.0286, 0.0444, 0.0586, 0.1515, 0.0560, 0.0305, 0.5541, 0.0297,
         0.0218],
        [0.0574, 0.0656, 0.0348, 0.0601, 0.0303, 0.0631, 0.0525, 0.0363, 0.0318,
         0.5681],
        [0.0355, 0.6888, 0.0353, 0.0523, 0.0382, 0.0349, 0.0270, 0.0369, 0.0215,
         0.0294],
        [0.0196, 0.6731, 0.0487, 0.0538, 0.0341, 0.0485, 0.0245, 0.0347, 0.0186,
         0.0443],
        [0.0248, 0.7324, 0.0192, 0.0385, 0.0208, 0.0334, 0.0106, 0.0251, 0.0286,
         0.0665],
        [0.0129, 0.0219, 0.0212, 0.0238, 0.0565, 0.0257, 0.0338, 0.7745, 0.0195,
         0.0101],
        [0.0475, 0.0371, 0.0323, 0.4245, 0.0276, 0.0727, 0.1461, 0.0421, 0.0427,
         0.1274],
        [0.0198, 0.0246, 0.0234, 0.0191, 0.6684, 0.0540, 0.0210, 0.1277, 0.0311,
         0.0111],
        [0.0305, 0.0208, 0.0251, 0.2898, 0.0597, 0.4501, 0.0486, 0.0290, 0.0309,
         0.0155],
        [0.0756, 0.0847, 0.0258, 0.0350, 0.0220, 0.0299, 0.0237, 0.0293, 0.6406,
         0.0335],
        [0.0142, 0.0361, 0.0182, 0.0441, 0.0381, 0.0310, 0.0325, 0.0346, 0.5906,
         0.1606],
        [0.0165, 0.0197, 0.7359, 0.0330, 0.0741, 0.0158, 0.0570, 0.0139, 0.0225,
         0.0115],
        [0.0252, 0.0235, 0.6928, 0.0714, 0.0230, 0.0185, 0.0716, 0.0247, 0.0356,
         0.0138],
        [0.0219, 0.0325, 0.6306, 0.0494, 0.0508, 0.0227, 0.1087, 0.0318, 0.0338,
         0.0179],
        [0.0678, 0.2192, 0.0157, 0.0411, 0.0182, 0.0302, 0.0143, 0.0253, 0.1810,
         0.3874],
        [0.0389, 0.0199, 0.0378, 0.0746, 0.1086, 0.5473, 0.0452, 0.0826, 0.0294,
         0.0158],
        [0.0291, 0.6154, 0.0379, 0.0666, 0.0467, 0.0502, 0.0460, 0.0459, 0.0207,
         0.0414],
        [0.0156, 0.0391, 0.0214, 0.0369, 0.0309, 0.0198, 0.7656, 0.0259, 0.0221,
         0.0225],
        [0.0139, 0.0168, 0.0119, 0.0269, 0.0210, 0.0194, 0.0137, 0.8534, 0.0128,
         0.0101]], device='cuda:0', grad_fn=<SoftmaxBackward>)
>> best accuracy: 75.72	best epoch: 5

>> final recovery rate: 79.93333333333334%
>> val epoch: 10
>> current accuracy: 76.9%
outputs: tensor([[0.0216, 0.0166, 0.1849, 0.2586, 0.2225, 0.1037, 0.0600, 0.0620, 0.0314,
         0.0389],
        [0.0250, 0.0389, 0.0606, 0.2207, 0.0624, 0.0262, 0.4517, 0.0280, 0.0347,
         0.0518],
        [0.0230, 0.8316, 0.0160, 0.0234, 0.0194, 0.0095, 0.0121, 0.0179, 0.0133,
         0.0337],
        [0.0145, 0.0289, 0.1110, 0.0908, 0.5387, 0.0179, 0.0318, 0.0396, 0.0518,
         0.0751],
        [0.0459, 0.0315, 0.4017, 0.0308, 0.1157, 0.0444, 0.0350, 0.2094, 0.0325,
         0.0531],
        [0.0166, 0.0170, 0.0352, 0.6645, 0.0116, 0.0517, 0.1112, 0.0316, 0.0255,
         0.0352],
        [0.0160, 0.0289, 0.0264, 0.0511, 0.0179, 0.0204, 0.7636, 0.0329, 0.0194,
         0.0234],
        [0.8028, 0.0147, 0.0176, 0.0278, 0.0185, 0.0176, 0.0261, 0.0256, 0.0290,
         0.0203],
        [0.8148, 0.0115, 0.0312, 0.0233, 0.0143, 0.0153, 0.0277, 0.0202, 0.0218,
         0.0199],
        [0.0129, 0.0100, 0.8947, 0.0115, 0.0098, 0.0146, 0.0110, 0.0117, 0.0109,
         0.0128],
        [0.0140, 0.0210, 0.0175, 0.0319, 0.0181, 0.0107, 0.0156, 0.0241, 0.0187,
         0.8283],
        [0.0351, 0.0238, 0.0218, 0.3064, 0.0195, 0.4691, 0.0183, 0.0350, 0.0284,
         0.0425],
        [0.0203, 0.0200, 0.0394, 0.6263, 0.0305, 0.1210, 0.0222, 0.0639, 0.0223,
         0.0341],
        [0.0174, 0.0152, 0.0250, 0.7420, 0.0263, 0.0721, 0.0183, 0.0366, 0.0198,
         0.0273],
        [0.0325, 0.0210, 0.0434, 0.2702, 0.0296, 0.0335, 0.5054, 0.0201, 0.0231,
         0.0212],
        [0.0435, 0.0185, 0.0616, 0.0331, 0.0200, 0.0233, 0.0477, 0.0214, 0.6887,
         0.0424],
        [0.4373, 0.0219, 0.0263, 0.0305, 0.0186, 0.0183, 0.0244, 0.0163, 0.3750,
         0.0315],
        [0.7627, 0.0184, 0.0223, 0.0141, 0.0193, 0.0130, 0.0211, 0.0835, 0.0287,
         0.0169],
        [0.0194, 0.0124, 0.0186, 0.0395, 0.0274, 0.7849, 0.0180, 0.0395, 0.0249,
         0.0154],
        [0.7142, 0.0159, 0.0379, 0.0334, 0.0202, 0.0137, 0.0144, 0.0112, 0.1198,
         0.0192],
        [0.0143, 0.0214, 0.0692, 0.0757, 0.0119, 0.0318, 0.7184, 0.0226, 0.0161,
         0.0187],
        [0.0117, 0.0362, 0.0236, 0.0297, 0.0226, 0.0179, 0.0173, 0.0298, 0.0191,
         0.7921],
        [0.7382, 0.0226, 0.0137, 0.0274, 0.0193, 0.0132, 0.0260, 0.0360, 0.0691,
         0.0345],
        [0.8625, 0.0069, 0.0124, 0.0166, 0.0075, 0.0111, 0.0133, 0.0093, 0.0502,
         0.0101],
        [0.6744, 0.0333, 0.0165, 0.0337, 0.0235, 0.0158, 0.0267, 0.0191, 0.1264,
         0.0307],
        [0.0071, 0.0100, 0.8977, 0.0128, 0.0103, 0.0157, 0.0126, 0.0117, 0.0104,
         0.0117],
        [0.0256, 0.0114, 0.0499, 0.5332, 0.0196, 0.2527, 0.0200, 0.0381, 0.0252,
         0.0242],
        [0.0193, 0.7832, 0.0193, 0.0290, 0.0206, 0.0169, 0.0171, 0.0249, 0.0160,
         0.0538],
        [0.0217, 0.0135, 0.0090, 0.0294, 0.0088, 0.8375, 0.0103, 0.0225, 0.0277,
         0.0195],
        [0.0133, 0.0226, 0.0313, 0.0642, 0.0221, 0.0150, 0.0177, 0.0489, 0.0269,
         0.7378],
        [0.1842, 0.0276, 0.0668, 0.0884, 0.0386, 0.0443, 0.0321, 0.3971, 0.0392,
         0.0818],
        [0.0375, 0.0129, 0.0189, 0.7672, 0.0132, 0.0531, 0.0275, 0.0191, 0.0259,
         0.0245],
        [0.0260, 0.0183, 0.0299, 0.0411, 0.6668, 0.0374, 0.0281, 0.0637, 0.0499,
         0.0388],
        [0.0431, 0.7903, 0.0186, 0.0300, 0.0236, 0.0125, 0.0153, 0.0228, 0.0233,
         0.0205],
        [0.0413, 0.0239, 0.0173, 0.0836, 0.5629, 0.1290, 0.0273, 0.0418, 0.0441,
         0.0288],
        [0.3001, 0.0168, 0.1617, 0.1927, 0.0540, 0.1049, 0.0456, 0.0646, 0.0270,
         0.0325],
        [0.0108, 0.0150, 0.1037, 0.0637, 0.0693, 0.0818, 0.0331, 0.5749, 0.0202,
         0.0274],
        [0.0461, 0.0321, 0.0631, 0.1647, 0.0205, 0.0381, 0.5460, 0.0198, 0.0385,
         0.0311],
        [0.0178, 0.0381, 0.0265, 0.0357, 0.0158, 0.0182, 0.7696, 0.0285, 0.0176,
         0.0323],
        [0.3361, 0.0322, 0.0865, 0.2939, 0.0299, 0.0672, 0.0446, 0.0428, 0.0381,
         0.0286],
        [0.0268, 0.8129, 0.0232, 0.0239, 0.0212, 0.0125, 0.0164, 0.0200, 0.0202,
         0.0229],
        [0.8338, 0.0260, 0.0129, 0.0178, 0.0154, 0.0090, 0.0126, 0.0156, 0.0294,
         0.0274],
        [0.0299, 0.0292, 0.0604, 0.3393, 0.2454, 0.0762, 0.1184, 0.0395, 0.0272,
         0.0344],
        [0.0118, 0.0072, 0.8216, 0.0657, 0.0197, 0.0254, 0.0139, 0.0095, 0.0151,
         0.0101],
        [0.0082, 0.0079, 0.0133, 0.0238, 0.0094, 0.0199, 0.0278, 0.8568, 0.0192,
         0.0136],
        [0.0219, 0.0451, 0.0446, 0.0409, 0.0376, 0.1554, 0.0830, 0.0461, 0.4555,
         0.0699],
        [0.0207, 0.8712, 0.0132, 0.0180, 0.0167, 0.0083, 0.0103, 0.0149, 0.0111,
         0.0156],
        [0.1522, 0.0608, 0.3635, 0.0651, 0.0289, 0.0304, 0.0658, 0.0557, 0.0293,
         0.1483],
        [0.0212, 0.0205, 0.0760, 0.0721, 0.5351, 0.1250, 0.0283, 0.0605, 0.0283,
         0.0331],
        [0.0220, 0.0188, 0.1624, 0.2661, 0.0575, 0.0677, 0.0650, 0.2063, 0.0287,
         0.1056],
        [0.0080, 0.0095, 0.8889, 0.0188, 0.0121, 0.0160, 0.0142, 0.0118, 0.0089,
         0.0118],
        [0.0305, 0.0217, 0.0194, 0.0311, 0.5466, 0.0676, 0.0447, 0.1498, 0.0426,
         0.0461],
        [0.0524, 0.0233, 0.1238, 0.0768, 0.0328, 0.0337, 0.0402, 0.0616, 0.0275,
         0.5279],
        [0.0300, 0.0111, 0.0140, 0.0172, 0.0141, 0.0165, 0.0136, 0.0134, 0.8439,
         0.0262],
        [0.3797, 0.0198, 0.0556, 0.0533, 0.2173, 0.0288, 0.0534, 0.0931, 0.0515,
         0.0474],
        [0.0292, 0.0270, 0.0233, 0.0392, 0.7193, 0.0411, 0.0422, 0.0149, 0.0370,
         0.0268],
        [0.0508, 0.0251, 0.2296, 0.1132, 0.0462, 0.0433, 0.0310, 0.0222, 0.2457,
         0.1931],
        [0.0149, 0.0228, 0.0396, 0.0839, 0.6554, 0.0592, 0.0244, 0.0481, 0.0213,
         0.0304],
        [0.0182, 0.0238, 0.0130, 0.0356, 0.0146, 0.0160, 0.0200, 0.0215, 0.8008,
         0.0365],
        [0.0077, 0.0127, 0.0173, 0.0161, 0.0145, 0.0189, 0.0190, 0.8673, 0.0141,
         0.0125],
        [0.0187, 0.0222, 0.0163, 0.8198, 0.0140, 0.0180, 0.0211, 0.0279, 0.0225,
         0.0194],
        [0.0216, 0.0177, 0.0249, 0.6352, 0.0173, 0.1656, 0.0243, 0.0364, 0.0272,
         0.0298],
        [0.0360, 0.7613, 0.0263, 0.0302, 0.0299, 0.0185, 0.0197, 0.0319, 0.0180,
         0.0281],
        [0.0209, 0.0303, 0.0288, 0.0408, 0.0179, 0.0240, 0.7679, 0.0278, 0.0208,
         0.0207],
        [0.0326, 0.0233, 0.0300, 0.0266, 0.6624, 0.0351, 0.0274, 0.0914, 0.0358,
         0.0356],
        [0.0938, 0.0726, 0.0931, 0.1136, 0.0253, 0.0258, 0.0410, 0.0388, 0.0266,
         0.4693],
        [0.0426, 0.0095, 0.0094, 0.0122, 0.0112, 0.0100, 0.0101, 0.0100, 0.8700,
         0.0150],
        [0.0173, 0.0143, 0.0153, 0.2592, 0.0417, 0.3570, 0.0184, 0.1826, 0.0339,
         0.0603],
        [0.0192, 0.0312, 0.0290, 0.0340, 0.0177, 0.0134, 0.7857, 0.0359, 0.0157,
         0.0183],
        [0.0493, 0.0155, 0.0278, 0.0454, 0.0162, 0.0259, 0.0171, 0.0143, 0.7626,
         0.0258],
        [0.0810, 0.0275, 0.0236, 0.0305, 0.0184, 0.0201, 0.0185, 0.0176, 0.7175,
         0.0453],
        [0.0311, 0.0174, 0.0368, 0.7248, 0.0161, 0.0856, 0.0363, 0.0180, 0.0165,
         0.0175]], device='cuda:0', grad_fn=<SoftmaxBackward>)
>> best accuracy: 76.9	best epoch: 10

>> final recovery rate: 79.93333333333334%
>> val epoch: 15
>> current accuracy: 83.24000000000001%
outputs: tensor([[0.0260, 0.0299, 0.0724, 0.5041, 0.2069, 0.0702, 0.0278, 0.0229, 0.0183,
         0.0215],
        [0.0148, 0.0286, 0.0098, 0.0232, 0.0737, 0.0185, 0.0241, 0.7521, 0.0196,
         0.0356],
        [0.0106, 0.0115, 0.0085, 0.0124, 0.0123, 0.0106, 0.0075, 0.0102, 0.9021,
         0.0145],
        [0.0152, 0.0247, 0.0120, 0.0309, 0.4537, 0.0424, 0.0197, 0.3261, 0.0223,
         0.0529],
        [0.0193, 0.0381, 0.4288, 0.0294, 0.2984, 0.0151, 0.0656, 0.0358, 0.0278,
         0.0417],
        [0.0248, 0.0429, 0.0155, 0.0480, 0.0194, 0.0250, 0.7137, 0.0350, 0.0421,
         0.0336],
        [0.0291, 0.0416, 0.0513, 0.0686, 0.0694, 0.0463, 0.5865, 0.0363, 0.0282,
         0.0428],
        [0.0199, 0.0417, 0.0178, 0.0194, 0.0172, 0.0100, 0.0172, 0.7988, 0.0304,
         0.0276],
        [0.0147, 0.0244, 0.0121, 0.0150, 0.0180, 0.0111, 0.0166, 0.0163, 0.0203,
         0.8516],
        [0.0350, 0.0447, 0.0156, 0.0688, 0.0173, 0.7077, 0.0319, 0.0192, 0.0383,
         0.0215],
        [0.0439, 0.0210, 0.6010, 0.1921, 0.0149, 0.0123, 0.0272, 0.0207, 0.0393,
         0.0274],
        [0.0396, 0.0422, 0.0175, 0.0466, 0.0208, 0.6775, 0.0270, 0.0456, 0.0589,
         0.0242],
        [0.6205, 0.0354, 0.1151, 0.0519, 0.0334, 0.0130, 0.0157, 0.0271, 0.0554,
         0.0324],
        [0.0202, 0.8318, 0.0179, 0.0152, 0.0181, 0.0154, 0.0198, 0.0199, 0.0214,
         0.0203],
        [0.0158, 0.0129, 0.0125, 0.0159, 0.0222, 0.0099, 0.0201, 0.0200, 0.0246,
         0.8460],
        [0.0122, 0.0168, 0.0123, 0.8481, 0.0114, 0.0199, 0.0188, 0.0225, 0.0207,
         0.0175],
        [0.1129, 0.1260, 0.0729, 0.0474, 0.1633, 0.0193, 0.0600, 0.2186, 0.0348,
         0.1447],
        [0.0218, 0.0340, 0.0508, 0.1487, 0.2248, 0.1115, 0.1394, 0.1964, 0.0240,
         0.0486],
        [0.6473, 0.0254, 0.0441, 0.0407, 0.0439, 0.0336, 0.0401, 0.0268, 0.0633,
         0.0348],
        [0.0256, 0.0143, 0.0115, 0.6308, 0.0124, 0.2498, 0.0186, 0.0107, 0.0120,
         0.0144],
        [0.0354, 0.0662, 0.0196, 0.1082, 0.0379, 0.1351, 0.0463, 0.4534, 0.0502,
         0.0477],
        [0.0494, 0.0299, 0.0232, 0.0744, 0.0290, 0.1054, 0.0172, 0.5931, 0.0388,
         0.0396],
        [0.0172, 0.0442, 0.0229, 0.0205, 0.7024, 0.0232, 0.0185, 0.0866, 0.0292,
         0.0354],
        [0.0523, 0.7847, 0.0113, 0.0136, 0.0112, 0.0096, 0.0194, 0.0128, 0.0243,
         0.0608],
        [0.0200, 0.6087, 0.0212, 0.0195, 0.0192, 0.0184, 0.0157, 0.0296, 0.0220,
         0.2259],
        [0.0129, 0.0391, 0.0150, 0.0245, 0.0234, 0.0134, 0.0134, 0.8035, 0.0248,
         0.0301],
        [0.0313, 0.0253, 0.0180, 0.0325, 0.0205, 0.7432, 0.0157, 0.0467, 0.0495,
         0.0175],
        [0.0172, 0.0350, 0.1188, 0.1994, 0.0421, 0.0857, 0.0309, 0.3924, 0.0297,
         0.0487],
        [0.0167, 0.0341, 0.0231, 0.1312, 0.0148, 0.0423, 0.6251, 0.0292, 0.0504,
         0.0331],
        [0.7808, 0.0344, 0.0170, 0.0199, 0.0207, 0.0160, 0.0183, 0.0249, 0.0313,
         0.0367],
        [0.0168, 0.8610, 0.0106, 0.0114, 0.0123, 0.0121, 0.0099, 0.0120, 0.0189,
         0.0351],
        [0.0296, 0.0465, 0.0119, 0.0427, 0.0176, 0.7204, 0.0349, 0.0325, 0.0439,
         0.0200],
        [0.0194, 0.2090, 0.0278, 0.0158, 0.0200, 0.0246, 0.0206, 0.0233, 0.0480,
         0.5916],
        [0.0142, 0.3873, 0.0122, 0.0128, 0.0156, 0.0191, 0.0086, 0.0180, 0.0184,
         0.4936],
        [0.1745, 0.0436, 0.1687, 0.2342, 0.0518, 0.0576, 0.0285, 0.0806, 0.0632,
         0.0974],
        [0.0448, 0.0527, 0.0282, 0.0706, 0.0218, 0.0254, 0.0177, 0.6121, 0.0310,
         0.0958],
        [0.0190, 0.0302, 0.0316, 0.2165, 0.0453, 0.0308, 0.5215, 0.0358, 0.0337,
         0.0357],
        [0.0298, 0.0714, 0.0762, 0.0644, 0.0573, 0.0347, 0.4324, 0.1026, 0.0453,
         0.0859],
        [0.0176, 0.0276, 0.7965, 0.0148, 0.0231, 0.0138, 0.0248, 0.0285, 0.0291,
         0.0243],
        [0.0598, 0.1403, 0.0139, 0.0237, 0.0379, 0.0167, 0.1015, 0.0369, 0.5116,
         0.0575],
        [0.0217, 0.0165, 0.0113, 0.3201, 0.0219, 0.4554, 0.0504, 0.0290, 0.0527,
         0.0211],
        [0.0118, 0.0143, 0.0094, 0.0172, 0.0141, 0.0099, 0.0081, 0.0145, 0.8895,
         0.0112],
        [0.0206, 0.8362, 0.0155, 0.0157, 0.0125, 0.0127, 0.0130, 0.0132, 0.0224,
         0.0383],
        [0.0142, 0.0201, 0.0106, 0.0172, 0.0161, 0.0116, 0.0152, 0.0187, 0.8604,
         0.0158],
        [0.0115, 0.0408, 0.0125, 0.0248, 0.0272, 0.0139, 0.7736, 0.0291, 0.0372,
         0.0292],
        [0.0207, 0.0653, 0.3746, 0.1523, 0.0238, 0.0339, 0.0788, 0.0753, 0.0218,
         0.1536],
        [0.0122, 0.0302, 0.0169, 0.0329, 0.0949, 0.0156, 0.7104, 0.0267, 0.0251,
         0.0351],
        [0.0367, 0.0468, 0.0214, 0.0484, 0.0208, 0.6880, 0.0206, 0.0281, 0.0554,
         0.0338],
        [0.0175, 0.0282, 0.0108, 0.0246, 0.8085, 0.0297, 0.0228, 0.0176, 0.0173,
         0.0231],
        [0.0145, 0.0254, 0.0080, 0.8343, 0.0173, 0.0364, 0.0158, 0.0161, 0.0168,
         0.0154],
        [0.0122, 0.7972, 0.0113, 0.0122, 0.0111, 0.0118, 0.0099, 0.0138, 0.0178,
         0.1028],
        [0.7534, 0.0353, 0.0164, 0.0160, 0.0280, 0.0184, 0.0215, 0.0224, 0.0561,
         0.0326],
        [0.0262, 0.0195, 0.0185, 0.1221, 0.0261, 0.7086, 0.0158, 0.0212, 0.0264,
         0.0155],
        [0.0463, 0.0355, 0.1389, 0.0694, 0.1053, 0.0243, 0.3297, 0.0348, 0.1708,
         0.0450],
        [0.4278, 0.0562, 0.0574, 0.0270, 0.0690, 0.0237, 0.0308, 0.2371, 0.0366,
         0.0347],
        [0.0209, 0.0259, 0.0253, 0.1084, 0.0145, 0.0400, 0.0146, 0.5331, 0.0267,
         0.1908],
        [0.0163, 0.8807, 0.0110, 0.0123, 0.0128, 0.0065, 0.0102, 0.0106, 0.0160,
         0.0236],
        [0.0254, 0.0286, 0.6708, 0.0345, 0.0774, 0.0206, 0.0246, 0.0508, 0.0418,
         0.0256],
        [0.0243, 0.0228, 0.0189, 0.0241, 0.0174, 0.0108, 0.0195, 0.0193, 0.8287,
         0.0143],
        [0.0301, 0.0293, 0.7732, 0.0162, 0.0422, 0.0177, 0.0146, 0.0171, 0.0381,
         0.0214],
        [0.0477, 0.0465, 0.0633, 0.2896, 0.1058, 0.0422, 0.1230, 0.0989, 0.1439,
         0.0390],
        [0.0121, 0.0438, 0.0190, 0.0271, 0.0815, 0.0157, 0.7197, 0.0251, 0.0263,
         0.0297],
        [0.0176, 0.0278, 0.0098, 0.0625, 0.0121, 0.7787, 0.0154, 0.0249, 0.0355,
         0.0156],
        [0.7091, 0.0566, 0.0316, 0.0230, 0.0354, 0.0221, 0.0262, 0.0321, 0.0396,
         0.0244],
        [0.0120, 0.0287, 0.0072, 0.0154, 0.0348, 0.0135, 0.8033, 0.0288, 0.0321,
         0.0240],
        [0.7489, 0.0580, 0.0275, 0.0206, 0.0228, 0.0133, 0.0141, 0.0166, 0.0489,
         0.0293],
        [0.0113, 0.0233, 0.0094, 0.0199, 0.0304, 0.0120, 0.7990, 0.0274, 0.0371,
         0.0303],
        [0.0192, 0.0213, 0.2059, 0.3996, 0.1029, 0.0445, 0.0391, 0.0850, 0.0245,
         0.0580],
        [0.0197, 0.0144, 0.6588, 0.1325, 0.0412, 0.0311, 0.0156, 0.0342, 0.0252,
         0.0272],
        [0.0372, 0.0295, 0.0177, 0.5063, 0.2420, 0.0804, 0.0297, 0.0154, 0.0214,
         0.0204],
        [0.0249, 0.0241, 0.0219, 0.3220, 0.0388, 0.4394, 0.0256, 0.0390, 0.0345,
         0.0298],
        [0.0093, 0.0149, 0.0078, 0.0145, 0.0112, 0.0085, 0.0105, 0.0131, 0.8957,
         0.0144]], device='cuda:0', grad_fn=<SoftmaxBackward>)
>> best accuracy: 83.24000000000001	best epoch: 15

>> final recovery rate: 79.93333333333334%
>> val epoch: 20
>> current accuracy: 80.32000000000001%
outputs: tensor([[0.0131, 0.0151, 0.0100, 0.0112, 0.0120, 0.0112, 0.0071, 0.0146, 0.8964,
         0.0094],
        [0.0122, 0.0236, 0.0156, 0.0158, 0.0220, 0.0227, 0.0104, 0.0168, 0.0114,
         0.8495],
        [0.0364, 0.0180, 0.0496, 0.0504, 0.0071, 0.0139, 0.7560, 0.0219, 0.0197,
         0.0269],
        [0.2153, 0.0757, 0.2637, 0.1788, 0.0110, 0.0732, 0.0216, 0.0609, 0.0249,
         0.0747],
        [0.0153, 0.0305, 0.0095, 0.0226, 0.0172, 0.0303, 0.0146, 0.0193, 0.0175,
         0.8233],
        [0.8494, 0.0168, 0.0082, 0.0076, 0.0140, 0.0171, 0.0216, 0.0197, 0.0226,
         0.0230],
        [0.0115, 0.8926, 0.0070, 0.0083, 0.0105, 0.0141, 0.0078, 0.0209, 0.0201,
         0.0071],
        [0.8177, 0.0156, 0.0067, 0.0194, 0.0191, 0.0327, 0.0224, 0.0207, 0.0253,
         0.0205],
        [0.0227, 0.0169, 0.0061, 0.0130, 0.0088, 0.0095, 0.0061, 0.0106, 0.8995,
         0.0069],
        [0.0339, 0.0400, 0.0120, 0.0268, 0.0273, 0.0343, 0.0197, 0.7539, 0.0272,
         0.0249],
        [0.0192, 0.0241, 0.0082, 0.0129, 0.8006, 0.0470, 0.0125, 0.0181, 0.0260,
         0.0314],
        [0.0231, 0.0199, 0.0144, 0.0218, 0.6977, 0.1133, 0.0196, 0.0589, 0.0142,
         0.0171],
        [0.8943, 0.0087, 0.0082, 0.0226, 0.0090, 0.0133, 0.0107, 0.0073, 0.0131,
         0.0128],
        [0.0368, 0.0433, 0.0167, 0.0270, 0.0142, 0.0203, 0.0141, 0.0146, 0.1816,
         0.6313],
        [0.0169, 0.0297, 0.0412, 0.0265, 0.0319, 0.1519, 0.0181, 0.6030, 0.0236,
         0.0573],
        [0.0263, 0.0239, 0.7619, 0.0226, 0.0117, 0.0160, 0.0490, 0.0367, 0.0292,
         0.0226],
        [0.0255, 0.0312, 0.0105, 0.7978, 0.0202, 0.0167, 0.0179, 0.0463, 0.0239,
         0.0101],
        [0.0169, 0.0209, 0.0092, 0.0169, 0.0133, 0.0256, 0.8381, 0.0259, 0.0171,
         0.0162],
        [0.0113, 0.0201, 0.0051, 0.0133, 0.8560, 0.0182, 0.0128, 0.0284, 0.0200,
         0.0147],
        [0.0431, 0.0142, 0.0097, 0.0360, 0.6705, 0.0877, 0.0431, 0.0585, 0.0162,
         0.0209],
        [0.0152, 0.9037, 0.0097, 0.0093, 0.0078, 0.0098, 0.0048, 0.0164, 0.0093,
         0.0141],
        [0.0125, 0.0122, 0.0096, 0.0083, 0.8581, 0.0331, 0.0103, 0.0299, 0.0105,
         0.0155],
        [0.0158, 0.4989, 0.0144, 0.0134, 0.0103, 0.0458, 0.0048, 0.0184, 0.0097,
         0.3684],
        [0.0320, 0.0509, 0.0139, 0.0175, 0.0278, 0.0243, 0.0286, 0.7656, 0.0215,
         0.0180],
        [0.0281, 0.0466, 0.0125, 0.0161, 0.6848, 0.0419, 0.0192, 0.0876, 0.0400,
         0.0231],
        [0.0172, 0.0215, 0.0180, 0.0160, 0.0133, 0.0796, 0.0226, 0.7682, 0.0220,
         0.0217],
        [0.0315, 0.0409, 0.0147, 0.0287, 0.0174, 0.0422, 0.0402, 0.7476, 0.0197,
         0.0171],
        [0.0230, 0.0214, 0.0100, 0.6144, 0.0167, 0.0660, 0.1815, 0.0282, 0.0250,
         0.0138],
        [0.0101, 0.0219, 0.0125, 0.0186, 0.0130, 0.0267, 0.0159, 0.8511, 0.0125,
         0.0177],
        [0.0173, 0.0210, 0.0081, 0.0292, 0.8396, 0.0206, 0.0123, 0.0205, 0.0160,
         0.0154],
        [0.0114, 0.0149, 0.0079, 0.0109, 0.0081, 0.0109, 0.0122, 0.0216, 0.8874,
         0.0146],
        [0.0094, 0.0180, 0.0054, 0.0130, 0.0080, 0.0195, 0.8858, 0.0180, 0.0121,
         0.0106],
        [0.8138, 0.0241, 0.0075, 0.0262, 0.0193, 0.0201, 0.0178, 0.0222, 0.0336,
         0.0154],
        [0.0161, 0.0570, 0.0225, 0.0677, 0.5551, 0.0688, 0.0261, 0.0926, 0.0248,
         0.0693],
        [0.3030, 0.0243, 0.0087, 0.0273, 0.0113, 0.0217, 0.0162, 0.0121, 0.5643,
         0.0112],
        [0.0390, 0.0442, 0.1661, 0.2026, 0.1447, 0.1934, 0.0210, 0.0646, 0.0355,
         0.0889],
        [0.0086, 0.0211, 0.0050, 0.0151, 0.0125, 0.0129, 0.0043, 0.0101, 0.0080,
         0.9024],
        [0.0150, 0.0275, 0.0121, 0.0212, 0.8166, 0.0321, 0.0108, 0.0238, 0.0203,
         0.0207],
        [0.0222, 0.0378, 0.7834, 0.0171, 0.0222, 0.0197, 0.0194, 0.0297, 0.0259,
         0.0227],
        [0.0123, 0.0150, 0.0062, 0.0090, 0.0099, 0.0121, 0.0067, 0.0120, 0.9104,
         0.0063],
        [0.0269, 0.0416, 0.7325, 0.0221, 0.0151, 0.0234, 0.0319, 0.0452, 0.0239,
         0.0373],
        [0.0180, 0.0307, 0.0095, 0.0142, 0.0143, 0.0240, 0.0096, 0.0185, 0.0103,
         0.8510],
        [0.5625, 0.0333, 0.0171, 0.0207, 0.0111, 0.0157, 0.0196, 0.0301, 0.2780,
         0.0119],
        [0.0123, 0.0211, 0.0099, 0.0096, 0.0101, 0.0116, 0.0068, 0.0156, 0.8881,
         0.0150],
        [0.0326, 0.0412, 0.0103, 0.0880, 0.5884, 0.0909, 0.0464, 0.0469, 0.0234,
         0.0320],
        [0.0167, 0.0184, 0.0134, 0.0192, 0.0145, 0.0204, 0.8331, 0.0278, 0.0163,
         0.0203],
        [0.0093, 0.0165, 0.0102, 0.0110, 0.0055, 0.8939, 0.0083, 0.0149, 0.0154,
         0.0150],
        [0.0125, 0.0186, 0.0100, 0.0152, 0.0116, 0.0194, 0.8507, 0.0274, 0.0191,
         0.0154],
        [0.0971, 0.1707, 0.3027, 0.0672, 0.0301, 0.0597, 0.0354, 0.0503, 0.0706,
         0.1161],
        [0.0145, 0.0401, 0.7307, 0.0280, 0.0340, 0.0298, 0.0170, 0.0435, 0.0281,
         0.0343],
        [0.0158, 0.0198, 0.0076, 0.8492, 0.0131, 0.0104, 0.0128, 0.0457, 0.0177,
         0.0079],
        [0.0128, 0.0169, 0.0120, 0.0195, 0.0094, 0.8716, 0.0092, 0.0142, 0.0147,
         0.0197],
        [0.0105, 0.0094, 0.0066, 0.0138, 0.0060, 0.9022, 0.0108, 0.0160, 0.0155,
         0.0092],
        [0.0216, 0.0232, 0.0071, 0.0091, 0.8198, 0.0357, 0.0149, 0.0241, 0.0259,
         0.0187],
        [0.0114, 0.0172, 0.0111, 0.0085, 0.0079, 0.8746, 0.0121, 0.0196, 0.0212,
         0.0163],
        [0.0284, 0.0476, 0.0130, 0.0163, 0.0195, 0.0274, 0.0261, 0.7857, 0.0222,
         0.0139],
        [0.0121, 0.0145, 0.0071, 0.0201, 0.8118, 0.0266, 0.0101, 0.0634, 0.0222,
         0.0121],
        [0.0194, 0.0562, 0.0310, 0.0179, 0.0275, 0.0357, 0.0206, 0.0388, 0.0187,
         0.7341],
        [0.0209, 0.0324, 0.0195, 0.0191, 0.0233, 0.0292, 0.0181, 0.0236, 0.0137,
         0.8002],
        [0.0138, 0.0182, 0.0071, 0.0135, 0.0108, 0.0164, 0.8561, 0.0357, 0.0179,
         0.0104],
        [0.0267, 0.0152, 0.7406, 0.0222, 0.0140, 0.0213, 0.0545, 0.0206, 0.0682,
         0.0165],
        [0.0227, 0.0312, 0.0167, 0.0154, 0.0143, 0.0284, 0.0261, 0.8162, 0.0197,
         0.0094],
        [0.0355, 0.1481, 0.0156, 0.0280, 0.0910, 0.1167, 0.0227, 0.4552, 0.0267,
         0.0606],
        [0.1709, 0.0512, 0.0304, 0.4462, 0.0165, 0.0473, 0.0267, 0.1376, 0.0394,
         0.0337],
        [0.0138, 0.0226, 0.0072, 0.0193, 0.7615, 0.0338, 0.0153, 0.0435, 0.0293,
         0.0537],
        [0.0079, 0.0118, 0.0051, 0.0252, 0.0095, 0.0253, 0.8739, 0.0182, 0.0124,
         0.0107],
        [0.0227, 0.0125, 0.0317, 0.0139, 0.0079, 0.0167, 0.1820, 0.0212, 0.6411,
         0.0503],
        [0.1785, 0.0353, 0.0116, 0.0302, 0.0153, 0.0289, 0.0213, 0.0209, 0.6439,
         0.0140],
        [0.0091, 0.0166, 0.0043, 0.0101, 0.0085, 0.0168, 0.8741, 0.0251, 0.0222,
         0.0132],
        [0.7403, 0.0358, 0.0123, 0.0272, 0.0187, 0.0192, 0.0101, 0.0208, 0.0955,
         0.0200],
        [0.0635, 0.0559, 0.0372, 0.0248, 0.0096, 0.0175, 0.6276, 0.0361, 0.0839,
         0.0441],
        [0.0243, 0.0211, 0.0152, 0.5978, 0.0141, 0.2038, 0.0364, 0.0295, 0.0421,
         0.0157]], device='cuda:0', grad_fn=<SoftmaxBackward>)
>> best accuracy: 83.24000000000001	best epoch: 15

>> final recovery rate: 79.93333333333334%
>> val epoch: 25
>> current accuracy: 86.14%
outputs: tensor([[0.0186, 0.0257, 0.0188, 0.0659, 0.0643, 0.0535, 0.0352, 0.6166, 0.0569,
         0.0445],
        [0.0081, 0.0186, 0.0155, 0.0176, 0.0164, 0.0407, 0.0172, 0.8420, 0.0135,
         0.0104],
        [0.0126, 0.0197, 0.0090, 0.0128, 0.0300, 0.0243, 0.8311, 0.0311, 0.0182,
         0.0112],
        [0.0141, 0.0142, 0.0115, 0.0132, 0.0104, 0.8854, 0.0092, 0.0162, 0.0121,
         0.0138],
        [0.0271, 0.0432, 0.7744, 0.0213, 0.0260, 0.0211, 0.0174, 0.0185, 0.0158,
         0.0352],
        [0.0136, 0.0140, 0.0738, 0.0317, 0.0203, 0.0239, 0.7288, 0.0502, 0.0176,
         0.0260],
        [0.0171, 0.0271, 0.7690, 0.0368, 0.0205, 0.0412, 0.0293, 0.0114, 0.0164,
         0.0312],
        [0.0178, 0.0217, 0.0160, 0.0341, 0.0203, 0.8154, 0.0120, 0.0210, 0.0220,
         0.0196],
        [0.0572, 0.0775, 0.0884, 0.0204, 0.0249, 0.0235, 0.0918, 0.0131, 0.0611,
         0.5421],
        [0.0499, 0.0214, 0.0166, 0.0244, 0.0278, 0.0285, 0.0254, 0.0117, 0.7738,
         0.0204],
        [0.0210, 0.0296, 0.8026, 0.0154, 0.0273, 0.0191, 0.0269, 0.0126, 0.0130,
         0.0324],
        [0.0160, 0.0211, 0.7279, 0.0814, 0.0123, 0.0142, 0.0308, 0.0296, 0.0512,
         0.0154],
        [0.0182, 0.0336, 0.0378, 0.5194, 0.1557, 0.1386, 0.0302, 0.0209, 0.0191,
         0.0267],
        [0.2195, 0.0386, 0.0285, 0.0649, 0.0990, 0.0421, 0.0989, 0.0483, 0.3202,
         0.0400],
        [0.0186, 0.0320, 0.1439, 0.0559, 0.0667, 0.0980, 0.0346, 0.5136, 0.0144,
         0.0224],
        [0.0131, 0.0316, 0.0141, 0.0315, 0.6321, 0.0958, 0.0322, 0.1023, 0.0320,
         0.0151],
        [0.0349, 0.0447, 0.0263, 0.0236, 0.0279, 0.7114, 0.0297, 0.0322, 0.0354,
         0.0340],
        [0.0117, 0.0207, 0.0066, 0.0062, 0.8926, 0.0134, 0.0104, 0.0113, 0.0120,
         0.0151],
        [0.0120, 0.0559, 0.0291, 0.0313, 0.0290, 0.0215, 0.0178, 0.0271, 0.0462,
         0.7301],
        [0.0150, 0.0149, 0.0131, 0.0126, 0.0212, 0.0121, 0.0165, 0.0100, 0.8647,
         0.0199],
        [0.0162, 0.0181, 0.8466, 0.0117, 0.0172, 0.0127, 0.0234, 0.0171, 0.0173,
         0.0198],
