noise type: uniform
noise level: 0.4
when_to_apply_epoch: 25
total clean data num: 27011
probability transition matrix:
[[0.6        0.04444444 0.04444444 0.04444444 0.04444444 0.04444444
  0.04444444 0.04444444 0.04444444 0.04444444]
 [0.04444444 0.6        0.04444444 0.04444444 0.04444444 0.04444444
  0.04444444 0.04444444 0.04444444 0.04444444]
 [0.04444444 0.04444444 0.6        0.04444444 0.04444444 0.04444444
  0.04444444 0.04444444 0.04444444 0.04444444]
 [0.04444444 0.04444444 0.04444444 0.6        0.04444444 0.04444444
  0.04444444 0.04444444 0.04444444 0.04444444]
 [0.04444444 0.04444444 0.04444444 0.04444444 0.6        0.04444444
  0.04444444 0.04444444 0.04444444 0.04444444]
 [0.04444444 0.04444444 0.04444444 0.04444444 0.04444444 0.6
  0.04444444 0.04444444 0.04444444 0.04444444]
 [0.04444444 0.04444444 0.04444444 0.04444444 0.04444444 0.04444444
  0.6        0.04444444 0.04444444 0.04444444]
 [0.04444444 0.04444444 0.04444444 0.04444444 0.04444444 0.04444444
  0.04444444 0.6        0.04444444 0.04444444]
 [0.04444444 0.04444444 0.04444444 0.04444444 0.04444444 0.04444444
  0.04444444 0.04444444 0.6        0.04444444]
 [0.04444444 0.04444444 0.04444444 0.04444444 0.04444444 0.04444444
  0.04444444 0.04444444 0.04444444 0.6       ]]
>> val epoch: 0
>> current accuracy: 42.84%
outputs: tensor([[0.0515, 0.0945, 0.1466, 0.0679, 0.1675, 0.0731, 0.1128, 0.1697, 0.0567,
         0.0596],
        [0.1014, 0.3423, 0.0745, 0.0539, 0.0389, 0.0301, 0.0348, 0.0589, 0.1422,
         0.1231],
        [0.0627, 0.0624, 0.1355, 0.0515, 0.1013, 0.0688, 0.0509, 0.3145, 0.0532,
         0.0992],
        [0.0535, 0.0694, 0.1201, 0.1444, 0.1046, 0.1326, 0.1416, 0.1270, 0.0465,
         0.0603],
        [0.4599, 0.0451, 0.0494, 0.0198, 0.0275, 0.0148, 0.0171, 0.0355, 0.2956,
         0.0354],
        [0.0424, 0.0756, 0.1360, 0.1027, 0.1488, 0.0508, 0.2929, 0.0580, 0.0407,
         0.0520],
        [0.1092, 0.2240, 0.0655, 0.0643, 0.0417, 0.0318, 0.0356, 0.0706, 0.1965,
         0.1608],
        [0.1040, 0.1304, 0.0897, 0.1813, 0.0462, 0.0959, 0.0681, 0.0691, 0.1036,
         0.1117],
        [0.0614, 0.0435, 0.2579, 0.1056, 0.1527, 0.0717, 0.1761, 0.0400, 0.0540,
         0.0371],
        [0.0529, 0.0581, 0.1339, 0.1346, 0.1531, 0.0609, 0.2694, 0.0462, 0.0519,
         0.0389],
        [0.0651, 0.0627, 0.1109, 0.1154, 0.1103, 0.1239, 0.0956, 0.1832, 0.0693,
         0.0637],
        [0.0945, 0.3543, 0.0648, 0.0440, 0.0332, 0.0231, 0.0308, 0.0565, 0.1001,
         0.1987],
        [0.0957, 0.0675, 0.1040, 0.2600, 0.0697, 0.1270, 0.1230, 0.0432, 0.0695,
         0.0405],
        [0.0349, 0.0600, 0.1236, 0.0608, 0.1912, 0.0796, 0.1643, 0.2020, 0.0393,
         0.0443],
        [0.0790, 0.1556, 0.0685, 0.1656, 0.0580, 0.0656, 0.1449, 0.0749, 0.0818,
         0.1062],
        [0.2145, 0.0387, 0.2015, 0.0410, 0.1428, 0.0518, 0.0512, 0.0777, 0.1385,
         0.0424],
        [0.0370, 0.0942, 0.0576, 0.2897, 0.0339, 0.2143, 0.0995, 0.0684, 0.0565,
         0.0489],
        [0.1074, 0.2184, 0.0921, 0.0858, 0.0627, 0.0424, 0.0581, 0.0685, 0.2002,
         0.0644],
        [0.1987, 0.0704, 0.0691, 0.0371, 0.0390, 0.0210, 0.0276, 0.0503, 0.4360,
         0.0509],
        [0.0168, 0.0354, 0.1244, 0.0735, 0.2103, 0.0392, 0.4469, 0.0242, 0.0169,
         0.0126],
        [0.0325, 0.0792, 0.0577, 0.1691, 0.0689, 0.1101, 0.2994, 0.1077, 0.0309,
         0.0445],
        [0.2671, 0.0815, 0.1132, 0.0678, 0.0645, 0.0496, 0.0538, 0.0720, 0.1337,
         0.0967],
        [0.0275, 0.0371, 0.2285, 0.0604, 0.2752, 0.0528, 0.2222, 0.0440, 0.0307,
         0.0216],
        [0.0961, 0.3016, 0.0686, 0.0512, 0.0442, 0.0274, 0.0315, 0.0646, 0.1273,
         0.1876],
        [0.3484, 0.0603, 0.0896, 0.0380, 0.0462, 0.0280, 0.0354, 0.0431, 0.2567,
         0.0543],
        [0.3475, 0.0721, 0.1074, 0.0695, 0.0537, 0.0444, 0.0434, 0.0544, 0.1435,
         0.0641],
        [0.0589, 0.1152, 0.1481, 0.0708, 0.1644, 0.0706, 0.0720, 0.1674, 0.0729,
         0.0595],
        [0.0349, 0.0628, 0.0676, 0.2316, 0.0757, 0.1291, 0.2492, 0.0767, 0.0373,
         0.0350],
        [0.0561, 0.1288, 0.0800, 0.1904, 0.0501, 0.1148, 0.0803, 0.0891, 0.0605,
         0.1498],
        [0.0695, 0.1101, 0.1371, 0.1553, 0.0616, 0.0905, 0.1109, 0.0789, 0.0581,
         0.1280],
        [0.0372, 0.0556, 0.0920, 0.0464, 0.1101, 0.0769, 0.0486, 0.4204, 0.0483,
         0.0645],
        [0.0604, 0.4383, 0.0694, 0.0367, 0.0427, 0.0224, 0.0266, 0.0691, 0.0757,
         0.1588],
        [0.1021, 0.0823, 0.1181, 0.1938, 0.0512, 0.0912, 0.1199, 0.0678, 0.0765,
         0.0970],
        [0.0357, 0.0629, 0.0655, 0.2445, 0.0598, 0.1716, 0.1992, 0.0879, 0.0375,
         0.0354],
        [0.1879, 0.1018, 0.0893, 0.0599, 0.0482, 0.0339, 0.0481, 0.0685, 0.2177,
         0.1447],
        [0.1266, 0.1424, 0.1199, 0.0867, 0.0875, 0.0694, 0.0496, 0.0846, 0.1641,
         0.0691],
        [0.1795, 0.0581, 0.1315, 0.1474, 0.0615, 0.1100, 0.0579, 0.0657, 0.1240,
         0.0644],
        [0.0763, 0.2835, 0.0636, 0.0400, 0.0308, 0.0248, 0.0307, 0.0599, 0.0581,
         0.3323],
        [0.0415, 0.0754, 0.0673, 0.1769, 0.0788, 0.0648, 0.3292, 0.0546, 0.0435,
         0.0681],
        [0.3967, 0.0863, 0.0747, 0.0403, 0.0376, 0.0248, 0.0273, 0.0324, 0.2146,
         0.0653],
        [0.0761, 0.0604, 0.1047, 0.1899, 0.1206, 0.0813, 0.1787, 0.0544, 0.0920,
         0.0419],
        [0.0904, 0.0756, 0.1893, 0.0829, 0.1371, 0.0647, 0.0624, 0.1005, 0.1264,
         0.0707],
        [0.0400, 0.0831, 0.1478, 0.0791, 0.2079, 0.0666, 0.1713, 0.1282, 0.0419,
         0.0342],
        [0.2635, 0.0691, 0.0670, 0.0402, 0.0365, 0.0237, 0.0261, 0.0473, 0.3706,
         0.0561],
        [0.0722, 0.0755, 0.1227, 0.2074, 0.0582, 0.1280, 0.1013, 0.0854, 0.0774,
         0.0718],
        [0.0421, 0.1115, 0.0916, 0.0372, 0.1379, 0.0472, 0.0853, 0.3373, 0.0422,
         0.0677],
        [0.0442, 0.1597, 0.0891, 0.1794, 0.0705, 0.0829, 0.1524, 0.0743, 0.0456,
         0.1018],
        [0.0634, 0.0847, 0.1226, 0.1703, 0.0747, 0.1167, 0.1029, 0.0875, 0.0746,
         0.1025],
        [0.0465, 0.0733, 0.1102, 0.0639, 0.0972, 0.1224, 0.0697, 0.3291, 0.0440,
         0.0437],
        [0.0265, 0.0382, 0.2105, 0.0643, 0.3107, 0.0532, 0.2036, 0.0450, 0.0283,
         0.0196],
        [0.1089, 0.1011, 0.1044, 0.1231, 0.0565, 0.0916, 0.0665, 0.1223, 0.0920,
         0.1335],
        [0.0279, 0.0817, 0.0777, 0.1519, 0.0842, 0.0658, 0.3769, 0.0577, 0.0290,
         0.0471],
        [0.1096, 0.2881, 0.0870, 0.0626, 0.0410, 0.0368, 0.0372, 0.0589, 0.1919,
         0.0868],
        [0.3287, 0.0698, 0.0755, 0.0312, 0.0434, 0.0245, 0.0283, 0.0493, 0.2940,
         0.0554],
        [0.1717, 0.0678, 0.1429, 0.1114, 0.0729, 0.0891, 0.0589, 0.0642, 0.1694,
         0.0517],
        [0.1496, 0.2621, 0.0790, 0.0480, 0.0537, 0.0281, 0.0296, 0.0688, 0.1758,
         0.1052],
        [0.0383, 0.0624, 0.1085, 0.1653, 0.1330, 0.1297, 0.1824, 0.0788, 0.0528,
         0.0489],
        [0.1991, 0.1455, 0.1021, 0.1142, 0.0504, 0.0644, 0.0638, 0.0638, 0.1202,
         0.0766],
        [0.0708, 0.3666, 0.0606, 0.0438, 0.0345, 0.0294, 0.0290, 0.0810, 0.0711,
         0.2133],
        [0.0396, 0.0443, 0.0521, 0.0231, 0.0815, 0.0389, 0.0369, 0.5735, 0.0338,
         0.0764],
        [0.0990, 0.0443, 0.2871, 0.0978, 0.1398, 0.0779, 0.0735, 0.0466, 0.1009,
         0.0332],
        [0.0586, 0.1379, 0.1110, 0.1087, 0.0917, 0.0857, 0.1334, 0.1486, 0.0517,
         0.0727],
        [0.3580, 0.0720, 0.0575, 0.0313, 0.0368, 0.0180, 0.0266, 0.0464, 0.2772,
         0.0761],
        [0.0213, 0.0389, 0.1250, 0.0734, 0.1813, 0.0380, 0.4535, 0.0275, 0.0214,
         0.0196],
        [0.1133, 0.0813, 0.1733, 0.1171, 0.0952, 0.1234, 0.0532, 0.0833, 0.1074,
         0.0526],
        [0.0375, 0.0874, 0.1212, 0.0990, 0.1436, 0.0511, 0.3186, 0.0661, 0.0354,
         0.0402],
        [0.0428, 0.0981, 0.0708, 0.1385, 0.0791, 0.0834, 0.2707, 0.1057, 0.0411,
         0.0698],
        [0.1631, 0.0970, 0.0819, 0.0583, 0.0440, 0.0327, 0.0457, 0.0647, 0.3164,
         0.0962],
        [0.0863, 0.2008, 0.0818, 0.1085, 0.0533, 0.0693, 0.0652, 0.0907, 0.1023,
         0.1416],
        [0.0694, 0.0597, 0.1282, 0.2381, 0.0576, 0.1185, 0.1293, 0.0760, 0.0620,
         0.0613],
        [0.0482, 0.1133, 0.0901, 0.2459, 0.0584, 0.1684, 0.0832, 0.0628, 0.0628,
         0.0671],
        [0.0775, 0.1184, 0.0967, 0.1373, 0.0980, 0.0605, 0.1680, 0.0726, 0.0779,
         0.0930]], device='cuda:0', grad_fn=<SoftmaxBackward>)
>> best accuracy: 42.84	best epoch: 0

>> final recovery rate: 60.02444444444445%
>> val epoch: 5
>> current accuracy: 69.08%
outputs: tensor([[0.0394, 0.0601, 0.1238, 0.0652, 0.2835, 0.0527, 0.2248, 0.0525, 0.0489,
         0.0491],
        [0.0239, 0.5413, 0.0641, 0.0512, 0.0262, 0.0506, 0.0403, 0.0754, 0.0524,
         0.0747],
        [0.5496, 0.0398, 0.0748, 0.0553, 0.0698, 0.0335, 0.0383, 0.0306, 0.0686,
         0.0397],
        [0.0561, 0.0440, 0.1260, 0.1093, 0.4091, 0.0433, 0.0652, 0.0713, 0.0320,
         0.0437],
        [0.0354, 0.0530, 0.0618, 0.3231, 0.0497, 0.2085, 0.0526, 0.1285, 0.0321,
         0.0553],
        [0.0443, 0.4415, 0.0876, 0.0487, 0.0337, 0.0610, 0.0475, 0.0597, 0.0897,
         0.0864],
        [0.0599, 0.0671, 0.1439, 0.1405, 0.0545, 0.2242, 0.0991, 0.1253, 0.0405,
         0.0450],
        [0.0249, 0.0373, 0.0460, 0.0454, 0.3907, 0.0493, 0.0398, 0.2649, 0.0564,
         0.0451],
        [0.0951, 0.0432, 0.0641, 0.0616, 0.0351, 0.0315, 0.0908, 0.0573, 0.4872,
         0.0341],
        [0.0369, 0.0612, 0.0474, 0.1743, 0.0268, 0.3593, 0.0784, 0.0998, 0.0481,
         0.0679],
        [0.0267, 0.0421, 0.0699, 0.0538, 0.0203, 0.0220, 0.0365, 0.0436, 0.0241,
         0.6609],
        [0.0458, 0.0711, 0.1037, 0.2375, 0.0838, 0.2277, 0.0807, 0.0783, 0.0313,
         0.0400],
        [0.0347, 0.0495, 0.0347, 0.3554, 0.0175, 0.3609, 0.0348, 0.0377, 0.0357,
         0.0392],
        [0.1718, 0.0622, 0.3731, 0.1267, 0.0431, 0.0417, 0.0772, 0.0394, 0.0283,
         0.0364],
        [0.0349, 0.0430, 0.0938, 0.1857, 0.2507, 0.1001, 0.1442, 0.0629, 0.0391,
         0.0456],
        [0.0472, 0.0551, 0.0945, 0.0699, 0.4728, 0.0534, 0.0442, 0.0790, 0.0333,
         0.0506],
        [0.4177, 0.0636, 0.0969, 0.0579, 0.0589, 0.0301, 0.0702, 0.0435, 0.1000,
         0.0612],
        [0.1213, 0.0481, 0.0810, 0.0349, 0.0526, 0.0419, 0.0446, 0.0590, 0.4753,
         0.0414],
        [0.0734, 0.0660, 0.1536, 0.0722, 0.1216, 0.0337, 0.3096, 0.0634, 0.0584,
         0.0480],
        [0.0509, 0.2228, 0.1645, 0.1539, 0.0493, 0.1001, 0.0439, 0.0933, 0.0573,
         0.0640],
        [0.2102, 0.1464, 0.0927, 0.0838, 0.1034, 0.0431, 0.0707, 0.0631, 0.0817,
         0.1048],
        [0.2673, 0.0379, 0.0569, 0.0481, 0.0400, 0.0401, 0.0519, 0.0483, 0.3773,
         0.0323],
        [0.0835, 0.2176, 0.0391, 0.1664, 0.0871, 0.0997, 0.0541, 0.0713, 0.0854,
         0.0957],
        [0.0292, 0.0732, 0.1077, 0.0508, 0.0328, 0.0577, 0.0785, 0.0863, 0.0402,
         0.4437],
        [0.0404, 0.0500, 0.0703, 0.4596, 0.0535, 0.0849, 0.1210, 0.0473, 0.0312,
         0.0417],
        [0.0449, 0.1111, 0.0684, 0.0675, 0.0446, 0.0444, 0.0574, 0.0670, 0.0316,
         0.4630],
        [0.4218, 0.0709, 0.1586, 0.0702, 0.0465, 0.0339, 0.0603, 0.0404, 0.0467,
         0.0506],
        [0.1051, 0.0447, 0.6032, 0.0569, 0.0309, 0.0313, 0.0503, 0.0254, 0.0245,
         0.0276],
        [0.0403, 0.0436, 0.0666, 0.1435, 0.1389, 0.2721, 0.0848, 0.1193, 0.0516,
         0.0394],
        [0.0345, 0.0527, 0.0502, 0.3129, 0.0371, 0.3610, 0.0390, 0.0378, 0.0431,
         0.0317],
        [0.0371, 0.0522, 0.0682, 0.1757, 0.0913, 0.1905, 0.0953, 0.1572, 0.0321,
         0.1005],
        [0.0490, 0.0617, 0.0322, 0.0517, 0.0303, 0.0420, 0.0595, 0.5422, 0.0578,
         0.0735],
        [0.0574, 0.0769, 0.0648, 0.0503, 0.0399, 0.0529, 0.0669, 0.0581, 0.4717,
         0.0611],
        [0.0170, 0.0237, 0.0970, 0.0530, 0.6538, 0.0403, 0.0222, 0.0351, 0.0309,
         0.0268],
        [0.0201, 0.0315, 0.0641, 0.0593, 0.5602, 0.0913, 0.0439, 0.0757, 0.0275,
         0.0264],
        [0.0638, 0.3165, 0.0782, 0.0705, 0.0619, 0.0736, 0.0720, 0.0515, 0.1643,
         0.0477],
        [0.0323, 0.0641, 0.0935, 0.3093, 0.1277, 0.1265, 0.0495, 0.1007, 0.0403,
         0.0561],
        [0.0819, 0.0495, 0.0491, 0.0460, 0.0434, 0.0419, 0.0657, 0.0576, 0.4201,
         0.1447],
        [0.2495, 0.0734, 0.1354, 0.2011, 0.0415, 0.0731, 0.0514, 0.0498, 0.0592,
         0.0656],
        [0.0731, 0.0760, 0.1235, 0.1080, 0.1674, 0.0649, 0.2165, 0.0452, 0.0748,
         0.0506],
        [0.0337, 0.0625, 0.5314, 0.0617, 0.0622, 0.0485, 0.0288, 0.0526, 0.0375,
         0.0810],
        [0.0502, 0.0630, 0.0474, 0.2302, 0.0451, 0.2680, 0.0783, 0.1026, 0.0328,
         0.0824],
        [0.1527, 0.0488, 0.1320, 0.1214, 0.0568, 0.1111, 0.0921, 0.0687, 0.1674,
         0.0490],
        [0.0394, 0.0568, 0.1312, 0.0904, 0.2057, 0.0628, 0.2656, 0.0589, 0.0497,
         0.0395],
        [0.0740, 0.0562, 0.3375, 0.0825, 0.2394, 0.0426, 0.0415, 0.0517, 0.0314,
         0.0432],
        [0.0478, 0.0642, 0.0532, 0.1363, 0.0876, 0.3292, 0.0595, 0.1129, 0.0541,
         0.0553],
        [0.0225, 0.0284, 0.0253, 0.0309, 0.0274, 0.0235, 0.0270, 0.7413, 0.0225,
         0.0512],
        [0.0330, 0.0590, 0.0712, 0.1466, 0.0747, 0.3226, 0.0551, 0.1505, 0.0345,
         0.0528],
        [0.0503, 0.5384, 0.0419, 0.0458, 0.0467, 0.0523, 0.0385, 0.0473, 0.0606,
         0.0782],
        [0.0375, 0.0530, 0.0488, 0.1982, 0.0913, 0.0825, 0.2869, 0.0740, 0.0565,
         0.0713],
        [0.0426, 0.0669, 0.2023, 0.1260, 0.1656, 0.0735, 0.1607, 0.0518, 0.0532,
         0.0575],
        [0.5510, 0.0619, 0.0952, 0.0602, 0.0466, 0.0353, 0.0461, 0.0218, 0.0454,
         0.0365],
        [0.1326, 0.0557, 0.1003, 0.0633, 0.0383, 0.0394, 0.0600, 0.0568, 0.3951,
         0.0586],
        [0.0322, 0.5615, 0.0554, 0.0625, 0.0384, 0.0676, 0.0335, 0.0584, 0.0434,
         0.0471],
        [0.0281, 0.1543, 0.0916, 0.0707, 0.0300, 0.1161, 0.0649, 0.1098, 0.0318,
         0.3026],
        [0.0661, 0.0582, 0.0539, 0.0642, 0.1556, 0.0622, 0.0506, 0.4063, 0.0356,
         0.0472],
        [0.0381, 0.0579, 0.1997, 0.1070, 0.0946, 0.0478, 0.3212, 0.0532, 0.0340,
         0.0464],
        [0.1329, 0.0728, 0.0534, 0.0545, 0.0414, 0.0422, 0.0715, 0.0482, 0.3774,
         0.1057],
        [0.5600, 0.0518, 0.0739, 0.0738, 0.0605, 0.0272, 0.0471, 0.0309, 0.0305,
         0.0442],
        [0.0975, 0.0614, 0.0829, 0.0583, 0.0623, 0.0487, 0.0573, 0.0585, 0.4349,
         0.0383],
        [0.0438, 0.0456, 0.0555, 0.0404, 0.0400, 0.0379, 0.0481, 0.0657, 0.5939,
         0.0290],
        [0.0274, 0.0760, 0.1131, 0.2611, 0.0307, 0.2031, 0.0336, 0.1614, 0.0216,
         0.0719],
        [0.0271, 0.0616, 0.0725, 0.0625, 0.2008, 0.0378, 0.0336, 0.4401, 0.0311,
         0.0328],
        [0.0243, 0.0629, 0.1012, 0.0822, 0.0310, 0.0307, 0.0366, 0.0430, 0.0408,
         0.5473],
        [0.5477, 0.0408, 0.0821, 0.0544, 0.0636, 0.0308, 0.0498, 0.0300, 0.0659,
         0.0349],
        [0.0341, 0.0656, 0.0936, 0.0880, 0.0805, 0.0440, 0.4448, 0.0562, 0.0535,
         0.0398],
        [0.0380, 0.0615, 0.0507, 0.2955, 0.0428, 0.3392, 0.0550, 0.0524, 0.0316,
         0.0333],
        [0.5978, 0.0408, 0.0858, 0.0473, 0.0537, 0.0265, 0.0397, 0.0239, 0.0525,
         0.0320],
        [0.0373, 0.2197, 0.0719, 0.0768, 0.0397, 0.0448, 0.0603, 0.0621, 0.0970,
         0.2904],
        [0.0461, 0.0749, 0.0560, 0.3302, 0.0700, 0.2679, 0.0435, 0.0398, 0.0383,
         0.0334],
        [0.0195, 0.0326, 0.1941, 0.0545, 0.4994, 0.0576, 0.0397, 0.0355, 0.0330,
         0.0340],
        [0.0284, 0.0484, 0.0489, 0.1969, 0.0298, 0.5031, 0.0406, 0.0444, 0.0349,
         0.0247]], device='cuda:0', grad_fn=<SoftmaxBackward>)
>> best accuracy: 69.08	best epoch: 5

>> final recovery rate: 60.02444444444445%
>> val epoch: 10
>> current accuracy: 73.61999999999999%
outputs: tensor([[0.2277, 0.0565, 0.0843, 0.0540, 0.0577, 0.0444, 0.0558, 0.3340, 0.0364,
         0.0493],
        [0.0389, 0.0946, 0.0792, 0.1633, 0.0516, 0.1337, 0.2277, 0.0814, 0.0940,
         0.0354],
        [0.0549, 0.0555, 0.0657, 0.0302, 0.0499, 0.0597, 0.0377, 0.0966, 0.5082,
         0.0414],
        [0.0458, 0.0494, 0.0268, 0.6056, 0.0665, 0.0924, 0.0263, 0.0421, 0.0238,
         0.0213],
        [0.0489, 0.0470, 0.0490, 0.0379, 0.4612, 0.0843, 0.0991, 0.0912, 0.0490,
         0.0323],
        [0.1253, 0.0820, 0.2114, 0.1100, 0.1409, 0.0722, 0.0443, 0.0549, 0.0347,
         0.1243],
        [0.0381, 0.0573, 0.0551, 0.0643, 0.0499, 0.0464, 0.5765, 0.0490, 0.0334,
         0.0299],
        [0.0426, 0.0580, 0.0654, 0.1062, 0.0675, 0.4480, 0.0687, 0.0834, 0.0272,
         0.0329],
        [0.0614, 0.0752, 0.0700, 0.2787, 0.0900, 0.1853, 0.0752, 0.0712, 0.0336,
         0.0593],
        [0.0391, 0.0733, 0.1141, 0.1880, 0.1101, 0.2605, 0.0514, 0.0960, 0.0237,
         0.0439],
        [0.1144, 0.2663, 0.0412, 0.0452, 0.0482, 0.0408, 0.0592, 0.0706, 0.0636,
         0.2505],
        [0.0503, 0.0412, 0.0464, 0.0205, 0.0590, 0.0371, 0.0399, 0.6238, 0.0285,
         0.0534],
        [0.0422, 0.0521, 0.0335, 0.4851, 0.0754, 0.1634, 0.0272, 0.0557, 0.0275,
         0.0379],
        [0.0589, 0.0725, 0.1773, 0.0570, 0.1098, 0.2711, 0.0839, 0.0718, 0.0402,
         0.0576],
        [0.4747, 0.0444, 0.0414, 0.0322, 0.0586, 0.0518, 0.0536, 0.0568, 0.1397,
         0.0470],
        [0.1284, 0.0460, 0.0463, 0.0316, 0.0589, 0.0474, 0.0325, 0.0850, 0.4881,
         0.0358],
        [0.0658, 0.0513, 0.0581, 0.0565, 0.0454, 0.0399, 0.0527, 0.0518, 0.0419,
         0.5367],
        [0.1775, 0.0623, 0.0507, 0.0359, 0.0733, 0.0795, 0.0526, 0.1037, 0.3232,
         0.0412],
        [0.0350, 0.0561, 0.0276, 0.2304, 0.0398, 0.3612, 0.0328, 0.1351, 0.0414,
         0.0407],
        [0.0487, 0.0463, 0.0445, 0.0393, 0.0474, 0.0503, 0.5681, 0.0507, 0.0646,
         0.0401],
        [0.5036, 0.0373, 0.0411, 0.0312, 0.0571, 0.0494, 0.0319, 0.1067, 0.1061,
         0.0357],
        [0.0817, 0.0651, 0.0476, 0.0539, 0.0481, 0.0576, 0.0537, 0.0546, 0.0406,
         0.4970],
        [0.0567, 0.0517, 0.4037, 0.1639, 0.0395, 0.0322, 0.0795, 0.0804, 0.0490,
         0.0434],
        [0.0355, 0.0443, 0.0255, 0.2135, 0.0419, 0.0777, 0.4461, 0.0393, 0.0520,
         0.0241],
        [0.0928, 0.2325, 0.0485, 0.0554, 0.0564, 0.0498, 0.0452, 0.0676, 0.0397,
         0.3123],
        [0.0295, 0.0464, 0.0478, 0.0409, 0.5206, 0.0904, 0.0418, 0.1100, 0.0351,
         0.0375],
        [0.0888, 0.5368, 0.0314, 0.0474, 0.0411, 0.0382, 0.0409, 0.0977, 0.0377,
         0.0400],
        [0.0646, 0.0553, 0.0776, 0.0519, 0.0979, 0.0612, 0.0502, 0.0963, 0.4024,
         0.0426],
        [0.0350, 0.0549, 0.1584, 0.0699, 0.0750, 0.2457, 0.0369, 0.2627, 0.0171,
         0.0444],
        [0.0952, 0.0620, 0.0421, 0.0686, 0.0589, 0.1031, 0.0472, 0.1466, 0.1987,
         0.1777],
        [0.1257, 0.0663, 0.2440, 0.1563, 0.0820, 0.1225, 0.0458, 0.0658, 0.0412,
         0.0504],
        [0.0551, 0.0654, 0.0451, 0.0352, 0.4494, 0.0791, 0.0551, 0.0984, 0.0611,
         0.0562],
        [0.1328, 0.1001, 0.0770, 0.0561, 0.0839, 0.0540, 0.0474, 0.1286, 0.2648,
         0.0553],
        [0.1331, 0.0873, 0.0566, 0.1334, 0.0601, 0.1134, 0.1084, 0.1062, 0.0592,
         0.1422],
        [0.6246, 0.0373, 0.0601, 0.0364, 0.0288, 0.0423, 0.0530, 0.0393, 0.0323,
         0.0460],
        [0.0376, 0.0468, 0.0747, 0.0913, 0.5293, 0.0812, 0.0320, 0.0545, 0.0264,
         0.0262],
        [0.0789, 0.0714, 0.0542, 0.0543, 0.0615, 0.0515, 0.0554, 0.0617, 0.0651,
         0.4459],
        [0.0556, 0.0706, 0.0517, 0.0366, 0.0582, 0.0851, 0.0372, 0.1238, 0.4125,
         0.0686],
        [0.0760, 0.0710, 0.4582, 0.0640, 0.0487, 0.0422, 0.0607, 0.0817, 0.0564,
         0.0411],
        [0.2504, 0.0396, 0.2354, 0.0825, 0.0322, 0.0416, 0.0703, 0.0868, 0.1065,
         0.0547],
        [0.0527, 0.0697, 0.2569, 0.0458, 0.2491, 0.0728, 0.0565, 0.1111, 0.0347,
         0.0509],
        [0.0642, 0.1519, 0.0266, 0.0441, 0.0694, 0.0635, 0.0311, 0.1472, 0.3552,
         0.0467],
        [0.0480, 0.0676, 0.0249, 0.2438, 0.0493, 0.3895, 0.0319, 0.0481, 0.0247,
         0.0722],
        [0.4751, 0.0529, 0.0640, 0.0437, 0.0694, 0.0549, 0.0508, 0.0690, 0.0661,
         0.0542],
        [0.0417, 0.0499, 0.0339, 0.0341, 0.4976, 0.0739, 0.0616, 0.1183, 0.0409,
         0.0480],
        [0.0434, 0.0651, 0.0543, 0.0615, 0.0566, 0.4529, 0.0262, 0.1684, 0.0243,
         0.0473],
        [0.0315, 0.0435, 0.0192, 0.5748, 0.0435, 0.1382, 0.0299, 0.0717, 0.0238,
         0.0239],
        [0.6018, 0.0341, 0.0412, 0.0339, 0.0348, 0.0490, 0.0448, 0.0567, 0.0664,
         0.0371],
        [0.1044, 0.0820, 0.0815, 0.2207, 0.0914, 0.1057, 0.1026, 0.0778, 0.0562,
         0.0776],
        [0.0338, 0.0699, 0.0407, 0.1134, 0.2758, 0.1420, 0.0975, 0.0766, 0.0329,
         0.1173],
        [0.3689, 0.0419, 0.1350, 0.0520, 0.0554, 0.0512, 0.0503, 0.0968, 0.1022,
         0.0462],
        [0.0531, 0.0845, 0.0751, 0.0495, 0.0837, 0.0795, 0.3946, 0.0833, 0.0545,
         0.0422],
        [0.0356, 0.0599, 0.1517, 0.1616, 0.3501, 0.0929, 0.0501, 0.0466, 0.0235,
         0.0280],
        [0.0347, 0.0441, 0.0352, 0.0659, 0.0418, 0.0399, 0.6227, 0.0419, 0.0366,
         0.0371],
        [0.0967, 0.4746, 0.0369, 0.0523, 0.0497, 0.0403, 0.0428, 0.0916, 0.0403,
         0.0748],
        [0.0553, 0.0355, 0.0241, 0.5486, 0.0357, 0.1649, 0.0259, 0.0501, 0.0281,
         0.0318],
        [0.0557, 0.0438, 0.0507, 0.0394, 0.4275, 0.0707, 0.0369, 0.1964, 0.0430,
         0.0360],
        [0.0371, 0.0460, 0.0331, 0.0615, 0.0342, 0.0592, 0.6014, 0.0475, 0.0518,
         0.0281],
        [0.0436, 0.0408, 0.0793, 0.4832, 0.0787, 0.1185, 0.0332, 0.0634, 0.0281,
         0.0312],
        [0.1495, 0.0449, 0.0429, 0.0373, 0.0586, 0.0683, 0.0360, 0.1061, 0.4119,
         0.0446],
        [0.0491, 0.0483, 0.1769, 0.0472, 0.1968, 0.1156, 0.0395, 0.2639, 0.0253,
         0.0376],
        [0.0937, 0.0777, 0.0488, 0.0489, 0.0576, 0.0672, 0.0488, 0.0601, 0.0687,
         0.4285],
        [0.0506, 0.0590, 0.0298, 0.2735, 0.0625, 0.2670, 0.0465, 0.0930, 0.0711,
         0.0470],
        [0.0422, 0.0584, 0.0936, 0.0433, 0.0531, 0.0458, 0.5134, 0.0628, 0.0514,
         0.0360],
        [0.0424, 0.0627, 0.5668, 0.0449, 0.0400, 0.0338, 0.0505, 0.0574, 0.0545,
         0.0469],
        [0.0724, 0.0554, 0.0367, 0.0394, 0.3456, 0.0897, 0.0483, 0.1924, 0.0613,
         0.0587],
        [0.0496, 0.0445, 0.0485, 0.0434, 0.3456, 0.2064, 0.0352, 0.1546, 0.0339,
         0.0382],
        [0.1489, 0.0347, 0.0602, 0.0305, 0.0500, 0.0634, 0.0263, 0.1007, 0.4456,
         0.0398],
        [0.1604, 0.3365, 0.0313, 0.1253, 0.0357, 0.0541, 0.0565, 0.0716, 0.0403,
         0.0884],
        [0.0697, 0.5840, 0.0292, 0.0459, 0.0411, 0.0366, 0.0340, 0.0699, 0.0411,
         0.0486],
        [0.0617, 0.0396, 0.0569, 0.0570, 0.1003, 0.0624, 0.5050, 0.0440, 0.0378,
         0.0354],
        [0.1610, 0.0485, 0.0957, 0.0542, 0.0527, 0.0532, 0.0715, 0.0538, 0.0422,
         0.3673]], device='cuda:0', grad_fn=<SoftmaxBackward>)
>> best accuracy: 73.61999999999999	best epoch: 10

>> final recovery rate: 60.02444444444445%
>> val epoch: 15
>> current accuracy: 72.08%
outputs: tensor([[0.7170, 0.0285, 0.0506, 0.0245, 0.0207, 0.0261, 0.0243, 0.0255, 0.0547,
         0.0280],
        [0.6324, 0.0379, 0.0416, 0.0515, 0.0348, 0.0337, 0.0326, 0.0399, 0.0659,
         0.0295],
        [0.0357, 0.0517, 0.0386, 0.0270, 0.0378, 0.0246, 0.0311, 0.0444, 0.0283,
         0.6808],
        [0.0629, 0.0732, 0.0715, 0.3528, 0.0431, 0.0804, 0.0374, 0.0418, 0.1967,
         0.0403],
        [0.1313, 0.0719, 0.0816, 0.1149, 0.0966, 0.0654, 0.0574, 0.0425, 0.1981,
         0.1403],
        [0.1044, 0.0585, 0.2910, 0.1096, 0.0505, 0.1245, 0.1193, 0.0354, 0.0474,
         0.0595],
        [0.2049, 0.0778, 0.2485, 0.0781, 0.0668, 0.0670, 0.0391, 0.1130, 0.0537,
         0.0511],
        [0.1551, 0.0454, 0.0349, 0.0524, 0.0521, 0.0582, 0.0444, 0.0587, 0.4355,
         0.0634],
        [0.0335, 0.0348, 0.0528, 0.0432, 0.0396, 0.0784, 0.5937, 0.0241, 0.0515,
         0.0484],
        [0.0578, 0.0540, 0.0425, 0.4020, 0.0541, 0.1350, 0.0374, 0.0591, 0.0399,
         0.1182],
        [0.0314, 0.0301, 0.0394, 0.0478, 0.6338, 0.0366, 0.0380, 0.0419, 0.0711,
         0.0298],
        [0.0324, 0.0310, 0.0221, 0.0561, 0.0269, 0.0347, 0.7005, 0.0238, 0.0341,
         0.0382],
        [0.0364, 0.5923, 0.0504, 0.0386, 0.0393, 0.0340, 0.0411, 0.0458, 0.0654,
         0.0567],
        [0.0248, 0.0325, 0.0244, 0.0213, 0.0479, 0.0300, 0.0400, 0.6998, 0.0383,
         0.0412],
        [0.0262, 0.0251, 0.0444, 0.0305, 0.0332, 0.7081, 0.0271, 0.0442, 0.0335,
         0.0275],
        [0.0413, 0.0374, 0.0365, 0.1259, 0.0505, 0.5016, 0.0468, 0.0662, 0.0478,
         0.0460],
        [0.1068, 0.0558, 0.0504, 0.4323, 0.0617, 0.0877, 0.0441, 0.0397, 0.0693,
         0.0524],
        [0.0412, 0.0458, 0.0314, 0.0309, 0.0459, 0.0394, 0.0421, 0.6386, 0.0332,
         0.0515],
        [0.0632, 0.0356, 0.0473, 0.0480, 0.0376, 0.0314, 0.0509, 0.0521, 0.0308,
         0.6032],
        [0.0556, 0.0411, 0.0320, 0.0394, 0.0344, 0.0299, 0.0436, 0.0422, 0.6386,
         0.0434],
        [0.1318, 0.0566, 0.0412, 0.0457, 0.0451, 0.0376, 0.0509, 0.0615, 0.0579,
         0.4716],
        [0.0355, 0.0315, 0.0417, 0.0380, 0.6641, 0.0392, 0.0324, 0.0458, 0.0430,
         0.0287],
        [0.0948, 0.0523, 0.0476, 0.0313, 0.0373, 0.0261, 0.0254, 0.0418, 0.6137,
         0.0296],
        [0.0510, 0.0403, 0.0800, 0.0743, 0.5475, 0.0386, 0.0514, 0.0376, 0.0537,
         0.0256],
        [0.0930, 0.0746, 0.1007, 0.3063, 0.0284, 0.0465, 0.0607, 0.0724, 0.1766,
         0.0408],
        [0.4310, 0.0658, 0.0581, 0.0977, 0.0330, 0.0476, 0.0426, 0.0348, 0.0419,
         0.1476],
        [0.0444, 0.0758, 0.0506, 0.1037, 0.1409, 0.3244, 0.0460, 0.0758, 0.0372,
         0.1012],
        [0.0366, 0.0357, 0.0500, 0.0874, 0.0234, 0.5806, 0.0451, 0.0637, 0.0349,
         0.0426],
        [0.0448, 0.0430, 0.0533, 0.0236, 0.0191, 0.0240, 0.0273, 0.0344, 0.7000,
         0.0303],
        [0.0361, 0.0377, 0.0284, 0.0423, 0.0302, 0.0365, 0.6843, 0.0269, 0.0355,
         0.0423],
        [0.0357, 0.0236, 0.0424, 0.0303, 0.0359, 0.6914, 0.0414, 0.0307, 0.0293,
         0.0395],
        [0.0508, 0.0334, 0.0410, 0.0444, 0.5250, 0.0389, 0.0304, 0.1509, 0.0463,
         0.0391],
        [0.0509, 0.0365, 0.0355, 0.1965, 0.0335, 0.4344, 0.0351, 0.0895, 0.0472,
         0.0409],
        [0.0560, 0.5265, 0.0535, 0.0583, 0.0385, 0.0428, 0.0537, 0.0551, 0.0374,
         0.0783],
        [0.0413, 0.0245, 0.0204, 0.0214, 0.0347, 0.0196, 0.0470, 0.7260, 0.0234,
         0.0418],
        [0.0527, 0.0769, 0.1283, 0.3580, 0.0438, 0.1277, 0.0892, 0.0438, 0.0396,
         0.0400],
        [0.0839, 0.0662, 0.0579, 0.0551, 0.1145, 0.0875, 0.0520, 0.3809, 0.0512,
         0.0509],
        [0.1688, 0.0535, 0.0411, 0.1973, 0.0696, 0.0839, 0.1048, 0.0570, 0.1614,
         0.0626],
        [0.0560, 0.0501, 0.0295, 0.2084, 0.2570, 0.1314, 0.0353, 0.0690, 0.0690,
         0.0943],
        [0.0602, 0.0563, 0.0413, 0.0750, 0.1482, 0.1686, 0.0547, 0.2517, 0.0390,
         0.1051],
        [0.0564, 0.0469, 0.0360, 0.0256, 0.0340, 0.0393, 0.0468, 0.0298, 0.6358,
         0.0493],
        [0.1307, 0.0666, 0.4514, 0.0832, 0.0278, 0.0584, 0.0535, 0.0300, 0.0381,
         0.0602],
        [0.0473, 0.0323, 0.0318, 0.0301, 0.0689, 0.0386, 0.0469, 0.6253, 0.0347,
         0.0441],
        [0.0339, 0.0275, 0.0377, 0.0723, 0.0366, 0.6340, 0.0429, 0.0370, 0.0332,
         0.0448],
        [0.0820, 0.0587, 0.0361, 0.0552, 0.0409, 0.0439, 0.0371, 0.0441, 0.0285,
         0.5737],
        [0.0523, 0.0628, 0.5095, 0.0797, 0.0724, 0.0596, 0.0497, 0.0325, 0.0372,
         0.0443],
        [0.0477, 0.0282, 0.0211, 0.0324, 0.6253, 0.0370, 0.0335, 0.0731, 0.0581,
         0.0437],
        [0.0512, 0.0555, 0.0222, 0.0520, 0.0431, 0.0517, 0.0470, 0.5834, 0.0291,
         0.0648],
        [0.0500, 0.0399, 0.0413, 0.0314, 0.0239, 0.0255, 0.0356, 0.0388, 0.6779,
         0.0357],
        [0.0680, 0.0453, 0.0379, 0.1124, 0.0491, 0.0792, 0.4879, 0.0241, 0.0471,
         0.0491],
        [0.0469, 0.0516, 0.6343, 0.0397, 0.0299, 0.0650, 0.0347, 0.0259, 0.0316,
         0.0404],
        [0.1513, 0.0423, 0.0399, 0.0804, 0.0266, 0.0889, 0.0571, 0.0267, 0.4435,
         0.0432],
        [0.0446, 0.6061, 0.0443, 0.0385, 0.0397, 0.0315, 0.0498, 0.0436, 0.0524,
         0.0494],
        [0.0457, 0.0518, 0.0437, 0.2472, 0.0409, 0.1623, 0.0441, 0.2625, 0.0370,
         0.0647],
        [0.0549, 0.0442, 0.1569, 0.0474, 0.0275, 0.0605, 0.0651, 0.0277, 0.4780,
         0.0379],
        [0.0653, 0.0384, 0.0452, 0.0279, 0.0393, 0.0289, 0.0218, 0.0384, 0.6514,
         0.0434],
        [0.0663, 0.0605, 0.0820, 0.1215, 0.0443, 0.1201, 0.3476, 0.0537, 0.0407,
         0.0632],
        [0.0382, 0.0538, 0.0511, 0.0555, 0.0549, 0.0491, 0.0453, 0.1001, 0.0291,
         0.5230],
        [0.2168, 0.0484, 0.0468, 0.2154, 0.0379, 0.0832, 0.1241, 0.0622, 0.1113,
         0.0538],
        [0.0421, 0.0361, 0.0264, 0.0764, 0.0349, 0.0627, 0.6155, 0.0219, 0.0379,
         0.0460],
        [0.0458, 0.4015, 0.0707, 0.0395, 0.0624, 0.0578, 0.0538, 0.0828, 0.0509,
         0.1350],
        [0.0426, 0.0634, 0.0647, 0.0475, 0.0423, 0.0440, 0.0323, 0.5647, 0.0318,
         0.0666],
        [0.4692, 0.0640, 0.0979, 0.1314, 0.0321, 0.0628, 0.0324, 0.0267, 0.0523,
         0.0312],
        [0.0595, 0.0527, 0.0941, 0.0793, 0.3679, 0.0441, 0.1347, 0.0286, 0.0675,
         0.0716],
        [0.1262, 0.0369, 0.0433, 0.0286, 0.0414, 0.0229, 0.0241, 0.0418, 0.5944,
         0.0404],
        [0.0390, 0.0238, 0.0335, 0.0399, 0.0531, 0.6488, 0.0381, 0.0329, 0.0418,
         0.0492],
        [0.0491, 0.0470, 0.0358, 0.0834, 0.0678, 0.0647, 0.4683, 0.0389, 0.0440,
         0.1010],
        [0.0639, 0.0481, 0.0486, 0.4289, 0.0369, 0.1818, 0.0269, 0.0708, 0.0492,
         0.0450],
        [0.0467, 0.0467, 0.0499, 0.3209, 0.0622, 0.2671, 0.0354, 0.0655, 0.0529,
         0.0527],
        [0.0559, 0.0288, 0.0331, 0.0333, 0.1851, 0.0471, 0.0352, 0.4812, 0.0596,
         0.0407],
        [0.2022, 0.0753, 0.0643, 0.0445, 0.0558, 0.0529, 0.0451, 0.3587, 0.0512,
         0.0501],
        [0.0554, 0.4664, 0.0656, 0.0470, 0.0532, 0.0382, 0.0528, 0.0528, 0.0625,
         0.1060]], device='cuda:0', grad_fn=<SoftmaxBackward>)
>> best accuracy: 73.61999999999999	best epoch: 10

>> final recovery rate: 60.02444444444445%
