noise type: uniform
noise level: 0.4
when_to_apply_epoch: 20
total clean data num: 32488
probability transition matrix:
[[0.6        0.04444444 0.04444444 0.04444444 0.04444444 0.04444444
  0.04444444 0.04444444 0.04444444 0.04444444]
 [0.04444444 0.6        0.04444444 0.04444444 0.04444444 0.04444444
  0.04444444 0.04444444 0.04444444 0.04444444]
 [0.04444444 0.04444444 0.6        0.04444444 0.04444444 0.04444444
  0.04444444 0.04444444 0.04444444 0.04444444]
 [0.04444444 0.04444444 0.04444444 0.6        0.04444444 0.04444444
  0.04444444 0.04444444 0.04444444 0.04444444]
 [0.04444444 0.04444444 0.04444444 0.04444444 0.6        0.04444444
  0.04444444 0.04444444 0.04444444 0.04444444]
 [0.04444444 0.04444444 0.04444444 0.04444444 0.04444444 0.6
  0.04444444 0.04444444 0.04444444 0.04444444]
 [0.04444444 0.04444444 0.04444444 0.04444444 0.04444444 0.04444444
  0.6        0.04444444 0.04444444 0.04444444]
 [0.04444444 0.04444444 0.04444444 0.04444444 0.04444444 0.04444444
  0.04444444 0.6        0.04444444 0.04444444]
 [0.04444444 0.04444444 0.04444444 0.04444444 0.04444444 0.04444444
  0.04444444 0.04444444 0.6        0.04444444]
 [0.04444444 0.04444444 0.04444444 0.04444444 0.04444444 0.04444444
  0.04444444 0.04444444 0.04444444 0.6       ]]
>> val epoch: 0
>> current accuracy: 97.26666666666667%
outputs: tensor([[0.0378, 0.6846, 0.0393, 0.0252, 0.0422, 0.0387, 0.0323, 0.0230, 0.0438,
         0.0331],
        [0.0719, 0.0410, 0.5512, 0.0864, 0.0948, 0.0207, 0.0275, 0.0299, 0.0373,
         0.0393],
        [0.0600, 0.0502, 0.0459, 0.0764, 0.0542, 0.0643, 0.0338, 0.0169, 0.5022,
         0.0962],
        [0.0613, 0.0373, 0.0635, 0.6384, 0.0515, 0.0171, 0.0433, 0.0141, 0.0352,
         0.0382],
        [0.0646, 0.0394, 0.0337, 0.6862, 0.0426, 0.0157, 0.0422, 0.0154, 0.0259,
         0.0342],
        [0.0444, 0.0586, 0.0424, 0.0683, 0.0691, 0.0317, 0.0267, 0.0272, 0.0212,
         0.6103],
        [0.0606, 0.0879, 0.0593, 0.5501, 0.0601, 0.0227, 0.0445, 0.0293, 0.0289,
         0.0566],
        [0.0685, 0.0566, 0.0622, 0.0328, 0.0803, 0.0291, 0.5473, 0.0269, 0.0448,
         0.0515],
        [0.0591, 0.0380, 0.5661, 0.0900, 0.0980, 0.0183, 0.0218, 0.0309, 0.0408,
         0.0370],
        [0.0741, 0.0578, 0.0704, 0.0356, 0.0739, 0.0288, 0.5249, 0.0276, 0.0511,
         0.0556],
        [0.1064, 0.0665, 0.0650, 0.0317, 0.1534, 0.0279, 0.3846, 0.0299, 0.0746,
         0.0600],
        [0.0300, 0.6886, 0.0349, 0.0250, 0.0450, 0.0366, 0.0338, 0.0255, 0.0506,
         0.0300],
        [0.0599, 0.0574, 0.0399, 0.0399, 0.0507, 0.5846, 0.0387, 0.0414, 0.0380,
         0.0494],
        [0.0532, 0.0686, 0.0490, 0.0417, 0.0558, 0.5454, 0.0349, 0.0325, 0.0464,
         0.0726],
        [0.0443, 0.0388, 0.0380, 0.0224, 0.7206, 0.0175, 0.0302, 0.0171, 0.0183,
         0.0527],
        [0.0497, 0.0791, 0.0482, 0.0443, 0.0776, 0.4557, 0.0470, 0.0296, 0.0430,
         0.1258],
        [0.0328, 0.0509, 0.0313, 0.0401, 0.0530, 0.0272, 0.0219, 0.0099, 0.0239,
         0.7090],
        [0.0630, 0.0515, 0.0526, 0.0284, 0.0857, 0.0244, 0.5825, 0.0254, 0.0391,
         0.0473],
        [0.0614, 0.0461, 0.0713, 0.0392, 0.0683, 0.0287, 0.0330, 0.5545, 0.0267,
         0.0708],
        [0.5692, 0.0649, 0.0574, 0.0463, 0.0552, 0.0349, 0.0284, 0.0304, 0.0496,
         0.0639],
        [0.0730, 0.0806, 0.0456, 0.0336, 0.0526, 0.4559, 0.0638, 0.0309, 0.0938,
         0.0702],
        [0.0640, 0.0940, 0.0829, 0.0765, 0.0664, 0.0477, 0.0491, 0.0211, 0.4138,
         0.0846],
        [0.0668, 0.0783, 0.0476, 0.0649, 0.0583, 0.4989, 0.0516, 0.0331, 0.0442,
         0.0561],
        [0.0456, 0.0419, 0.0621, 0.0342, 0.0830, 0.0208, 0.0288, 0.6286, 0.0207,
         0.0342],
        [0.0611, 0.0501, 0.1221, 0.1026, 0.0953, 0.0248, 0.0368, 0.4076, 0.0344,
         0.0652],
        [0.0460, 0.0798, 0.0425, 0.0413, 0.0617, 0.5316, 0.0438, 0.0302, 0.0557,
         0.0675],
        [0.0240, 0.0435, 0.0230, 0.0183, 0.0423, 0.0295, 0.0152, 0.0093, 0.0162,
         0.7785],
        [0.0509, 0.0650, 0.0479, 0.0441, 0.0604, 0.5518, 0.0443, 0.0401, 0.0394,
         0.0563],
        [0.0350, 0.0388, 0.0384, 0.0185, 0.7520, 0.0145, 0.0243, 0.0168, 0.0172,
         0.0445],
        [0.0570, 0.0326, 0.5808, 0.0909, 0.0730, 0.0228, 0.0227, 0.0349, 0.0499,
         0.0353],
        [0.0567, 0.0553, 0.0367, 0.0707, 0.0522, 0.0667, 0.0265, 0.0205, 0.5191,
         0.0956],
        [0.0581, 0.0415, 0.0945, 0.0653, 0.0779, 0.0254, 0.0360, 0.5081, 0.0298,
         0.0635],
        [0.0556, 0.0367, 0.5820, 0.0601, 0.0930, 0.0209, 0.0218, 0.0270, 0.0527,
         0.0503],
        [0.0917, 0.0579, 0.0635, 0.0366, 0.0642, 0.0503, 0.4805, 0.0294, 0.0589,
         0.0672],
        [0.0518, 0.0410, 0.0667, 0.0396, 0.0693, 0.0230, 0.0307, 0.5985, 0.0246,
         0.0547],
        [0.5010, 0.0704, 0.0773, 0.0494, 0.1091, 0.0275, 0.0376, 0.0262, 0.0490,
         0.0525],
        [0.0539, 0.0526, 0.0384, 0.0873, 0.0573, 0.0630, 0.0294, 0.0184, 0.5047,
         0.0948],
        [0.0521, 0.0694, 0.0455, 0.0351, 0.0584, 0.5319, 0.0331, 0.0306, 0.0475,
         0.0963],
        [0.0298, 0.6952, 0.0369, 0.0253, 0.0413, 0.0353, 0.0334, 0.0328, 0.0409,
         0.0290],
        [0.0476, 0.0707, 0.0465, 0.0360, 0.0736, 0.5247, 0.0522, 0.0374, 0.0438,
         0.0674],
        [0.0521, 0.0669, 0.0422, 0.0448, 0.0529, 0.5598, 0.0401, 0.0280, 0.0476,
         0.0655],
        [0.0539, 0.0575, 0.0492, 0.0331, 0.4656, 0.0361, 0.0353, 0.0237, 0.0258,
         0.2200],
        [0.0575, 0.0764, 0.0913, 0.0627, 0.0768, 0.0277, 0.0382, 0.4328, 0.0288,
         0.1076],
        [0.5973, 0.0592, 0.0545, 0.0492, 0.0471, 0.0335, 0.0248, 0.0282, 0.0458,
         0.0604],
        [0.0487, 0.0394, 0.0435, 0.6991, 0.0407, 0.0198, 0.0347, 0.0137, 0.0268,
         0.0336],
        [0.0633, 0.0779, 0.1080, 0.0883, 0.0908, 0.0284, 0.0373, 0.3952, 0.0397,
         0.0710],
        [0.0613, 0.0424, 0.0314, 0.6891, 0.0410, 0.0154, 0.0471, 0.0156, 0.0215,
         0.0352],
        [0.0370, 0.0358, 0.0361, 0.0218, 0.7507, 0.0149, 0.0284, 0.0155, 0.0177,
         0.0421]], device='cuda:0', grad_fn=<SoftmaxBackward>)
>> best accuracy: 97.26666666666667	best epoch: 0

>> final recovery rate: 60.162962962962965%
