noise type: uniform
noise level: 0.4
when_to_apply_epoch: 25
total clean data num: 26933
probability transition matrix:
[[0.6        0.04444444 0.04444444 0.04444444 0.04444444 0.04444444
  0.04444444 0.04444444 0.04444444 0.04444444]
 [0.04444444 0.6        0.04444444 0.04444444 0.04444444 0.04444444
  0.04444444 0.04444444 0.04444444 0.04444444]
 [0.04444444 0.04444444 0.6        0.04444444 0.04444444 0.04444444
  0.04444444 0.04444444 0.04444444 0.04444444]
 [0.04444444 0.04444444 0.04444444 0.6        0.04444444 0.04444444
  0.04444444 0.04444444 0.04444444 0.04444444]
 [0.04444444 0.04444444 0.04444444 0.04444444 0.6        0.04444444
  0.04444444 0.04444444 0.04444444 0.04444444]
 [0.04444444 0.04444444 0.04444444 0.04444444 0.04444444 0.6
  0.04444444 0.04444444 0.04444444 0.04444444]
 [0.04444444 0.04444444 0.04444444 0.04444444 0.04444444 0.04444444
  0.6        0.04444444 0.04444444 0.04444444]
 [0.04444444 0.04444444 0.04444444 0.04444444 0.04444444 0.04444444
  0.04444444 0.6        0.04444444 0.04444444]
 [0.04444444 0.04444444 0.04444444 0.04444444 0.04444444 0.04444444
  0.04444444 0.04444444 0.6        0.04444444]
 [0.04444444 0.04444444 0.04444444 0.04444444 0.04444444 0.04444444
  0.04444444 0.04444444 0.04444444 0.6       ]]
>> val epoch: 0
>> current accuracy: 43.3%
outputs: tensor([[0.0524, 0.0305, 0.0882, 0.0674, 0.1324, 0.0731, 0.4273, 0.0439, 0.0564,
         0.0283],
        [0.0837, 0.3660, 0.0354, 0.0313, 0.0293, 0.0323, 0.0611, 0.0306, 0.0933,
         0.2369],
        [0.0466, 0.0320, 0.0798, 0.0466, 0.1862, 0.0606, 0.4214, 0.0455, 0.0567,
         0.0245],
        [0.0731, 0.0421, 0.1487, 0.0758, 0.2810, 0.0863, 0.0776, 0.1083, 0.0676,
         0.0394],
        [0.0729, 0.0295, 0.3010, 0.0660, 0.2116, 0.1081, 0.0921, 0.0370, 0.0507,
         0.0310],
        [0.0420, 0.0307, 0.1126, 0.2798, 0.1005, 0.2307, 0.0835, 0.0565, 0.0375,
         0.0261],
        [0.0693, 0.1692, 0.0713, 0.0839, 0.0494, 0.0666, 0.0814, 0.0699, 0.0671,
         0.2719],
        [0.0389, 0.0291, 0.0844, 0.2615, 0.0771, 0.3158, 0.0483, 0.0658, 0.0480,
         0.0310],
        [0.1988, 0.0951, 0.1317, 0.0549, 0.0761, 0.0487, 0.0611, 0.0332, 0.2318,
         0.0686],
        [0.1197, 0.1163, 0.1278, 0.0600, 0.0649, 0.0580, 0.0698, 0.0484, 0.1876,
         0.1476],
        [0.0657, 0.4156, 0.0380, 0.0279, 0.0307, 0.0369, 0.0615, 0.0352, 0.1147,
         0.1739],
        [0.1133, 0.1299, 0.0683, 0.0408, 0.0410, 0.0471, 0.0551, 0.0480, 0.3139,
         0.1424],
        [0.0561, 0.3085, 0.0621, 0.0496, 0.0436, 0.0426, 0.0653, 0.0587, 0.0383,
         0.2753],
        [0.0417, 0.1155, 0.0368, 0.0324, 0.0292, 0.0413, 0.0557, 0.0675, 0.0249,
         0.5549],
        [0.0406, 0.0434, 0.0465, 0.0310, 0.0989, 0.0434, 0.0886, 0.5155, 0.0355,
         0.0564],
        [0.0750, 0.3580, 0.0488, 0.0370, 0.0373, 0.0348, 0.0650, 0.0349, 0.1578,
         0.1514],
        [0.0585, 0.0412, 0.1400, 0.0960, 0.1993, 0.1058, 0.2221, 0.0541, 0.0538,
         0.0294],
        [0.0696, 0.0368, 0.3109, 0.0474, 0.2231, 0.1042, 0.0825, 0.0519, 0.0406,
         0.0330],
        [0.1678, 0.0416, 0.0954, 0.0317, 0.0562, 0.0380, 0.0704, 0.0275, 0.4303,
         0.0411],
        [0.0582, 0.4243, 0.0658, 0.0711, 0.0510, 0.0511, 0.0742, 0.0425, 0.0642,
         0.0975],
        [0.1780, 0.1041, 0.1155, 0.0451, 0.0653, 0.0515, 0.0850, 0.0407, 0.1861,
         0.1288],
        [0.4066, 0.0192, 0.1799, 0.0206, 0.0923, 0.0362, 0.0517, 0.0273, 0.1443,
         0.0218],
        [0.0483, 0.0377, 0.0786, 0.3040, 0.0569, 0.2212, 0.1053, 0.0590, 0.0424,
         0.0466],
        [0.0589, 0.0372, 0.1161, 0.1112, 0.2219, 0.1174, 0.1128, 0.1142, 0.0658,
         0.0444],
        [0.0745, 0.1019, 0.1585, 0.0998, 0.1028, 0.0704, 0.1548, 0.0482, 0.0858,
         0.1032],
        [0.0687, 0.0654, 0.1268, 0.1191, 0.1054, 0.0933, 0.2169, 0.0652, 0.0609,
         0.0783],
        [0.3057, 0.0332, 0.1611, 0.0306, 0.1244, 0.0389, 0.0627, 0.0334, 0.1689,
         0.0412],
        [0.0498, 0.0480, 0.0462, 0.0404, 0.0754, 0.0518, 0.0696, 0.4444, 0.0394,
         0.1349],
        [0.0433, 0.0279, 0.0824, 0.1447, 0.1250, 0.2096, 0.0971, 0.1814, 0.0441,
         0.0446],
        [0.1254, 0.0306, 0.1926, 0.0679, 0.2260, 0.0789, 0.1037, 0.0372, 0.1015,
         0.0363],
        [0.1014, 0.1025, 0.1690, 0.1001, 0.1093, 0.0913, 0.0685, 0.0885, 0.0647,
         0.1046],
        [0.1955, 0.0464, 0.0757, 0.0240, 0.0581, 0.0393, 0.0649, 0.0265, 0.4178,
         0.0519],
        [0.1473, 0.0367, 0.0717, 0.0257, 0.0526, 0.0426, 0.1128, 0.0246, 0.4353,
         0.0508],
        [0.0473, 0.0311, 0.0657, 0.2489, 0.0765, 0.2042, 0.1127, 0.1137, 0.0469,
         0.0530],
        [0.1546, 0.0852, 0.1178, 0.0404, 0.0703, 0.0529, 0.0679, 0.0375, 0.2512,
         0.1221],
        [0.0405, 0.0346, 0.0954, 0.2878, 0.0858, 0.2400, 0.0815, 0.0587, 0.0484,
         0.0274],
        [0.0415, 0.0242, 0.0660, 0.2401, 0.0992, 0.2421, 0.1343, 0.0736, 0.0477,
         0.0311],
        [0.0835, 0.0299, 0.1030, 0.1088, 0.1065, 0.1397, 0.2680, 0.0563, 0.0704,
         0.0338],
        [0.0927, 0.0627, 0.1490, 0.1205, 0.0952, 0.1224, 0.0876, 0.0637, 0.0921,
         0.1142],
        [0.0547, 0.0343, 0.0897, 0.0958, 0.1898, 0.1802, 0.1218, 0.1494, 0.0516,
         0.0328],
        [0.0491, 0.0287, 0.1182, 0.0397, 0.1457, 0.0503, 0.4537, 0.0323, 0.0496,
         0.0326],
        [0.1480, 0.1177, 0.0875, 0.0397, 0.0567, 0.0464, 0.0651, 0.0452, 0.3022,
         0.0916],
        [0.1770, 0.0349, 0.1269, 0.0382, 0.0794, 0.0569, 0.1031, 0.0410, 0.2852,
         0.0573],
        [0.1183, 0.2893, 0.0714, 0.0392, 0.0521, 0.0464, 0.0705, 0.0439, 0.1199,
         0.1488],
        [0.0988, 0.0350, 0.2383, 0.0652, 0.2141, 0.0757, 0.1224, 0.0356, 0.0786,
         0.0363],
        [0.1300, 0.0341, 0.1902, 0.0308, 0.1887, 0.0585, 0.1797, 0.0409, 0.1102,
         0.0369],
        [0.0555, 0.0454, 0.1324, 0.1636, 0.1265, 0.2401, 0.0864, 0.0706, 0.0454,
         0.0340],
        [0.0937, 0.0418, 0.2309, 0.0283, 0.2267, 0.0578, 0.1893, 0.0370, 0.0605,
         0.0340],
        [0.0349, 0.6533, 0.0248, 0.0328, 0.0232, 0.0237, 0.0448, 0.0311, 0.0491,
         0.0823],
        [0.2727, 0.1043, 0.0834, 0.0286, 0.0718, 0.0469, 0.0602, 0.0539, 0.1639,
         0.1143],
        [0.0472, 0.0325, 0.0916, 0.1116, 0.1860, 0.1046, 0.2852, 0.0607, 0.0537,
         0.0269],
        [0.0568, 0.1337, 0.0500, 0.0405, 0.0350, 0.0472, 0.0516, 0.0530, 0.0429,
         0.4893],
        [0.0893, 0.0641, 0.1716, 0.1067, 0.1437, 0.1165, 0.1479, 0.0547, 0.0659,
         0.0396],
        [0.0606, 0.0624, 0.1209, 0.0848, 0.1913, 0.0946, 0.1482, 0.1240, 0.0650,
         0.0483],
        [0.2661, 0.0290, 0.1774, 0.0324, 0.0849, 0.0456, 0.0459, 0.0318, 0.2412,
         0.0457],
        [0.0664, 0.4566, 0.0478, 0.0324, 0.0365, 0.0371, 0.0669, 0.0271, 0.0562,
         0.1729],
        [0.1631, 0.0532, 0.0743, 0.0242, 0.0636, 0.0412, 0.0612, 0.0310, 0.4406,
         0.0477],
        [0.0559, 0.1698, 0.0501, 0.0294, 0.0327, 0.0475, 0.0518, 0.0453, 0.0368,
         0.4808],
        [0.0332, 0.0249, 0.0545, 0.2655, 0.0719, 0.3045, 0.0697, 0.1007, 0.0369,
         0.0381],
        [0.0482, 0.0297, 0.1176, 0.2340, 0.0615, 0.3070, 0.0466, 0.0557, 0.0415,
         0.0583],
        [0.1672, 0.0616, 0.1943, 0.0428, 0.1754, 0.0454, 0.1047, 0.0583, 0.0853,
         0.0651],
        [0.3840, 0.0370, 0.1140, 0.0274, 0.0958, 0.0394, 0.0662, 0.0468, 0.1482,
         0.0413],
        [0.0657, 0.0578, 0.0897, 0.1854, 0.0592, 0.1757, 0.0666, 0.0978, 0.0553,
         0.1468],
        [0.0568, 0.0391, 0.0804, 0.0831, 0.0931, 0.1325, 0.0764, 0.2742, 0.0463,
         0.1182],
        [0.0481, 0.0448, 0.0819, 0.1679, 0.1178, 0.1229, 0.2318, 0.0860, 0.0510,
         0.0478],
        [0.0508, 0.0466, 0.1158, 0.1940, 0.1279, 0.1358, 0.1745, 0.0578, 0.0604,
         0.0363],
        [0.0583, 0.0330, 0.1412, 0.1501, 0.1679, 0.1957, 0.1103, 0.0674, 0.0500,
         0.0261],
        [0.1335, 0.1864, 0.1029, 0.0797, 0.0692, 0.0644, 0.0837, 0.0496, 0.1403,
         0.0903],
        [0.0820, 0.0238, 0.1477, 0.0547, 0.1530, 0.0827, 0.3194, 0.0321, 0.0774,
         0.0272],
        [0.1039, 0.1402, 0.1258, 0.0836, 0.0749, 0.0609, 0.0850, 0.0386, 0.1917,
         0.0955],
        [0.2148, 0.0268, 0.1709, 0.0396, 0.0694, 0.0427, 0.0506, 0.0239, 0.3215,
         0.0399],
        [0.1318, 0.1968, 0.1116, 0.0604, 0.0735, 0.0537, 0.1082, 0.0456, 0.1261,
         0.0922]], device='cuda:0', grad_fn=<SoftmaxBackward>)
>> best accuracy: 43.3	best epoch: 0

>> final recovery rate: 59.85111111111111%
