noise type: uniform
noise level: 0.4
when_to_apply_epoch: 25
total clean data num: 26913
probability transition matrix:
[[0.6        0.04444444 0.04444444 0.04444444 0.04444444 0.04444444
  0.04444444 0.04444444 0.04444444 0.04444444]
 [0.04444444 0.6        0.04444444 0.04444444 0.04444444 0.04444444
  0.04444444 0.04444444 0.04444444 0.04444444]
 [0.04444444 0.04444444 0.6        0.04444444 0.04444444 0.04444444
  0.04444444 0.04444444 0.04444444 0.04444444]
 [0.04444444 0.04444444 0.04444444 0.6        0.04444444 0.04444444
  0.04444444 0.04444444 0.04444444 0.04444444]
 [0.04444444 0.04444444 0.04444444 0.04444444 0.6        0.04444444
  0.04444444 0.04444444 0.04444444 0.04444444]
 [0.04444444 0.04444444 0.04444444 0.04444444 0.04444444 0.6
  0.04444444 0.04444444 0.04444444 0.04444444]
 [0.04444444 0.04444444 0.04444444 0.04444444 0.04444444 0.04444444
  0.6        0.04444444 0.04444444 0.04444444]
 [0.04444444 0.04444444 0.04444444 0.04444444 0.04444444 0.04444444
  0.04444444 0.6        0.04444444 0.04444444]
 [0.04444444 0.04444444 0.04444444 0.04444444 0.04444444 0.04444444
  0.04444444 0.04444444 0.6        0.04444444]
 [0.04444444 0.04444444 0.04444444 0.04444444 0.04444444 0.04444444
  0.04444444 0.04444444 0.04444444 0.6       ]]
>> val epoch: 0
>> current accuracy: 41.42%
outputs: tensor([[0.0631, 0.0379, 0.0883, 0.0803, 0.0975, 0.0442, 0.5060, 0.0375, 0.0180,
         0.0272],
        [0.0705, 0.0214, 0.1144, 0.0240, 0.1537, 0.0705, 0.0270, 0.4820, 0.0233,
         0.0132],
        [0.0899, 0.0409, 0.1738, 0.0749, 0.1239, 0.0568, 0.3288, 0.0473, 0.0227,
         0.0408],
        [0.1095, 0.0277, 0.1428, 0.1735, 0.0773, 0.2104, 0.1066, 0.0615, 0.0383,
         0.0523],
        [0.0597, 0.1975, 0.0673, 0.0488, 0.0608, 0.0518, 0.0696, 0.0917, 0.0373,
         0.3156],
        [0.1272, 0.0198, 0.2592, 0.1187, 0.0770, 0.1805, 0.0482, 0.0487, 0.0727,
         0.0480],
        [0.1366, 0.0194, 0.2341, 0.1438, 0.0841, 0.1809, 0.0527, 0.0467, 0.0640,
         0.0379],
        [0.2767, 0.1121, 0.0751, 0.0567, 0.0821, 0.0468, 0.0440, 0.0608, 0.1929,
         0.0528],
        [0.0826, 0.0365, 0.0757, 0.0944, 0.0645, 0.1790, 0.0913, 0.2704, 0.0450,
         0.0606],
        [0.1015, 0.0284, 0.2125, 0.0575, 0.3632, 0.0452, 0.0922, 0.0623, 0.0204,
         0.0168],
        [0.1009, 0.0242, 0.2348, 0.0535, 0.2647, 0.0448, 0.1858, 0.0489, 0.0211,
         0.0214],
        [0.2107, 0.0610, 0.1210, 0.0872, 0.1144, 0.0679, 0.0881, 0.0863, 0.0949,
         0.0686],
        [0.5624, 0.0220, 0.0545, 0.0353, 0.0530, 0.0293, 0.0310, 0.0478, 0.1413,
         0.0232],
        [0.2370, 0.2294, 0.0471, 0.0412, 0.0520, 0.0356, 0.0446, 0.0703, 0.2100,
         0.0328],
        [0.0791, 0.0811, 0.0852, 0.1109, 0.0571, 0.1405, 0.0898, 0.1130, 0.0529,
         0.1904],
        [0.0862, 0.0239, 0.1504, 0.1505, 0.0546, 0.3167, 0.0692, 0.0735, 0.0359,
         0.0392],
        [0.1310, 0.0590, 0.1515, 0.0948, 0.1944, 0.0593, 0.1427, 0.0763, 0.0452,
         0.0459],
        [0.2197, 0.0770, 0.1132, 0.1007, 0.0862, 0.0912, 0.0544, 0.0911, 0.0862,
         0.0803],
        [0.0354, 0.0995, 0.0398, 0.0379, 0.0304, 0.0502, 0.0405, 0.1305, 0.0334,
         0.5023],
        [0.1314, 0.0212, 0.3124, 0.0817, 0.1953, 0.0712, 0.0857, 0.0468, 0.0308,
         0.0235],
        [0.3324, 0.1042, 0.0522, 0.0370, 0.0500, 0.0274, 0.0481, 0.0726, 0.2567,
         0.0195],
        [0.1357, 0.0228, 0.3046, 0.0981, 0.0758, 0.1283, 0.0579, 0.0447, 0.0747,
         0.0574],
        [0.1061, 0.0432, 0.1609, 0.0674, 0.1481, 0.0379, 0.3061, 0.0499, 0.0334,
         0.0470],
        [0.1069, 0.0394, 0.2633, 0.0813, 0.0950, 0.1683, 0.0440, 0.1200, 0.0356,
         0.0463],
        [0.0656, 0.1012, 0.0526, 0.0579, 0.0464, 0.0587, 0.0857, 0.1321, 0.0461,
         0.3537],
        [0.2458, 0.1499, 0.0631, 0.0506, 0.0533, 0.0430, 0.0402, 0.0632, 0.2171,
         0.0738],
        [0.0901, 0.3432, 0.0447, 0.0353, 0.0417, 0.0357, 0.0409, 0.0825, 0.0861,
         0.1998],
        [0.0851, 0.1532, 0.0702, 0.0531, 0.1058, 0.0818, 0.0913, 0.1892, 0.0407,
         0.1296],
        [0.2435, 0.0702, 0.0706, 0.0439, 0.0531, 0.0324, 0.0426, 0.0589, 0.3372,
         0.0475],
        [0.0761, 0.2858, 0.0736, 0.0522, 0.0630, 0.0472, 0.0825, 0.0774, 0.0617,
         0.1805],
        [0.1006, 0.0236, 0.2052, 0.1223, 0.1566, 0.1493, 0.1029, 0.0882, 0.0252,
         0.0261],
        [0.2837, 0.0239, 0.1755, 0.0617, 0.1472, 0.0471, 0.0804, 0.0409, 0.0977,
         0.0418],
        [0.0921, 0.0340, 0.1595, 0.1760, 0.0534, 0.2556, 0.1129, 0.0453, 0.0330,
         0.0382],
        [0.0933, 0.1351, 0.0847, 0.0756, 0.0864, 0.0875, 0.1737, 0.0977, 0.0422,
         0.1237],
        [0.1096, 0.0220, 0.0896, 0.0797, 0.0821, 0.1069, 0.0519, 0.3695, 0.0464,
         0.0424],
        [0.1351, 0.0331, 0.1013, 0.0625, 0.1608, 0.1111, 0.0358, 0.2738, 0.0542,
         0.0323],
        [0.1109, 0.0881, 0.0781, 0.0762, 0.1308, 0.0983, 0.0685, 0.2111, 0.0575,
         0.0805],
        [0.1029, 0.0320, 0.1505, 0.1749, 0.0591, 0.2580, 0.0821, 0.0581, 0.0406,
         0.0418],
        [0.0540, 0.5298, 0.0398, 0.0443, 0.0525, 0.0381, 0.0509, 0.0677, 0.0465,
         0.0765],
        [0.0867, 0.0535, 0.0931, 0.0864, 0.1437, 0.0434, 0.3918, 0.0453, 0.0253,
         0.0309],
        [0.1727, 0.3148, 0.0490, 0.0447, 0.0503, 0.0475, 0.0426, 0.0708, 0.1044,
         0.1032],
        [0.1570, 0.0635, 0.1645, 0.1228, 0.0877, 0.1168, 0.0917, 0.0686, 0.0558,
         0.0717],
        [0.1054, 0.1624, 0.1017, 0.0703, 0.1284, 0.0611, 0.1550, 0.0848, 0.0467,
         0.0843],
        [0.0803, 0.0324, 0.0958, 0.0924, 0.0573, 0.2519, 0.0436, 0.2506, 0.0424,
         0.0533],
        [0.0824, 0.0282, 0.0763, 0.0669, 0.0898, 0.1505, 0.0552, 0.3686, 0.0344,
         0.0477],
        [0.1033, 0.1007, 0.1090, 0.0965, 0.1237, 0.0707, 0.1864, 0.0812, 0.0565,
         0.0721],
        [0.0787, 0.1537, 0.0855, 0.0671, 0.0854, 0.0648, 0.1237, 0.0873, 0.0446,
         0.2092],
        [0.0828, 0.0645, 0.0890, 0.1197, 0.0894, 0.1207, 0.2727, 0.0675, 0.0331,
         0.0604],
        [0.5914, 0.0414, 0.0596, 0.0364, 0.0513, 0.0364, 0.0304, 0.0457, 0.0816,
         0.0256],
        [0.1135, 0.0859, 0.1428, 0.0751, 0.1399, 0.0543, 0.1809, 0.0710, 0.0566,
         0.0801],
        [0.2602, 0.0391, 0.1586, 0.0841, 0.0804, 0.0592, 0.0736, 0.0648, 0.1142,
         0.0658],
        [0.0580, 0.0235, 0.0387, 0.0474, 0.0608, 0.1816, 0.0283, 0.5086, 0.0352,
         0.0178],
        [0.0849, 0.0455, 0.1248, 0.1564, 0.0834, 0.1108, 0.2373, 0.0672, 0.0324,
         0.0573],
        [0.0913, 0.0438, 0.1191, 0.2004, 0.0570, 0.2324, 0.1279, 0.0531, 0.0344,
         0.0408],
        [0.0637, 0.2393, 0.0549, 0.0410, 0.0403, 0.0456, 0.0499, 0.0790, 0.0596,
         0.3267],
        [0.0632, 0.4894, 0.0473, 0.0296, 0.0564, 0.0362, 0.0418, 0.0737, 0.0343,
         0.1282],
        [0.3263, 0.1136, 0.1044, 0.0841, 0.0706, 0.0691, 0.0446, 0.0610, 0.0824,
         0.0439],
        [0.1209, 0.0282, 0.2442, 0.1316, 0.0743, 0.2254, 0.0636, 0.0481, 0.0310,
         0.0327],
        [0.5665, 0.0424, 0.0487, 0.0303, 0.0550, 0.0314, 0.0325, 0.0641, 0.1040,
         0.0250],
        [0.2621, 0.1042, 0.0621, 0.0429, 0.0511, 0.0342, 0.0441, 0.0640, 0.2589,
         0.0764],
        [0.1197, 0.3641, 0.0457, 0.0398, 0.0414, 0.0408, 0.0443, 0.0740, 0.0939,
         0.1362],
        [0.1261, 0.0899, 0.0769, 0.0650, 0.0584, 0.0639, 0.0470, 0.1517, 0.1003,
         0.2208],
        [0.1021, 0.0720, 0.1016, 0.0665, 0.1795, 0.0459, 0.2983, 0.0587, 0.0340,
         0.0413],
        [0.3968, 0.0602, 0.0654, 0.0475, 0.0635, 0.0508, 0.0406, 0.0770, 0.1371,
         0.0611],
        [0.0857, 0.0379, 0.1106, 0.1979, 0.0505, 0.2126, 0.1842, 0.0477, 0.0308,
         0.0422],
        [0.0434, 0.0309, 0.0421, 0.0472, 0.0380, 0.0957, 0.0476, 0.4154, 0.0437,
         0.1961],
        [0.1160, 0.0312, 0.2040, 0.0672, 0.1795, 0.0877, 0.1259, 0.1098, 0.0352,
         0.0435],
        [0.1777, 0.2582, 0.0566, 0.0358, 0.0446, 0.0340, 0.0463, 0.0680, 0.2186,
         0.0601],
        [0.0670, 0.0307, 0.0864, 0.0411, 0.1210, 0.1253, 0.0310, 0.4417, 0.0321,
         0.0237],
        [0.2305, 0.0255, 0.2598, 0.0847, 0.0960, 0.1098, 0.0493, 0.0532, 0.0584,
         0.0328],
        [0.0466, 0.0163, 0.0433, 0.0354, 0.0597, 0.0972, 0.0231, 0.6381, 0.0244,
         0.0160],
        [0.0976, 0.0371, 0.1700, 0.1175, 0.0707, 0.1524, 0.0860, 0.0919, 0.0691,
         0.1079]], device='cuda:0', grad_fn=<SoftmaxBackward>)
>> best accuracy: 41.42	best epoch: 0

>> final recovery rate: 59.806666666666665%
>> val epoch: 5
>> current accuracy: 67.30000000000001%
outputs: tensor([[0.0676, 0.0331, 0.0495, 0.0681, 0.0359, 0.0276, 0.0384, 0.0496, 0.5939,
         0.0362],
        [0.0514, 0.0796, 0.0329, 0.2475, 0.0445, 0.3317, 0.0559, 0.0688, 0.0459,
         0.0417],
        [0.0430, 0.0458, 0.0380, 0.0437, 0.1605, 0.0564, 0.0324, 0.5182, 0.0305,
         0.0314],
        [0.0688, 0.2048, 0.0391, 0.1003, 0.0486, 0.0403, 0.0478, 0.0609, 0.3439,
         0.0455],
        [0.0351, 0.0827, 0.0864, 0.0764, 0.0703, 0.0299, 0.4762, 0.0382, 0.0494,
         0.0553],
        [0.0452, 0.0897, 0.0709, 0.1266, 0.0651, 0.2008, 0.1903, 0.1185, 0.0499,
         0.0430],
        [0.1057, 0.0624, 0.1621, 0.0881, 0.3050, 0.0363, 0.0378, 0.0584, 0.1089,
         0.0355],
        [0.0596, 0.0574, 0.0450, 0.0963, 0.0665, 0.0315, 0.0587, 0.0433, 0.0741,
         0.4676],
        [0.0649, 0.0400, 0.0297, 0.0489, 0.0355, 0.0256, 0.0297, 0.0358, 0.6640,
         0.0257],
        [0.0303, 0.0698, 0.2317, 0.0373, 0.4547, 0.0282, 0.0376, 0.0416, 0.0338,
         0.0350],
        [0.4189, 0.0580, 0.0653, 0.0702, 0.0957, 0.0278, 0.0486, 0.0407, 0.1350,
         0.0397],
        [0.0374, 0.0566, 0.0328, 0.0586, 0.0424, 0.0240, 0.0331, 0.0478, 0.6387,
         0.0287],
        [0.6679, 0.0457, 0.0339, 0.0575, 0.0438, 0.0250, 0.0260, 0.0293, 0.0431,
         0.0277],
        [0.0407, 0.0764, 0.1435, 0.0572, 0.1425, 0.2355, 0.0933, 0.1206, 0.0415,
         0.0488],
        [0.0538, 0.0849, 0.1030, 0.1988, 0.2519, 0.0887, 0.0504, 0.0911, 0.0399,
         0.0376],
        [0.0382, 0.0842, 0.0600, 0.1377, 0.0745, 0.1044, 0.3608, 0.0455, 0.0449,
         0.0498],
        [0.0310, 0.0408, 0.0203, 0.0275, 0.0806, 0.0403, 0.0237, 0.6872, 0.0271,
         0.0216],
        [0.1081, 0.3563, 0.0467, 0.0546, 0.0564, 0.0340, 0.0403, 0.0530, 0.0452,
         0.2055],
        [0.0436, 0.0853, 0.0379, 0.1625, 0.2374, 0.0901, 0.1576, 0.0871, 0.0571,
         0.0414],
        [0.0265, 0.6390, 0.0384, 0.0241, 0.0425, 0.0288, 0.0414, 0.0425, 0.0532,
         0.0635],
        [0.0468, 0.0800, 0.0677, 0.2441, 0.0681, 0.2574, 0.0961, 0.0586, 0.0431,
         0.0382],
        [0.0585, 0.0296, 0.0329, 0.0544, 0.0348, 0.0241, 0.0298, 0.0339, 0.6781,
         0.0238],
        [0.0601, 0.4476, 0.0938, 0.0547, 0.0578, 0.0334, 0.0973, 0.0395, 0.0613,
         0.0544],
        [0.0660, 0.0549, 0.0573, 0.1102, 0.0586, 0.0312, 0.0511, 0.0431, 0.4478,
         0.0798],
        [0.0370, 0.0667, 0.0381, 0.0458, 0.0597, 0.0341, 0.5861, 0.0298, 0.0566,
         0.0462],
        [0.0888, 0.0663, 0.0617, 0.0580, 0.0629, 0.0351, 0.0412, 0.0612, 0.0284,
         0.4964],
        [0.0573, 0.0729, 0.4883, 0.0564, 0.0853, 0.0189, 0.0701, 0.0329, 0.0733,
         0.0447],
        [0.1698, 0.0615, 0.1007, 0.1638, 0.0876, 0.0578, 0.0592, 0.1609, 0.0707,
         0.0680],
        [0.0333, 0.0483, 0.0322, 0.0280, 0.1978, 0.0381, 0.0296, 0.5339, 0.0324,
         0.0262],
        [0.5658, 0.1021, 0.0285, 0.0429, 0.0653, 0.0304, 0.0324, 0.0395, 0.0455,
         0.0475],
        [0.1081, 0.0778, 0.2921, 0.1042, 0.1816, 0.0529, 0.0473, 0.0570, 0.0348,
         0.0444],
        [0.0289, 0.0747, 0.0265, 0.6363, 0.0338, 0.0554, 0.0591, 0.0307, 0.0292,
         0.0256],
        [0.0447, 0.0807, 0.0476, 0.1118, 0.0539, 0.0312, 0.0581, 0.0444, 0.0850,
         0.4427],
        [0.0454, 0.0933, 0.0454, 0.1358, 0.1939, 0.0984, 0.2277, 0.0493, 0.0619,
         0.0488],
        [0.1545, 0.0811, 0.0957, 0.0665, 0.3425, 0.0450, 0.0721, 0.0606, 0.0380,
         0.0440],
        [0.0938, 0.0681, 0.0608, 0.0723, 0.0632, 0.0281, 0.0915, 0.0419, 0.4310,
         0.0493],
        [0.0353, 0.0749, 0.1337, 0.0598, 0.3942, 0.0606, 0.0316, 0.1386, 0.0377,
         0.0337],
        [0.6136, 0.0620, 0.0400, 0.0709, 0.0362, 0.0258, 0.0362, 0.0309, 0.0476,
         0.0367],
        [0.0665, 0.4985, 0.0880, 0.0408, 0.0506, 0.0477, 0.0539, 0.0501, 0.0362,
         0.0676],
        [0.0458, 0.1178, 0.0432, 0.1049, 0.0440, 0.0262, 0.0610, 0.0418, 0.0469,
         0.4684],
        [0.0442, 0.0766, 0.0692, 0.0505, 0.0857, 0.0427, 0.4669, 0.0503, 0.0454,
         0.0686],
        [0.3283, 0.0553, 0.0330, 0.0657, 0.0595, 0.0299, 0.0426, 0.0468, 0.2229,
         0.1159],
        [0.0296, 0.6458, 0.0299, 0.0303, 0.0429, 0.0256, 0.0445, 0.0318, 0.0831,
         0.0364],
        [0.0962, 0.0708, 0.0476, 0.1109, 0.0502, 0.0401, 0.0536, 0.0460, 0.1447,
         0.3397],
        [0.0581, 0.0708, 0.0598, 0.1689, 0.0890, 0.0843, 0.0457, 0.3612, 0.0397,
         0.0225],
        [0.0438, 0.5550, 0.0424, 0.0428, 0.0519, 0.0333, 0.0416, 0.0362, 0.0636,
         0.0894],
        [0.1570, 0.1096, 0.1682, 0.0656, 0.2194, 0.0366, 0.0589, 0.0928, 0.0382,
         0.0536],
        [0.0336, 0.0534, 0.0396, 0.1230, 0.0500, 0.0326, 0.0558, 0.0373, 0.0426,
         0.5320],
        [0.0816, 0.0831, 0.0727, 0.1779, 0.0646, 0.2487, 0.0675, 0.1287, 0.0408,
         0.0344],
        [0.0235, 0.6982, 0.0290, 0.0274, 0.0370, 0.0278, 0.0370, 0.0266, 0.0467,
         0.0468],
        [0.0490, 0.0765, 0.2049, 0.0829, 0.0440, 0.3582, 0.0453, 0.0519, 0.0411,
         0.0463],
        [0.0324, 0.5373, 0.0391, 0.0491, 0.0467, 0.0342, 0.0410, 0.0360, 0.1164,
         0.0679],
        [0.0472, 0.0683, 0.3468, 0.0439, 0.0662, 0.0783, 0.0599, 0.2147, 0.0324,
         0.0423],
        [0.0462, 0.0769, 0.0649, 0.1800, 0.0551, 0.4030, 0.0418, 0.0538, 0.0399,
         0.0385],
        [0.0430, 0.0460, 0.0276, 0.0392, 0.0603, 0.0413, 0.0308, 0.6314, 0.0261,
         0.0544],
        [0.0482, 0.1016, 0.2618, 0.0908, 0.0330, 0.2845, 0.0462, 0.0489, 0.0370,
         0.0481],
        [0.1563, 0.3463, 0.0486, 0.0603, 0.0511, 0.0375, 0.0374, 0.0442, 0.1845,
         0.0338],
        [0.1263, 0.0517, 0.1459, 0.0461, 0.1749, 0.0403, 0.0245, 0.3237, 0.0347,
         0.0319],
        [0.0308, 0.0435, 0.0258, 0.0271, 0.1060, 0.0478, 0.0241, 0.6426, 0.0285,
         0.0238],
        [0.0398, 0.0869, 0.0537, 0.2845, 0.0368, 0.2974, 0.0804, 0.0357, 0.0420,
         0.0428],
        [0.0149, 0.0395, 0.0325, 0.0261, 0.7637, 0.0274, 0.0209, 0.0277, 0.0231,
         0.0242],
        [0.0718, 0.3969, 0.0889, 0.0631, 0.0871, 0.0372, 0.0643, 0.0537, 0.0834,
         0.0535],
        [0.0681, 0.1575, 0.0471, 0.0771, 0.0450, 0.0299, 0.0526, 0.0351, 0.0865,
         0.4010],
        [0.2070, 0.0706, 0.1155, 0.1112, 0.0607, 0.0632, 0.0412, 0.2444, 0.0346,
         0.0516],
        [0.0407, 0.0848, 0.0403, 0.3482, 0.0315, 0.2757, 0.0567, 0.0390, 0.0443,
         0.0387],
        [0.0451, 0.0571, 0.0466, 0.0916, 0.0506, 0.0324, 0.0519, 0.0407, 0.0374,
         0.5466],
        [0.0501, 0.0819, 0.2953, 0.1249, 0.0628, 0.0907, 0.0302, 0.2050, 0.0314,
         0.0277],
        [0.0888, 0.0804, 0.1495, 0.0757, 0.1589, 0.0490, 0.0350, 0.2298, 0.0338,
         0.0990],
        [0.0382, 0.6069, 0.0383, 0.0365, 0.0566, 0.0373, 0.0382, 0.0353, 0.0605,
         0.0521],
        [0.0550, 0.3508, 0.1029, 0.0465, 0.0588, 0.0467, 0.0683, 0.0891, 0.0328,
         0.1492],
        [0.0420, 0.1037, 0.0521, 0.1446, 0.0798, 0.0867, 0.3467, 0.0552, 0.0500,
         0.0392],
        [0.0369, 0.6581, 0.0301, 0.0252, 0.0435, 0.0355, 0.0401, 0.0305, 0.0588,
         0.0413]], device='cuda:0', grad_fn=<SoftmaxBackward>)
>> best accuracy: 67.30000000000001	best epoch: 5

>> final recovery rate: 59.806666666666665%
>> val epoch: 10
>> current accuracy: 76.44%
outputs: tensor([[0.4582, 0.0663, 0.0502, 0.0662, 0.0470, 0.0384, 0.0561, 0.0394, 0.0531,
         0.1252],
        [0.0622, 0.0748, 0.0735, 0.2406, 0.0658, 0.1816, 0.1548, 0.0405, 0.0525,
         0.0537],
        [0.0382, 0.0569, 0.0260, 0.0399, 0.6020, 0.0395, 0.0334, 0.0458, 0.0511,
         0.0671],
        [0.0353, 0.0304, 0.0293, 0.0504, 0.0443, 0.0213, 0.6851, 0.0369, 0.0371,
         0.0299],
        [0.0454, 0.0633, 0.0304, 0.0699, 0.1282, 0.0517, 0.0626, 0.4476, 0.0532,
         0.0477],
        [0.0572, 0.0443, 0.0469, 0.1015, 0.4066, 0.1056, 0.0475, 0.0672, 0.0521,
         0.0710],
        [0.0542, 0.0434, 0.0333, 0.0359, 0.0410, 0.0273, 0.0364, 0.0320, 0.6490,
         0.0476],
        [0.0380, 0.4645, 0.0271, 0.0505, 0.0334, 0.0223, 0.0646, 0.0231, 0.0636,
         0.2131],
        [0.0590, 0.0662, 0.0482, 0.2412, 0.0755, 0.2929, 0.0763, 0.0449, 0.0476,
         0.0484],
        [0.0524, 0.0433, 0.4152, 0.0580, 0.0430, 0.0270, 0.1893, 0.0427, 0.0845,
         0.0447],
        [0.0396, 0.7050, 0.0241, 0.0293, 0.0473, 0.0306, 0.0310, 0.0230, 0.0374,
         0.0327],
        [0.0351, 0.1413, 0.0292, 0.0349, 0.0605, 0.0284, 0.0313, 0.0372, 0.5652,
         0.0368],
        [0.0568, 0.0548, 0.0333, 0.0877, 0.0524, 0.0597, 0.0664, 0.4915, 0.0538,
         0.0436],
        [0.0464, 0.0613, 0.0265, 0.0512, 0.0395, 0.0250, 0.0451, 0.0299, 0.0749,
         0.6002],
        [0.0718, 0.3809, 0.0402, 0.0789, 0.0302, 0.0476, 0.1734, 0.0347, 0.0861,
         0.0563],
        [0.2167, 0.0399, 0.1046, 0.0962, 0.0662, 0.0258, 0.0822, 0.0393, 0.2774,
         0.0518],
        [0.0677, 0.0838, 0.2274, 0.1517, 0.0539, 0.0418, 0.0579, 0.2377, 0.0392,
         0.0388],
        [0.0216, 0.0347, 0.0191, 0.0690, 0.0268, 0.0201, 0.7250, 0.0290, 0.0332,
         0.0214],
        [0.0498, 0.0608, 0.0328, 0.0640, 0.0409, 0.0508, 0.0616, 0.5487, 0.0484,
         0.0423],
        [0.4325, 0.1614, 0.0365, 0.0584, 0.0379, 0.0252, 0.0344, 0.0256, 0.0745,
         0.1135],
        [0.1691, 0.0765, 0.0366, 0.0629, 0.0511, 0.0337, 0.0669, 0.0414, 0.2617,
         0.2000],
        [0.0489, 0.0409, 0.0965, 0.0602, 0.4846, 0.0352, 0.0579, 0.0574, 0.0564,
         0.0620],
        [0.0435, 0.1025, 0.0581, 0.2105, 0.0519, 0.1952, 0.2190, 0.0386, 0.0477,
         0.0330],
        [0.0519, 0.0374, 0.0334, 0.0331, 0.0402, 0.0205, 0.0321, 0.0297, 0.6791,
         0.0426],
        [0.0358, 0.0385, 0.5987, 0.0541, 0.0658, 0.0329, 0.0524, 0.0296, 0.0527,
         0.0395],
        [0.0505, 0.0649, 0.0485, 0.1248, 0.0714, 0.4383, 0.0655, 0.0371, 0.0405,
         0.0584],
        [0.0693, 0.0598, 0.2881, 0.1152, 0.0853, 0.0850, 0.0737, 0.1309, 0.0461,
         0.0466],
        [0.0262, 0.0270, 0.0254, 0.0392, 0.0301, 0.0164, 0.7526, 0.0265, 0.0335,
         0.0231],
        [0.0617, 0.0798, 0.0454, 0.2728, 0.0507, 0.2534, 0.0959, 0.0387, 0.0475,
         0.0541],
        [0.0480, 0.0379, 0.0350, 0.0350, 0.6653, 0.0216, 0.0326, 0.0331, 0.0414,
         0.0500],
        [0.0379, 0.0490, 0.5508, 0.0660, 0.0529, 0.0441, 0.0546, 0.0387, 0.0511,
         0.0549],
        [0.5566, 0.0699, 0.0525, 0.0622, 0.0545, 0.0348, 0.0517, 0.0358, 0.0280,
         0.0540],
        [0.0570, 0.0789, 0.0511, 0.4264, 0.0462, 0.1378, 0.0567, 0.0624, 0.0519,
         0.0317],
        [0.0397, 0.0376, 0.0455, 0.0537, 0.5953, 0.0351, 0.0531, 0.0376, 0.0465,
         0.0558],
        [0.0413, 0.6563, 0.0295, 0.0366, 0.0448, 0.0311, 0.0383, 0.0243, 0.0270,
         0.0708],
        [0.0456, 0.0422, 0.0551, 0.0419, 0.5630, 0.0341, 0.0560, 0.0470, 0.0554,
         0.0598],
        [0.0401, 0.6058, 0.0338, 0.0454, 0.0574, 0.0343, 0.0444, 0.0295, 0.0301,
         0.0792],
        [0.0917, 0.0716, 0.0761, 0.1740, 0.0667, 0.1182, 0.1009, 0.1709, 0.0593,
         0.0706],
        [0.0485, 0.0652, 0.0608, 0.2689, 0.0608, 0.1957, 0.0992, 0.1100, 0.0537,
         0.0371],
        [0.0545, 0.0430, 0.5467, 0.0652, 0.0521, 0.0402, 0.0609, 0.0516, 0.0436,
         0.0421],
        [0.0464, 0.0513, 0.1002, 0.3686, 0.1028, 0.0515, 0.0920, 0.0451, 0.0482,
         0.0940],
        [0.0584, 0.0953, 0.0450, 0.3196, 0.0406, 0.1724, 0.1490, 0.0314, 0.0495,
         0.0388],
        [0.5305, 0.0980, 0.0360, 0.0602, 0.0530, 0.0392, 0.0507, 0.0431, 0.0343,
         0.0551],
        [0.0584, 0.0573, 0.0520, 0.3046, 0.0577, 0.1532, 0.0635, 0.0433, 0.0642,
         0.1459],
        [0.4413, 0.0522, 0.1566, 0.0578, 0.0784, 0.0327, 0.0493, 0.0356, 0.0455,
         0.0504],
        [0.0399, 0.0461, 0.0354, 0.0361, 0.0521, 0.0291, 0.0360, 0.0330, 0.6514,
         0.0409],
        [0.0458, 0.0329, 0.5215, 0.0661, 0.0603, 0.0204, 0.1096, 0.0321, 0.0687,
         0.0427],
        [0.0551, 0.0577, 0.0377, 0.0684, 0.1074, 0.0587, 0.0547, 0.4626, 0.0514,
         0.0461],
        [0.0326, 0.6773, 0.0273, 0.0375, 0.0498, 0.0280, 0.0456, 0.0239, 0.0310,
         0.0470],
        [0.0521, 0.0630, 0.0524, 0.1006, 0.0682, 0.2296, 0.0727, 0.2819, 0.0405,
         0.0389],
        [0.0534, 0.0629, 0.0400, 0.2751, 0.0620, 0.2743, 0.0726, 0.0340, 0.0566,
         0.0691],
        [0.0736, 0.0390, 0.0513, 0.0757, 0.5020, 0.0515, 0.0418, 0.0427, 0.0477,
         0.0746],
        [0.0397, 0.0589, 0.0514, 0.1844, 0.1103, 0.1072, 0.0941, 0.2267, 0.0668,
         0.0605],
        [0.0319, 0.0257, 0.0332, 0.0679, 0.5975, 0.0344, 0.0561, 0.0370, 0.0509,
         0.0654],
        [0.0737, 0.0431, 0.0377, 0.0443, 0.0482, 0.0294, 0.0476, 0.0339, 0.5815,
         0.0605],
        [0.0432, 0.0385, 0.0502, 0.0614, 0.4603, 0.0768, 0.0529, 0.0458, 0.0600,
         0.1108],
        [0.0567, 0.0594, 0.0481, 0.1302, 0.3910, 0.0545, 0.0662, 0.0555, 0.0607,
         0.0777],
        [0.0364, 0.1764, 0.0392, 0.2893, 0.0707, 0.1758, 0.0654, 0.0408, 0.0655,
         0.0405],
        [0.0711, 0.0477, 0.0418, 0.0379, 0.0507, 0.0277, 0.0457, 0.0328, 0.5916,
         0.0528],
        [0.0600, 0.0620, 0.0304, 0.0731, 0.0967, 0.0791, 0.0773, 0.4026, 0.0459,
         0.0727],
        [0.0347, 0.0586, 0.0321, 0.0511, 0.0474, 0.0212, 0.0454, 0.0358, 0.0319,
         0.6419],
        [0.0543, 0.5703, 0.0215, 0.0309, 0.0339, 0.0269, 0.0372, 0.0267, 0.0540,
         0.1442],
        [0.1631, 0.0541, 0.0483, 0.0671, 0.0456, 0.0255, 0.0476, 0.0536, 0.0719,
         0.4232],
        [0.0355, 0.0379, 0.0327, 0.0381, 0.0479, 0.0277, 0.0370, 0.0303, 0.6692,
         0.0437],
        [0.0728, 0.3188, 0.0345, 0.0508, 0.0399, 0.0382, 0.0430, 0.0314, 0.0692,
         0.3014],
        [0.0701, 0.0601, 0.0426, 0.0613, 0.3782, 0.0508, 0.0496, 0.1731, 0.0468,
         0.0674],
        [0.0430, 0.0672, 0.0378, 0.5794, 0.0405, 0.0800, 0.0437, 0.0338, 0.0365,
         0.0380],
        [0.0379, 0.0427, 0.2470, 0.1907, 0.0521, 0.0328, 0.2658, 0.0434, 0.0485,
         0.0391],
        [0.0478, 0.0528, 0.0631, 0.1127, 0.3128, 0.0572, 0.0903, 0.1760, 0.0489,
         0.0384],
        [0.0348, 0.0444, 0.0423, 0.0621, 0.5647, 0.0340, 0.0376, 0.0517, 0.0427,
         0.0856],
        [0.0546, 0.1619, 0.0494, 0.4205, 0.0403, 0.0785, 0.0642, 0.0574, 0.0440,
         0.0292],
        [0.0757, 0.0452, 0.4918, 0.1533, 0.0438, 0.0273, 0.0442, 0.0316, 0.0440,
         0.0432]], device='cuda:0', grad_fn=<SoftmaxBackward>)
>> best accuracy: 76.44	best epoch: 10

>> final recovery rate: 59.806666666666665%
>> val epoch: 15
>> current accuracy: 80.72%
outputs: tensor([[0.0446, 0.2268, 0.0835, 0.0475, 0.0513, 0.1674, 0.0631, 0.0592, 0.0493,
         0.2072],
        [0.0850, 0.0824, 0.0514, 0.0420, 0.0566, 0.0466, 0.4599, 0.0384, 0.0619,
         0.0757],
        [0.0466, 0.0352, 0.0528, 0.0436, 0.0636, 0.0434, 0.5739, 0.0336, 0.0557,
         0.0515],
        [0.0553, 0.3380, 0.0499, 0.0422, 0.0437, 0.0441, 0.0832, 0.0565, 0.1399,
         0.1472],
        [0.0759, 0.5447, 0.0469, 0.0385, 0.0436, 0.0485, 0.0308, 0.0326, 0.0474,
         0.0912],
        [0.0436, 0.0806, 0.5617, 0.0546, 0.0684, 0.0340, 0.0344, 0.0325, 0.0350,
         0.0552],
        [0.1954, 0.0564, 0.0485, 0.0403, 0.0703, 0.0380, 0.0286, 0.0532, 0.3987,
         0.0705],
        [0.0352, 0.0370, 0.0233, 0.0416, 0.0337, 0.0305, 0.0279, 0.6836, 0.0454,
         0.0417],
        [0.0301, 0.0419, 0.0501, 0.0628, 0.0554, 0.0500, 0.5683, 0.0379, 0.0435,
         0.0598],
        [0.1643, 0.0266, 0.0229, 0.0534, 0.0932, 0.0404, 0.0327, 0.4762, 0.0468,
         0.0434],
        [0.0709, 0.0604, 0.6454, 0.0253, 0.0372, 0.0311, 0.0221, 0.0330, 0.0311,
         0.0435],
        [0.0434, 0.0438, 0.1599, 0.0966, 0.1594, 0.0773, 0.2416, 0.0721, 0.0394,
         0.0665],
        [0.0375, 0.0447, 0.1394, 0.0569, 0.0534, 0.4802, 0.0497, 0.0539, 0.0338,
         0.0504],
        [0.0422, 0.0775, 0.0654, 0.3311, 0.0504, 0.1627, 0.0271, 0.0329, 0.0373,
         0.1734],
        [0.1262, 0.0899, 0.0335, 0.0321, 0.0466, 0.0319, 0.0155, 0.0405, 0.5137,
         0.0701],
        [0.0611, 0.0404, 0.0430, 0.0433, 0.0586, 0.0472, 0.5664, 0.0323, 0.0546,
         0.0533],
        [0.0264, 0.0433, 0.0416, 0.1061, 0.0573, 0.1139, 0.4833, 0.0431, 0.0398,
         0.0452],
        [0.0377, 0.0371, 0.1022, 0.4029, 0.1415, 0.0753, 0.0399, 0.0329, 0.0279,
         0.1026],
        [0.0463, 0.5736, 0.0538, 0.0471, 0.0440, 0.0552, 0.0391, 0.0350, 0.0533,
         0.0526],
        [0.0351, 0.0412, 0.0356, 0.0375, 0.0425, 0.0298, 0.0259, 0.0419, 0.6617,
         0.0489],
        [0.0389, 0.0433, 0.0382, 0.0261, 0.0562, 0.6105, 0.0464, 0.0429, 0.0410,
         0.0565],
        [0.0411, 0.0555, 0.0268, 0.0479, 0.0497, 0.1352, 0.0372, 0.5073, 0.0581,
         0.0411],
        [0.0304, 0.0438, 0.0394, 0.0398, 0.0452, 0.0305, 0.0223, 0.0449, 0.6643,
         0.0394],
        [0.0534, 0.0734, 0.0376, 0.2271, 0.0485, 0.2822, 0.0396, 0.1273, 0.0647,
         0.0463],
        [0.0325, 0.0346, 0.0246, 0.0286, 0.0393, 0.0384, 0.0295, 0.0576, 0.0284,
         0.6865],
        [0.6978, 0.0332, 0.0222, 0.0386, 0.0488, 0.0350, 0.0222, 0.0391, 0.0174,
         0.0456],
        [0.0440, 0.0595, 0.3152, 0.1092, 0.0639, 0.1565, 0.1133, 0.0297, 0.0435,
         0.0651],
        [0.0310, 0.0445, 0.0408, 0.0371, 0.5765, 0.0313, 0.0305, 0.0979, 0.0517,
         0.0586],
        [0.0522, 0.0450, 0.1985, 0.0465, 0.0604, 0.0424, 0.3995, 0.0352, 0.0525,
         0.0678],
        [0.0370, 0.0372, 0.0389, 0.4834, 0.1543, 0.0760, 0.0478, 0.0463, 0.0268,
         0.0521],
        [0.0301, 0.0436, 0.0381, 0.6245, 0.0451, 0.0930, 0.0249, 0.0273, 0.0364,
         0.0370],
        [0.0368, 0.0458, 0.0346, 0.0981, 0.1947, 0.2717, 0.0470, 0.1494, 0.0481,
         0.0740],
        [0.7045, 0.0308, 0.0499, 0.0273, 0.0353, 0.0294, 0.0230, 0.0366, 0.0200,
         0.0432],
        [0.0380, 0.0700, 0.0507, 0.2401, 0.0720, 0.3534, 0.0429, 0.0285, 0.0476,
         0.0568],
        [0.0371, 0.0260, 0.0242, 0.0347, 0.6650, 0.0352, 0.0349, 0.0658, 0.0290,
         0.0480],
        [0.0317, 0.0606, 0.0459, 0.0390, 0.5251, 0.0368, 0.0343, 0.0962, 0.0613,
         0.0691],
        [0.0369, 0.0497, 0.0384, 0.1164, 0.0948, 0.3251, 0.0472, 0.1953, 0.0368,
         0.0593],
        [0.0484, 0.0560, 0.6557, 0.0254, 0.0370, 0.0275, 0.0332, 0.0313, 0.0355,
         0.0502],
        [0.4622, 0.0775, 0.0431, 0.0448, 0.0459, 0.0351, 0.0210, 0.0464, 0.1500,
         0.0739],
        [0.0592, 0.0489, 0.0581, 0.0403, 0.0539, 0.0391, 0.5205, 0.0409, 0.0653,
         0.0738],
        [0.0288, 0.6188, 0.0420, 0.0397, 0.0449, 0.0508, 0.0266, 0.0358, 0.0687,
         0.0440],
        [0.2110, 0.1556, 0.0420, 0.0435, 0.0812, 0.0482, 0.0434, 0.0622, 0.1295,
         0.1833],
        [0.0384, 0.0324, 0.0559, 0.0447, 0.6009, 0.0399, 0.0407, 0.0414, 0.0335,
         0.0723],
        [0.0599, 0.0434, 0.0620, 0.1051, 0.4674, 0.0493, 0.0603, 0.0438, 0.0350,
         0.0737],
        [0.0593, 0.0409, 0.0955, 0.0661, 0.0738, 0.0714, 0.4563, 0.0374, 0.0377,
         0.0618],
        [0.0367, 0.0436, 0.0236, 0.0386, 0.0310, 0.0391, 0.0336, 0.6662, 0.0414,
         0.0462],
        [0.5307, 0.0444, 0.0399, 0.0480, 0.0845, 0.0344, 0.0208, 0.0530, 0.0924,
         0.0519],
        [0.0403, 0.0484, 0.0292, 0.0441, 0.0291, 0.0346, 0.0431, 0.6312, 0.0449,
         0.0551],
        [0.0649, 0.4814, 0.0959, 0.0444, 0.0360, 0.0666, 0.0776, 0.0305, 0.0475,
         0.0554],
        [0.0450, 0.5681, 0.0668, 0.0539, 0.0486, 0.0527, 0.0299, 0.0399, 0.0400,
         0.0551],
        [0.6673, 0.0379, 0.0279, 0.0420, 0.0476, 0.0388, 0.0203, 0.0415, 0.0264,
         0.0503],
        [0.0386, 0.0666, 0.1176, 0.0412, 0.0613, 0.0503, 0.4427, 0.0609, 0.0579,
         0.0630],
        [0.0373, 0.0363, 0.0520, 0.0358, 0.6091, 0.0268, 0.0570, 0.0386, 0.0461,
         0.0609],
        [0.0625, 0.0718, 0.2746, 0.0854, 0.0483, 0.0906, 0.1844, 0.0954, 0.0337,
         0.0533],
        [0.5742, 0.0370, 0.0696, 0.0353, 0.0823, 0.0402, 0.0316, 0.0375, 0.0360,
         0.0562],
        [0.0336, 0.0416, 0.5678, 0.0376, 0.0918, 0.0307, 0.0529, 0.0394, 0.0428,
         0.0617],
        [0.0634, 0.0594, 0.0416, 0.0315, 0.0442, 0.0224, 0.0429, 0.0386, 0.5979,
         0.0581],
        [0.0364, 0.0420, 0.0399, 0.0390, 0.0425, 0.0309, 0.0211, 0.0455, 0.6694,
         0.0334],
        [0.0672, 0.1073, 0.0324, 0.0315, 0.0399, 0.0285, 0.0314, 0.0309, 0.0459,
         0.5850],
        [0.0334, 0.0206, 0.0183, 0.0324, 0.0370, 0.0219, 0.0274, 0.0293, 0.0461,
         0.7335],
        [0.0458, 0.0420, 0.0340, 0.0413, 0.0541, 0.0454, 0.5697, 0.0362, 0.0733,
         0.0583],
        [0.0338, 0.0374, 0.0332, 0.0593, 0.1054, 0.4947, 0.0501, 0.0988, 0.0350,
         0.0523],
        [0.0669, 0.0795, 0.2468, 0.1884, 0.0652, 0.0620, 0.1254, 0.0326, 0.0402,
         0.0930],
        [0.0460, 0.5330, 0.0667, 0.0526, 0.0498, 0.0596, 0.0388, 0.0414, 0.0395,
         0.0727],
        [0.0713, 0.0644, 0.0420, 0.1315, 0.0724, 0.2293, 0.0381, 0.1391, 0.0577,
         0.1542],
        [0.2003, 0.0623, 0.3491, 0.0930, 0.0824, 0.0727, 0.0294, 0.0315, 0.0283,
         0.0511],
        [0.0565, 0.5242, 0.0802, 0.0423, 0.0538, 0.0516, 0.0202, 0.0330, 0.0871,
         0.0511],
        [0.0427, 0.0423, 0.0235, 0.0356, 0.0246, 0.0443, 0.0327, 0.6621, 0.0427,
         0.0494],
        [0.0324, 0.0286, 0.0671, 0.4534, 0.0588, 0.0615, 0.0453, 0.0219, 0.0243,
         0.2065],
        [0.0709, 0.0416, 0.0771, 0.0336, 0.5193, 0.0565, 0.0398, 0.0601, 0.0388,
         0.0623],
        [0.0361, 0.0682, 0.0353, 0.0882, 0.1087, 0.1156, 0.0344, 0.4123, 0.0525,
         0.0487],
        [0.0272, 0.0309, 0.0264, 0.0425, 0.0378, 0.0276, 0.0341, 0.0346, 0.0358,
         0.7030]], device='cuda:0', grad_fn=<SoftmaxBackward>)
>> best accuracy: 80.72	best epoch: 15

>> final recovery rate: 59.806666666666665%
>> val epoch: 20
>> current accuracy: 81.04%
outputs: tensor([[0.6908, 0.0490, 0.0326, 0.0241, 0.0303, 0.0394, 0.0346, 0.0359, 0.0367,
         0.0265],
        [0.0516, 0.0676, 0.5404, 0.0495, 0.0390, 0.0309, 0.0438, 0.0395, 0.0787,
         0.0589],
        [0.0497, 0.1101, 0.0632, 0.0403, 0.1133, 0.0903, 0.1657, 0.0810, 0.0971,
         0.1892],
        [0.0417, 0.0286, 0.0274, 0.0291, 0.0419, 0.0265, 0.0349, 0.0488, 0.7028,
         0.0182],
        [0.0608, 0.0244, 0.0387, 0.0418, 0.6257, 0.0334, 0.0346, 0.0578, 0.0552,
         0.0277],
        [0.0645, 0.0717, 0.0327, 0.0352, 0.0353, 0.0937, 0.0694, 0.4916, 0.0644,
         0.0416],
        [0.0734, 0.0484, 0.0564, 0.0466, 0.4340, 0.0732, 0.0941, 0.0456, 0.0823,
         0.0461],
        [0.7073, 0.0393, 0.0431, 0.0334, 0.0210, 0.0321, 0.0284, 0.0284, 0.0407,
         0.0263],
        [0.0479, 0.1401, 0.0376, 0.0550, 0.0591, 0.0296, 0.0755, 0.0516, 0.0669,
         0.4367],
        [0.0637, 0.0353, 0.0218, 0.0489, 0.6124, 0.0266, 0.0433, 0.0404, 0.0685,
         0.0391],
        [0.0752, 0.0422, 0.0241, 0.3349, 0.0894, 0.2160, 0.0267, 0.0625, 0.0879,
         0.0412],
        [0.0584, 0.0325, 0.1755, 0.0577, 0.1843, 0.1627, 0.1795, 0.0546, 0.0417,
         0.0532],
        [0.0399, 0.0556, 0.0411, 0.0404, 0.0836, 0.0345, 0.0666, 0.0506, 0.0732,
         0.5144],
        [0.0626, 0.0859, 0.0585, 0.0772, 0.0625, 0.0286, 0.0539, 0.0350, 0.0637,
         0.4720],
        [0.0607, 0.0501, 0.0224, 0.2804, 0.0642, 0.2529, 0.1005, 0.0550, 0.0606,
         0.0532],
        [0.0723, 0.2802, 0.0507, 0.0559, 0.0784, 0.0618, 0.0732, 0.0567, 0.0621,
         0.2088],
        [0.0523, 0.0607, 0.0301, 0.0682, 0.0398, 0.2395, 0.3883, 0.0345, 0.0548,
         0.0319],
        [0.1830, 0.0487, 0.0279, 0.0535, 0.3111, 0.0906, 0.0451, 0.1489, 0.0442,
         0.0470],
        [0.0658, 0.0323, 0.0170, 0.0338, 0.0752, 0.0405, 0.0438, 0.6006, 0.0631,
         0.0279],
        [0.0484, 0.0461, 0.0765, 0.1561, 0.1777, 0.0714, 0.0526, 0.2858, 0.0579,
         0.0275],
        [0.0459, 0.0373, 0.0260, 0.0342, 0.0370, 0.0308, 0.0368, 0.0422, 0.6846,
         0.0251],
        [0.0560, 0.1037, 0.0311, 0.0290, 0.0536, 0.0303, 0.0738, 0.0537, 0.0683,
         0.5003],
        [0.1439, 0.0952, 0.0218, 0.0512, 0.0628, 0.0366, 0.0496, 0.0731, 0.4381,
         0.0278],
        [0.0605, 0.5693, 0.0343, 0.0506, 0.0628, 0.0388, 0.0554, 0.0405, 0.0503,
         0.0375],
        [0.0661, 0.0750, 0.4794, 0.0555, 0.0370, 0.0492, 0.0457, 0.0496, 0.0818,
         0.0607],
        [0.0508, 0.0409, 0.1100, 0.2003, 0.2871, 0.0521, 0.0573, 0.0680, 0.0678,
         0.0659],
        [0.0596, 0.5483, 0.0387, 0.0543, 0.0507, 0.0470, 0.0717, 0.0375, 0.0492,
         0.0429],
        [0.0416, 0.0267, 0.0157, 0.0407, 0.0437, 0.0306, 0.7089, 0.0218, 0.0385,
         0.0319],
        [0.0617, 0.0439, 0.0970, 0.1042, 0.4176, 0.0284, 0.0593, 0.0397, 0.0483,
         0.0998],
        [0.0366, 0.0331, 0.0222, 0.7564, 0.0289, 0.0205, 0.0192, 0.0264, 0.0315,
         0.0251],
        [0.0403, 0.0545, 0.1116, 0.4274, 0.0354, 0.1643, 0.0386, 0.0333, 0.0523,
         0.0422],
        [0.0737, 0.0323, 0.0241, 0.0309, 0.0628, 0.0357, 0.5739, 0.0294, 0.0897,
         0.0476],
        [0.4321, 0.0512, 0.1845, 0.0299, 0.0334, 0.0348, 0.0361, 0.0367, 0.1239,
         0.0375],
        [0.0500, 0.0380, 0.0343, 0.0643, 0.0561, 0.0324, 0.0581, 0.0382, 0.0519,
         0.5768],
        [0.0631, 0.0563, 0.0357, 0.3601, 0.0427, 0.2642, 0.0351, 0.0323, 0.0605,
         0.0502],
        [0.0430, 0.0185, 0.0366, 0.0496, 0.6917, 0.0219, 0.0385, 0.0268, 0.0348,
         0.0386],
        [0.0799, 0.0561, 0.0416, 0.1893, 0.0469, 0.3528, 0.0518, 0.0540, 0.0822,
         0.0454],
        [0.7020, 0.0439, 0.0158, 0.0350, 0.0323, 0.0248, 0.0495, 0.0384, 0.0302,
         0.0281],
        [0.0362, 0.0451, 0.0323, 0.0389, 0.0429, 0.0345, 0.0360, 0.0473, 0.6601,
         0.0265],
        [0.0371, 0.0462, 0.0383, 0.5741, 0.0318, 0.1357, 0.0273, 0.0287, 0.0532,
         0.0278],
        [0.6029, 0.0634, 0.0135, 0.0419, 0.0393, 0.0384, 0.0641, 0.0524, 0.0417,
         0.0426],
        [0.0608, 0.0742, 0.4078, 0.0816, 0.0325, 0.1010, 0.0630, 0.0530, 0.0729,
         0.0532],
        [0.0427, 0.0467, 0.0235, 0.0315, 0.0517, 0.0479, 0.0470, 0.6001, 0.0750,
         0.0338],
        [0.0629, 0.0441, 0.0252, 0.0277, 0.0397, 0.0690, 0.6146, 0.0339, 0.0425,
         0.0404],
        [0.0379, 0.0421, 0.0216, 0.5270, 0.0408, 0.1824, 0.0356, 0.0373, 0.0392,
         0.0361],
        [0.0705, 0.0347, 0.0144, 0.1494, 0.0882, 0.0471, 0.0600, 0.4516, 0.0526,
         0.0315],
        [0.0545, 0.0527, 0.2815, 0.2796, 0.0842, 0.0469, 0.0323, 0.0560, 0.0600,
         0.0523],
        [0.0536, 0.5104, 0.0293, 0.0366, 0.0507, 0.0384, 0.0791, 0.0629, 0.0673,
         0.0717],
        [0.0563, 0.0608, 0.0299, 0.0334, 0.0559, 0.0428, 0.0903, 0.0496, 0.0578,
         0.5233],
        [0.0458, 0.0297, 0.0165, 0.0270, 0.0389, 0.0370, 0.7088, 0.0235, 0.0403,
         0.0326],
        [0.0637, 0.0419, 0.0206, 0.0390, 0.0841, 0.0616, 0.0423, 0.5626, 0.0458,
         0.0385],
        [0.0476, 0.0562, 0.2038, 0.0545, 0.0312, 0.4292, 0.0588, 0.0465, 0.0321,
         0.0399],
        [0.6776, 0.0541, 0.0387, 0.0350, 0.0306, 0.0340, 0.0332, 0.0384, 0.0332,
         0.0253],
        [0.0858, 0.0440, 0.0276, 0.0447, 0.0538, 0.0354, 0.0695, 0.0409, 0.0651,
         0.5332],
        [0.0626, 0.0541, 0.0239, 0.0444, 0.0587, 0.0410, 0.0490, 0.5460, 0.0636,
         0.0567],
        [0.0552, 0.2286, 0.0486, 0.0530, 0.0677, 0.0516, 0.0725, 0.0606, 0.0583,
         0.3039],
        [0.0633, 0.0730, 0.3204, 0.0804, 0.0321, 0.1943, 0.0584, 0.0528, 0.0646,
         0.0609],
        [0.0682, 0.0435, 0.0325, 0.2633, 0.2116, 0.1339, 0.0643, 0.0506, 0.0776,
         0.0545],
        [0.0809, 0.0504, 0.0309, 0.0451, 0.0651, 0.0250, 0.0555, 0.0444, 0.0707,
         0.5319],
        [0.0418, 0.0420, 0.0390, 0.4096, 0.1304, 0.0539, 0.1307, 0.0579, 0.0351,
         0.0595],
        [0.0612, 0.5202, 0.0452, 0.0616, 0.0551, 0.0465, 0.0743, 0.0353, 0.0531,
         0.0475],
        [0.0866, 0.0328, 0.0232, 0.1696, 0.3924, 0.0810, 0.0715, 0.0442, 0.0415,
         0.0572],
        [0.0292, 0.0261, 0.0181, 0.0776, 0.6545, 0.0452, 0.0326, 0.0380, 0.0389,
         0.0398],
        [0.0587, 0.6028, 0.0339, 0.0348, 0.0399, 0.0520, 0.0616, 0.0347, 0.0420,
         0.0396],
        [0.0500, 0.0325, 0.0929, 0.0724, 0.5302, 0.0567, 0.0442, 0.0350, 0.0372,
         0.0489],
        [0.0915, 0.0612, 0.0480, 0.1178, 0.0424, 0.2454, 0.2056, 0.1000, 0.0556,
         0.0326],
        [0.0478, 0.0570, 0.5660, 0.0467, 0.0450, 0.0298, 0.0519, 0.0384, 0.0664,
         0.0510],
        [0.5522, 0.0592, 0.0252, 0.0320, 0.0377, 0.0456, 0.0531, 0.0550, 0.1060,
         0.0340],
        [0.0467, 0.0658, 0.2756, 0.2408, 0.0351, 0.1277, 0.0440, 0.0390, 0.0690,
         0.0563],
        [0.0429, 0.0380, 0.0642, 0.1651, 0.3450, 0.1343, 0.0444, 0.0824, 0.0375,
         0.0462],
        [0.0415, 0.0354, 0.0320, 0.0260, 0.0337, 0.0296, 0.6883, 0.0269, 0.0460,
         0.0406],
        [0.2206, 0.0798, 0.3885, 0.0454, 0.0356, 0.0412, 0.0465, 0.0365, 0.0688,
         0.0371]], device='cuda:0', grad_fn=<SoftmaxBackward>)
>> best accuracy: 81.04	best epoch: 20

>> final recovery rate: 59.806666666666665%
>> val epoch: 25
>> current accuracy: 77.03999999999999%
outputs: tensor([[0.0523, 0.0564, 0.0599, 0.0508, 0.0491, 0.1329, 0.0448, 0.0595, 0.4274,
         0.0670],
        [0.0417, 0.0910, 0.0592, 0.0903, 0.0827, 0.3059, 0.0624, 0.1354, 0.0382,
         0.0931],
        [0.0576, 0.0548, 0.1688, 0.0836, 0.0299, 0.0785, 0.0328, 0.4317, 0.0401,
         0.0222],
        [0.0875, 0.0360, 0.2492, 0.1813, 0.1410, 0.0968, 0.0262, 0.1338, 0.0245,
         0.0238],
        [0.0509, 0.4646, 0.0458, 0.0418, 0.0614, 0.0929, 0.0538, 0.0574, 0.0866,
         0.0448],
        [0.0367, 0.4179, 0.0495, 0.0433, 0.0592, 0.0697, 0.0452, 0.0578, 0.0653,
         0.1555],
        [0.0210, 0.0357, 0.6143, 0.0490, 0.0495, 0.0642, 0.0517, 0.0525, 0.0369,
         0.0252],
        [0.1029, 0.4906, 0.0597, 0.0349, 0.0316, 0.0735, 0.0660, 0.0465, 0.0443,
         0.0500],
        [0.0207, 0.0314, 0.7072, 0.0250, 0.0340, 0.0386, 0.0383, 0.0467, 0.0333,
         0.0248],
        [0.0481, 0.0767, 0.0380, 0.0576, 0.4774, 0.0417, 0.0630, 0.0686, 0.0905,
         0.0384],
        [0.0489, 0.5137, 0.0512, 0.0418, 0.0460, 0.0718, 0.0661, 0.0466, 0.0574,
         0.0564],
        [0.1378, 0.0357, 0.0392, 0.0435, 0.0471, 0.0468, 0.0321, 0.0551, 0.5113,
         0.0515],
        [0.6250, 0.0363, 0.0293, 0.0476, 0.0258, 0.0307, 0.0320, 0.0676, 0.0415,
         0.0643],
        [0.0622, 0.0539, 0.0628, 0.0455, 0.0539, 0.0600, 0.4676, 0.0599, 0.0980,
         0.0362],
        [0.0333, 0.5100, 0.0421, 0.0307, 0.0416, 0.0684, 0.0542, 0.0489, 0.0437,
         0.1270],
        [0.0578, 0.0351, 0.6593, 0.0311, 0.0411, 0.0544, 0.0253, 0.0531, 0.0176,
         0.0251],
        [0.0472, 0.0713, 0.0593, 0.0671, 0.3894, 0.0606, 0.0674, 0.1050, 0.0891,
         0.0436],
        [0.0828, 0.0329, 0.0283, 0.0292, 0.0473, 0.0350, 0.0296, 0.0675, 0.6006,
         0.0468],
        [0.0411, 0.1347, 0.0546, 0.0618, 0.0332, 0.0435, 0.0763, 0.0853, 0.0683,
         0.4013],
        [0.0268, 0.0472, 0.1438, 0.0377, 0.0440, 0.0795, 0.4699, 0.0576, 0.0512,
         0.0422],
        [0.1012, 0.0671, 0.0978, 0.1048, 0.0313, 0.1720, 0.0452, 0.3235, 0.0285,
         0.0287],
