noise type: uniform
noise level: 0.8
when_to_apply_epoch: 100
total clean data num: 10686
probability transition matrix:
[[0.2        0.08888889 0.08888889 0.08888889 0.08888889 0.08888889
  0.08888889 0.08888889 0.08888889 0.08888889]
 [0.08888889 0.2        0.08888889 0.08888889 0.08888889 0.08888889
  0.08888889 0.08888889 0.08888889 0.08888889]
 [0.08888889 0.08888889 0.2        0.08888889 0.08888889 0.08888889
  0.08888889 0.08888889 0.08888889 0.08888889]
 [0.08888889 0.08888889 0.08888889 0.2        0.08888889 0.08888889
  0.08888889 0.08888889 0.08888889 0.08888889]
 [0.08888889 0.08888889 0.08888889 0.08888889 0.2        0.08888889
  0.08888889 0.08888889 0.08888889 0.08888889]
 [0.08888889 0.08888889 0.08888889 0.08888889 0.08888889 0.2
  0.08888889 0.08888889 0.08888889 0.08888889]
 [0.08888889 0.08888889 0.08888889 0.08888889 0.08888889 0.08888889
  0.2        0.08888889 0.08888889 0.08888889]
 [0.08888889 0.08888889 0.08888889 0.08888889 0.08888889 0.08888889
  0.08888889 0.2        0.08888889 0.08888889]
 [0.08888889 0.08888889 0.08888889 0.08888889 0.08888889 0.08888889
  0.08888889 0.08888889 0.2        0.08888889]
 [0.08888889 0.08888889 0.08888889 0.08888889 0.08888889 0.08888889
  0.08888889 0.08888889 0.08888889 0.2       ]]
>> val epoch: 0
>> current accuracy: 46.58333333333333%
outputs: tensor([[0.0948, 0.1155, 0.0766, 0.1094, 0.1077, 0.0980, 0.1323, 0.0765, 0.0755,
         0.1137],
        [0.1078, 0.1064, 0.0642, 0.0763, 0.1378, 0.0955, 0.1382, 0.0753, 0.0789,
         0.1197],
        [0.1113, 0.1145, 0.0626, 0.0799, 0.1209, 0.0978, 0.1304, 0.0795, 0.0817,
         0.1216],
        [0.0902, 0.1264, 0.0632, 0.0631, 0.0899, 0.1034, 0.1446, 0.1443, 0.0731,
         0.1018],
        [0.0982, 0.1303, 0.0631, 0.0785, 0.1449, 0.1008, 0.1207, 0.0760, 0.0776,
         0.1098],
        [0.1154, 0.1098, 0.0590, 0.0675, 0.0928, 0.1072, 0.2091, 0.0736, 0.0647,
         0.1010],
        [0.0977, 0.1201, 0.0588, 0.0664, 0.0989, 0.0978, 0.1542, 0.1474, 0.0673,
         0.0914],
        [0.0701, 0.2109, 0.0607, 0.0983, 0.1038, 0.1015, 0.1178, 0.0678, 0.0761,
         0.0929],
        [0.0913, 0.1294, 0.0936, 0.1003, 0.1125, 0.0855, 0.1209, 0.0840, 0.0611,
         0.1213],
        [0.1158, 0.1207, 0.0596, 0.0891, 0.0803, 0.1066, 0.1926, 0.0797, 0.0567,
         0.0989],
        [0.0867, 0.1285, 0.0669, 0.0717, 0.0830, 0.1023, 0.1517, 0.1213, 0.0806,
         0.1073],
        [0.0983, 0.1255, 0.0663, 0.0715, 0.1089, 0.0944, 0.1367, 0.1263, 0.0717,
         0.1005],
        [0.0876, 0.0991, 0.0644, 0.0737, 0.0871, 0.1824, 0.1463, 0.0647, 0.0772,
         0.1176],
        [0.1501, 0.1227, 0.0564, 0.0868, 0.0966, 0.1023, 0.1197, 0.0777, 0.0858,
         0.1017],
        [0.1463, 0.1346, 0.0607, 0.0870, 0.1066, 0.0939, 0.1163, 0.0751, 0.0788,
         0.1007],
        [0.0922, 0.1208, 0.0675, 0.0676, 0.0966, 0.1023, 0.1386, 0.1296, 0.0729,
         0.1119],
        [0.0895, 0.1323, 0.0645, 0.0804, 0.0978, 0.1137, 0.1239, 0.0877, 0.0959,
         0.1144],
        [0.1078, 0.1148, 0.0655, 0.0760, 0.0999, 0.0942, 0.1364, 0.1048, 0.0737,
         0.1270],
        [0.0977, 0.1257, 0.0585, 0.0757, 0.1537, 0.1020, 0.1275, 0.0673, 0.0811,
         0.1108],
        [0.0861, 0.1544, 0.0667, 0.0937, 0.0998, 0.1049, 0.1338, 0.0753, 0.0827,
         0.1026],
        [0.1132, 0.1113, 0.0618, 0.0683, 0.0838, 0.1124, 0.1711, 0.0897, 0.0824,
         0.1061],
        [0.1069, 0.1043, 0.0643, 0.0655, 0.1048, 0.0879, 0.1481, 0.1073, 0.0749,
         0.1360],
        [0.1094, 0.0968, 0.0661, 0.0751, 0.1001, 0.0925, 0.1533, 0.0847, 0.0918,
         0.1302],
        [0.1036, 0.1117, 0.0716, 0.0940, 0.1372, 0.1020, 0.1154, 0.0713, 0.0697,
         0.1233],
        [0.1146, 0.1453, 0.0549, 0.0887, 0.0840, 0.0886, 0.1952, 0.0814, 0.0548,
         0.0925],
        [0.0781, 0.1339, 0.0893, 0.1034, 0.1046, 0.0933, 0.1349, 0.0730, 0.0754,
         0.1141],
        [0.0834, 0.1400, 0.0618, 0.1013, 0.0863, 0.0946, 0.1845, 0.0769, 0.0670,
         0.1042],
        [0.1034, 0.1191, 0.0678, 0.0742, 0.1136, 0.1002, 0.1300, 0.1100, 0.0703,
         0.1114],
        [0.0917, 0.1144, 0.0602, 0.0722, 0.0966, 0.0969, 0.1492, 0.1474, 0.0698,
         0.1016],
        [0.1037, 0.0926, 0.0637, 0.0742, 0.1012, 0.0967, 0.1554, 0.1009, 0.0761,
         0.1355],
        [0.0990, 0.1069, 0.0703, 0.0673, 0.0939, 0.1413, 0.1537, 0.0843, 0.0708,
         0.1125],
        [0.1093, 0.1000, 0.0617, 0.0725, 0.1144, 0.0992, 0.1534, 0.0778, 0.0865,
         0.1252],
        [0.0748, 0.1940, 0.0614, 0.0927, 0.1112, 0.1010, 0.1166, 0.0810, 0.0732,
         0.0941],
        [0.0999, 0.1096, 0.0786, 0.0829, 0.0924, 0.0934, 0.1362, 0.1044, 0.0712,
         0.1313],
        [0.0861, 0.1193, 0.0755, 0.0760, 0.0742, 0.1010, 0.1528, 0.1271, 0.0748,
         0.1132],
        [0.1085, 0.1005, 0.0652, 0.0727, 0.1154, 0.0887, 0.1457, 0.0880, 0.0792,
         0.1361],
        [0.0970, 0.1171, 0.0688, 0.0761, 0.1128, 0.0938, 0.1333, 0.1045, 0.0744,
         0.1223],
        [0.0898, 0.1379, 0.0633, 0.0663, 0.1060, 0.1100, 0.1320, 0.1271, 0.0735,
         0.0940],
        [0.1034, 0.1196, 0.0612, 0.0753, 0.1678, 0.0916, 0.1251, 0.0675, 0.0755,
         0.1128],
        [0.0997, 0.1096, 0.0592, 0.0767, 0.1402, 0.0934, 0.1465, 0.0740, 0.0825,
         0.1183],
        [0.0893, 0.1988, 0.0498, 0.0978, 0.1089, 0.1101, 0.1189, 0.0719, 0.0732,
         0.0815],
        [0.1516, 0.1348, 0.0541, 0.0759, 0.1066, 0.1035, 0.1169, 0.0802, 0.0679,
         0.1085],
        [0.1090, 0.1082, 0.0616, 0.0644, 0.1042, 0.0912, 0.1539, 0.1058, 0.0760,
         0.1257],
        [0.0878, 0.0925, 0.0628, 0.1034, 0.1022, 0.1216, 0.1494, 0.0745, 0.0889,
         0.1169],
        [0.0837, 0.1886, 0.0551, 0.1046, 0.1065, 0.1028, 0.1154, 0.0779, 0.0777,
         0.0877],
        [0.0888, 0.0930, 0.0699, 0.0668, 0.0871, 0.1778, 0.1468, 0.0690, 0.0707,
         0.1301],
        [0.1090, 0.1185, 0.0599, 0.0737, 0.1143, 0.0994, 0.1775, 0.0738, 0.0703,
         0.1035],
        [0.0964, 0.1235, 0.0588, 0.0747, 0.0843, 0.1108, 0.2054, 0.0747, 0.0703,
         0.1012]], device='cuda:0', grad_fn=<SoftmaxBackward>)
>> best accuracy: 46.58333333333333	best epoch: 0

>> final recovery rate: 19.788888888888888%
>> val epoch: 5
>> current accuracy: 92.46666666666667%
outputs: tensor([[0.0912, 0.0646, 0.1098, 0.0925, 0.1187, 0.1922, 0.0614, 0.0879, 0.0896,
         0.0921],
        [0.1004, 0.0650, 0.1306, 0.0809, 0.1770, 0.1137, 0.0662, 0.0924, 0.0744,
         0.0994],
        [0.1938, 0.0537, 0.1037, 0.0644, 0.1093, 0.1084, 0.0623, 0.1349, 0.0780,
         0.0915],
        [0.0873, 0.0715, 0.2271, 0.0857, 0.0977, 0.1062, 0.0550, 0.0967, 0.1105,
         0.0623],
        [0.0928, 0.0669, 0.1045, 0.0989, 0.1178, 0.2001, 0.0559, 0.0953, 0.0901,
         0.0777],
        [0.0824, 0.0704, 0.1199, 0.0928, 0.1546, 0.1328, 0.0815, 0.0984, 0.0709,
         0.0964],
        [0.1596, 0.0546, 0.1028, 0.0715, 0.1282, 0.1284, 0.0711, 0.1184, 0.0715,
         0.0939],
        [0.0902, 0.0618, 0.1197, 0.1613, 0.1001, 0.1106, 0.0651, 0.1251, 0.0850,
         0.0811],
        [0.0838, 0.1536, 0.1177, 0.0909, 0.1070, 0.1127, 0.0676, 0.1226, 0.0745,
         0.0697],
        [0.0909, 0.0700, 0.1140, 0.0849, 0.0736, 0.1094, 0.2236, 0.0854, 0.0712,
         0.0770],
        [0.0959, 0.0557, 0.0934, 0.0771, 0.0901, 0.1084, 0.0749, 0.2699, 0.0744,
         0.0603],
        [0.0824, 0.0684, 0.1285, 0.1623, 0.0954, 0.1213, 0.0661, 0.1122, 0.0954,
         0.0679],
        [0.0862, 0.0644, 0.0976, 0.0872, 0.1237, 0.1982, 0.0621, 0.1021, 0.0903,
         0.0882],
        [0.0886, 0.0665, 0.1034, 0.0854, 0.2183, 0.1218, 0.0593, 0.1001, 0.0691,
         0.0876],
        [0.0837, 0.0698, 0.1016, 0.0926, 0.1289, 0.1253, 0.0653, 0.1369, 0.1097,
         0.0861],
        [0.0879, 0.0593, 0.1141, 0.0835, 0.1143, 0.1294, 0.0541, 0.1234, 0.1530,
         0.0810],
        [0.1033, 0.0600, 0.1653, 0.0945, 0.0957, 0.1131, 0.0781, 0.1194, 0.0933,
         0.0772],
        [0.2434, 0.0514, 0.0876, 0.0529, 0.1253, 0.1022, 0.0543, 0.1423, 0.0645,
         0.0761],
        [0.0763, 0.0675, 0.1643, 0.1132, 0.1009, 0.1152, 0.0551, 0.1069, 0.1344,
         0.0662],
        [0.0835, 0.1541, 0.1191, 0.0942, 0.1031, 0.1174, 0.0688, 0.1138, 0.0777,
         0.0683],
        [0.0912, 0.0618, 0.1289, 0.1012, 0.1004, 0.1108, 0.0624, 0.1748, 0.1004,
         0.0680],
        [0.0900, 0.0605, 0.1258, 0.1009, 0.1218, 0.1227, 0.0538, 0.0892, 0.1210,
         0.1141],
        [0.0823, 0.0715, 0.1117, 0.0796, 0.2161, 0.1173, 0.0526, 0.1069, 0.0714,
         0.0906],
        [0.0901, 0.0960, 0.1293, 0.0816, 0.0934, 0.1718, 0.0681, 0.1008, 0.1024,
         0.0665],
        [0.1006, 0.0521, 0.1101, 0.0943, 0.1068, 0.1146, 0.0729, 0.0901, 0.0876,
         0.1709],
        [0.0773, 0.1668, 0.1253, 0.0896, 0.0887, 0.1088, 0.0730, 0.1091, 0.0911,
         0.0702],
        [0.0849, 0.0531, 0.1012, 0.0806, 0.0939, 0.1028, 0.0769, 0.2569, 0.0855,
         0.0643],
        [0.0916, 0.0678, 0.1166, 0.0829, 0.0760, 0.1238, 0.1919, 0.0881, 0.0856,
         0.0757],
        [0.2451, 0.0595, 0.1248, 0.0618, 0.0897, 0.1129, 0.0690, 0.0950, 0.0707,
         0.0716],
        [0.0933, 0.0639, 0.2330, 0.0916, 0.0916, 0.1003, 0.0521, 0.1163, 0.0946,
         0.0633],
        [0.0780, 0.0665, 0.1580, 0.1890, 0.0830, 0.1091, 0.0593, 0.1000, 0.0834,
         0.0738],
        [0.0966, 0.0707, 0.1060, 0.0930, 0.0901, 0.1162, 0.1909, 0.0890, 0.0582,
         0.0893],
        [0.1881, 0.0554, 0.1106, 0.0665, 0.1134, 0.1200, 0.0561, 0.1364, 0.0808,
         0.0727],
        [0.0878, 0.0648, 0.1100, 0.0887, 0.1325, 0.1384, 0.0873, 0.1144, 0.0738,
         0.1023],
        [0.0935, 0.0639, 0.1049, 0.0748, 0.2091, 0.1262, 0.0688, 0.0926, 0.0732,
         0.0931],
        [0.1046, 0.0693, 0.1120, 0.0856, 0.0969, 0.1121, 0.1719, 0.0952, 0.0699,
         0.0825],
        [0.0965, 0.0579, 0.1087, 0.0817, 0.1032, 0.1456, 0.0687, 0.0783, 0.0953,
         0.1639],
        [0.0960, 0.0621, 0.1734, 0.0897, 0.1001, 0.1100, 0.0687, 0.1455, 0.0905,
         0.0641],
        [0.1773, 0.0724, 0.0980, 0.0662, 0.1031, 0.1353, 0.0923, 0.1047, 0.0719,
         0.0789],
        [0.0779, 0.0639, 0.1120, 0.0895, 0.1067, 0.1337, 0.0549, 0.1024, 0.1893,
         0.0699],
        [0.1007, 0.0679, 0.1366, 0.0896, 0.0928, 0.1127, 0.0639, 0.1026, 0.1526,
         0.0805],
        [0.1028, 0.0603, 0.1149, 0.0831, 0.0990, 0.1407, 0.1482, 0.0993, 0.0724,
         0.0793],
        [0.0992, 0.0689, 0.1082, 0.0821, 0.1136, 0.1673, 0.0897, 0.0924, 0.0813,
         0.0972],
        [0.0841, 0.1444, 0.1141, 0.0840, 0.0919, 0.1168, 0.0781, 0.1125, 0.0934,
         0.0806],
        [0.0820, 0.0578, 0.1183, 0.0950, 0.1160, 0.1105, 0.0562, 0.1304, 0.1640,
         0.0698],
        [0.0807, 0.1566, 0.1319, 0.0899, 0.0902, 0.1100, 0.0763, 0.1033, 0.0907,
         0.0705],
        [0.0830, 0.0622, 0.1207, 0.0966, 0.1001, 0.1085, 0.0653, 0.2002, 0.0961,
         0.0672],
        [0.0904, 0.0746, 0.1011, 0.0925, 0.0804, 0.1174, 0.2128, 0.0833, 0.0601,
         0.0874]], device='cuda:0', grad_fn=<SoftmaxBackward>)
>> best accuracy: 92.46666666666667	best epoch: 5

>> final recovery rate: 19.788888888888888%
