noise type: uniform
noise level: 0.4
when_to_apply_epoch: 10
total clean data num: 26997
probability transition matrix:
[[0.6        0.04444444 0.04444444 0.04444444 0.04444444 0.04444444
  0.04444444 0.04444444 0.04444444 0.04444444]
 [0.04444444 0.6        0.04444444 0.04444444 0.04444444 0.04444444
  0.04444444 0.04444444 0.04444444 0.04444444]
 [0.04444444 0.04444444 0.6        0.04444444 0.04444444 0.04444444
  0.04444444 0.04444444 0.04444444 0.04444444]
 [0.04444444 0.04444444 0.04444444 0.6        0.04444444 0.04444444
  0.04444444 0.04444444 0.04444444 0.04444444]
 [0.04444444 0.04444444 0.04444444 0.04444444 0.6        0.04444444
  0.04444444 0.04444444 0.04444444 0.04444444]
 [0.04444444 0.04444444 0.04444444 0.04444444 0.04444444 0.6
  0.04444444 0.04444444 0.04444444 0.04444444]
 [0.04444444 0.04444444 0.04444444 0.04444444 0.04444444 0.04444444
  0.6        0.04444444 0.04444444 0.04444444]
 [0.04444444 0.04444444 0.04444444 0.04444444 0.04444444 0.04444444
  0.04444444 0.6        0.04444444 0.04444444]
 [0.04444444 0.04444444 0.04444444 0.04444444 0.04444444 0.04444444
  0.04444444 0.04444444 0.6        0.04444444]
 [0.04444444 0.04444444 0.04444444 0.04444444 0.04444444 0.04444444
  0.04444444 0.04444444 0.04444444 0.6       ]]
>> val epoch: 0
>> current accuracy: 41.56%
outputs: tensor([[0.2303, 0.0861, 0.0530, 0.0544, 0.0611, 0.0473, 0.0285, 0.0749, 0.2632,
         0.1011],
        [0.0386, 0.0532, 0.1171, 0.1597, 0.0831, 0.0838, 0.3059, 0.0762, 0.0319,
         0.0506],
        [0.0389, 0.0487, 0.1228, 0.1952, 0.1130, 0.1263, 0.1350, 0.1200, 0.0366,
         0.0634],
        [0.1170, 0.1531, 0.0447, 0.0695, 0.0575, 0.0569, 0.0410, 0.1078, 0.1984,
         0.1540],
        [0.0620, 0.0948, 0.1712, 0.0975, 0.1154, 0.0903, 0.1261, 0.0867, 0.0552,
         0.1008],
        [0.3300, 0.0854, 0.0533, 0.0405, 0.0616, 0.0458, 0.0323, 0.0480, 0.2129,
         0.0903],
        [0.0550, 0.0452, 0.1990, 0.1158, 0.1444, 0.0783, 0.2007, 0.0881, 0.0360,
         0.0376],
        [0.0424, 0.0431, 0.1931, 0.1842, 0.1012, 0.1787, 0.0630, 0.0982, 0.0561,
         0.0401],
        [0.0475, 0.0450, 0.0860, 0.1091, 0.1538, 0.0970, 0.1007, 0.2738, 0.0400,
         0.0472],
        [0.1919, 0.0335, 0.1269, 0.1055, 0.0732, 0.1405, 0.0479, 0.1109, 0.1198,
         0.0498],
        [0.0497, 0.4587, 0.0284, 0.0397, 0.0635, 0.0671, 0.0494, 0.0424, 0.0678,
         0.1332],
        [0.0535, 0.0925, 0.0603, 0.1219, 0.0965, 0.0962, 0.1220, 0.1549, 0.0400,
         0.1621],
        [0.3689, 0.0295, 0.1874, 0.0726, 0.0574, 0.0732, 0.0321, 0.0556, 0.0917,
         0.0315],
        [0.1743, 0.1209, 0.0477, 0.0484, 0.0555, 0.0463, 0.0378, 0.0566, 0.2359,
         0.1765],
        [0.0866, 0.2737, 0.0432, 0.0516, 0.0764, 0.0773, 0.0653, 0.0616, 0.1025,
         0.1620],
        [0.0462, 0.0530, 0.0807, 0.1952, 0.0686, 0.2153, 0.0554, 0.1607, 0.0578,
         0.0670],
        [0.1966, 0.0654, 0.0495, 0.0377, 0.0507, 0.0422, 0.0313, 0.0436, 0.3987,
         0.0843],
        [0.0426, 0.1918, 0.0962, 0.0783, 0.0873, 0.0712, 0.1557, 0.0546, 0.0688,
         0.1534],
        [0.0456, 0.0384, 0.0992, 0.2291, 0.0681, 0.0942, 0.1807, 0.1505, 0.0334,
         0.0607],
        [0.0616, 0.0455, 0.1250, 0.1188, 0.1406, 0.0874, 0.1131, 0.2135, 0.0328,
         0.0617],
        [0.0870, 0.3197, 0.0330, 0.0454, 0.0723, 0.0600, 0.0383, 0.0668, 0.1487,
         0.1288],
        [0.0678, 0.0465, 0.1313, 0.2067, 0.0607, 0.1290, 0.0782, 0.1677, 0.0489,
         0.0633],
        [0.0386, 0.3541, 0.0293, 0.0559, 0.0561, 0.0773, 0.0637, 0.0546, 0.0534,
         0.2170],
        [0.0809, 0.0467, 0.0444, 0.0956, 0.0719, 0.0689, 0.0502, 0.3615, 0.0432,
         0.1366],
        [0.0610, 0.0372, 0.3009, 0.1009, 0.1864, 0.0848, 0.0737, 0.0842, 0.0363,
         0.0346],
        [0.0505, 0.2563, 0.0670, 0.0816, 0.0818, 0.0717, 0.1309, 0.0561, 0.0530,
         0.1513],
        [0.0430, 0.0331, 0.1367, 0.1028, 0.2344, 0.1195, 0.0957, 0.1630, 0.0391,
         0.0328],
        [0.1168, 0.0400, 0.0744, 0.1186, 0.0651, 0.1068, 0.0471, 0.2995, 0.0517,
         0.0800],
        [0.0319, 0.0284, 0.1262, 0.1299, 0.1978, 0.1509, 0.0735, 0.1965, 0.0331,
         0.0318],
        [0.0484, 0.4690, 0.0367, 0.0485, 0.0737, 0.0710, 0.0651, 0.0479, 0.0620,
         0.0777],
        [0.0430, 0.0425, 0.2614, 0.1417, 0.1405, 0.1265, 0.0925, 0.0741, 0.0407,
         0.0372],
        [0.0790, 0.1365, 0.0468, 0.0966, 0.0756, 0.0678, 0.0647, 0.1387, 0.0433,
         0.2509],
        [0.0557, 0.0356, 0.3616, 0.0929, 0.1239, 0.0748, 0.1216, 0.0509, 0.0407,
         0.0422],
        [0.0827, 0.0346, 0.2366, 0.1337, 0.1265, 0.1324, 0.0627, 0.0914, 0.0597,
         0.0397],
        [0.0457, 0.0687, 0.0996, 0.1392, 0.0936, 0.1015, 0.1902, 0.1178, 0.0478,
         0.0959],
        [0.1324, 0.0706, 0.1354, 0.0945, 0.1207, 0.0642, 0.1304, 0.0812, 0.0645,
         0.1060],
        [0.0679, 0.0393, 0.3287, 0.0766, 0.1940, 0.0765, 0.0773, 0.0610, 0.0437,
         0.0352],
        [0.0368, 0.0537, 0.1073, 0.1275, 0.0669, 0.0551, 0.4083, 0.0534, 0.0306,
         0.0603],
        [0.0703, 0.0543, 0.1097, 0.0972, 0.0648, 0.0579, 0.1302, 0.1305, 0.0679,
         0.2173],
        [0.0572, 0.0489, 0.2937, 0.0906, 0.1369, 0.0706, 0.1696, 0.0539, 0.0399,
         0.0387],
        [0.2701, 0.1330, 0.0702, 0.0789, 0.0877, 0.0826, 0.0412, 0.0691, 0.0960,
         0.0711],
        [0.1658, 0.0585, 0.1378, 0.1070, 0.0825, 0.1017, 0.0480, 0.1038, 0.1004,
         0.0945],
        [0.0559, 0.1560, 0.0578, 0.1099, 0.0966, 0.0693, 0.1080, 0.0904, 0.0454,
         0.2107],
        [0.0493, 0.0375, 0.2057, 0.0974, 0.2422, 0.0977, 0.0755, 0.1091, 0.0450,
         0.0405],
        [0.0533, 0.0408, 0.3656, 0.0862, 0.1730, 0.0804, 0.0794, 0.0475, 0.0405,
         0.0334],
        [0.0834, 0.2681, 0.0596, 0.0880, 0.0759, 0.1164, 0.0579, 0.0971, 0.0778,
         0.0759],
        [0.0901, 0.0655, 0.0996, 0.0957, 0.0791, 0.0755, 0.0885, 0.1268, 0.0746,
         0.2046],
        [0.0462, 0.1355, 0.0617, 0.1218, 0.0824, 0.0862, 0.0697, 0.0850, 0.0569,
         0.2546],
        [0.0569, 0.0369, 0.0371, 0.0660, 0.1055, 0.0460, 0.0415, 0.4712, 0.0406,
         0.0984],
        [0.0475, 0.2859, 0.0601, 0.0737, 0.0698, 0.0761, 0.0802, 0.0638, 0.0712,
         0.1716],
        [0.1581, 0.0414, 0.2297, 0.1321, 0.0647, 0.1079, 0.0470, 0.0846, 0.0945,
         0.0398],
        [0.0929, 0.0484, 0.0915, 0.1501, 0.0608, 0.1632, 0.0655, 0.2135, 0.0562,
         0.0579],
        [0.0679, 0.3090, 0.0509, 0.0795, 0.0858, 0.0677, 0.0641, 0.0644, 0.1495,
         0.0611],
        [0.3758, 0.0334, 0.1282, 0.0545, 0.0771, 0.0590, 0.0440, 0.0632, 0.1071,
         0.0576],
        [0.0683, 0.0375, 0.0718, 0.1448, 0.0711, 0.1237, 0.0543, 0.2848, 0.0564,
         0.0873],
        [0.0494, 0.1525, 0.0594, 0.1244, 0.0655, 0.1220, 0.0878, 0.1095, 0.0697,
         0.1598],
        [0.0313, 0.0434, 0.0807, 0.1918, 0.0964, 0.1220, 0.2166, 0.1201, 0.0317,
         0.0660],
        [0.0575, 0.0368, 0.1132, 0.1590, 0.1250, 0.1278, 0.0787, 0.1882, 0.0569,
         0.0568],
        [0.1655, 0.1136, 0.1181, 0.1098, 0.0897, 0.0845, 0.1167, 0.0871, 0.0672,
         0.0477],
        [0.0851, 0.1577, 0.0398, 0.0556, 0.0647, 0.0626, 0.0423, 0.0893, 0.0813,
         0.3217],
        [0.0760, 0.0557, 0.1533, 0.1610, 0.0993, 0.1455, 0.0560, 0.1359, 0.0724,
         0.0449],
        [0.1710, 0.0441, 0.1291, 0.0895, 0.0786, 0.0919, 0.0552, 0.0998, 0.1531,
         0.0878],
        [0.0401, 0.0402, 0.1984, 0.1261, 0.1186, 0.0864, 0.2214, 0.0883, 0.0373,
         0.0433],
        [0.1327, 0.2292, 0.0315, 0.0237, 0.0582, 0.0427, 0.0300, 0.0310, 0.3463,
         0.0747],
        [0.0680, 0.0464, 0.0549, 0.1214, 0.0911, 0.0807, 0.0605, 0.3379, 0.0408,
         0.0984],
        [0.0362, 0.0404, 0.0517, 0.1053, 0.1294, 0.1147, 0.0546, 0.3875, 0.0360,
         0.0441],
        [0.0491, 0.0459, 0.0805, 0.2261, 0.0704, 0.2687, 0.0684, 0.1242, 0.0385,
         0.0282],
        [0.0528, 0.3328, 0.0341, 0.0659, 0.0639, 0.0897, 0.0532, 0.0726, 0.0866,
         0.1483],
        [0.2101, 0.0847, 0.0762, 0.0664, 0.0745, 0.0682, 0.0493, 0.0589, 0.2322,
         0.0793],
        [0.0785, 0.2920, 0.0701, 0.0670, 0.0969, 0.0558, 0.1311, 0.0466, 0.0837,
         0.0783],
        [0.0400, 0.0438, 0.1531, 0.1565, 0.1366, 0.1772, 0.0997, 0.1142, 0.0440,
         0.0348],
        [0.0389, 0.1261, 0.0725, 0.0684, 0.0711, 0.0512, 0.3038, 0.0449, 0.0352,
         0.1878]], device='cuda:0', grad_fn=<SoftmaxBackward>)
>> best accuracy: 41.56	best epoch: 0

>> final recovery rate: 59.99333333333333%
>> val epoch: 5
>> current accuracy: 63.42%
outputs: tensor([[0.0331, 0.0262, 0.0475, 0.4074, 0.0811, 0.0851, 0.0965, 0.0435, 0.1397,
         0.0399],
        [0.1554, 0.0374, 0.1096, 0.1958, 0.0795, 0.1074, 0.0905, 0.0752, 0.1019,
         0.0473],
        [0.0562, 0.4888, 0.0466, 0.0612, 0.0476, 0.0376, 0.0594, 0.0487, 0.0882,
         0.0656],
        [0.0701, 0.2476, 0.0717, 0.1184, 0.0816, 0.0357, 0.0774, 0.0648, 0.1286,
         0.1041],
        [0.1857, 0.1029, 0.0538, 0.0651, 0.0513, 0.0368, 0.0467, 0.0705, 0.1754,
         0.2118],
        [0.0306, 0.0334, 0.1316, 0.0703, 0.5084, 0.0451, 0.0379, 0.0496, 0.0442,
         0.0487],
        [0.0698, 0.0402, 0.0524, 0.3679, 0.0415, 0.2008, 0.0489, 0.0641, 0.0730,
         0.0414],
        [0.0470, 0.0363, 0.0545, 0.2899, 0.2791, 0.0822, 0.0693, 0.0395, 0.0587,
         0.0434],
        [0.0276, 0.0411, 0.0556, 0.0689, 0.2159, 0.0495, 0.0254, 0.4053, 0.0475,
         0.0632],
        [0.0465, 0.0381, 0.1031, 0.0831, 0.0523, 0.0346, 0.4280, 0.0746, 0.0915,
         0.0482],
        [0.5325, 0.0453, 0.0449, 0.0508, 0.0438, 0.0401, 0.0433, 0.0869, 0.0677,
         0.0448],
        [0.1219, 0.0564, 0.0699, 0.1572, 0.0781, 0.1337, 0.0633, 0.2141, 0.0583,
         0.0471],
        [0.0341, 0.0445, 0.1140, 0.0715, 0.0683, 0.0766, 0.0334, 0.4317, 0.0670,
         0.0590],
        [0.0405, 0.0295, 0.1684, 0.1232, 0.0629, 0.0335, 0.3545, 0.0462, 0.0901,
         0.0513],
        [0.0297, 0.5140, 0.0527, 0.0929, 0.0754, 0.0457, 0.0369, 0.0468, 0.0694,
         0.0364],
        [0.0387, 0.0448, 0.1215, 0.0954, 0.1569, 0.0407, 0.2551, 0.0877, 0.0814,
         0.0777],
        [0.4412, 0.0761, 0.0420, 0.0645, 0.0364, 0.0495, 0.0465, 0.1450, 0.0536,
         0.0451],
        [0.0370, 0.0335, 0.0421, 0.3165, 0.0544, 0.2681, 0.0455, 0.0855, 0.0540,
         0.0634],
        [0.0423, 0.0418, 0.3668, 0.0534, 0.0693, 0.0295, 0.0697, 0.0722, 0.2109,
         0.0439],
        [0.1315, 0.0355, 0.0648, 0.0512, 0.0748, 0.0419, 0.0399, 0.0680, 0.4499,
         0.0423],
        [0.0480, 0.0726, 0.0404, 0.0745, 0.0508, 0.0420, 0.0465, 0.0518, 0.0685,
         0.5049],
        [0.0320, 0.0444, 0.0416, 0.0482, 0.3112, 0.0456, 0.0337, 0.3603, 0.0438,
         0.0393],
        [0.0439, 0.4655, 0.0493, 0.0849, 0.0576, 0.0521, 0.0452, 0.0514, 0.1188,
         0.0313],
        [0.0493, 0.0652, 0.0498, 0.0634, 0.0445, 0.0411, 0.0446, 0.0596, 0.0478,
         0.5347],
        [0.0651, 0.4305, 0.0419, 0.0556, 0.0497, 0.0420, 0.0513, 0.0589, 0.1552,
         0.0497],
        [0.0366, 0.0506, 0.0441, 0.1366, 0.0434, 0.5126, 0.0294, 0.0576, 0.0492,
         0.0399],
        [0.0386, 0.0420, 0.1973, 0.0712, 0.2700, 0.0428, 0.1684, 0.0537, 0.0674,
         0.0486],
        [0.0313, 0.0256, 0.0305, 0.0800, 0.0351, 0.0264, 0.5964, 0.0590, 0.0806,
         0.0352],
        [0.0858, 0.0356, 0.1423, 0.1062, 0.1086, 0.0471, 0.0712, 0.0600, 0.2986,
         0.0448],
        [0.0361, 0.0507, 0.0414, 0.2886, 0.0460, 0.3494, 0.0427, 0.0518, 0.0453,
         0.0480],
        [0.0337, 0.0440, 0.0399, 0.2743, 0.0349, 0.3626, 0.0482, 0.0494, 0.0563,
         0.0566],
        [0.0542, 0.0716, 0.0657, 0.0629, 0.0458, 0.0415, 0.0537, 0.1180, 0.0537,
         0.4329],
        [0.1628, 0.0404, 0.0651, 0.0800, 0.0516, 0.0563, 0.0442, 0.3207, 0.0635,
         0.1155],
        [0.0587, 0.0550, 0.0652, 0.1754, 0.0598, 0.3705, 0.0315, 0.0768, 0.0605,
         0.0467],
        [0.0354, 0.5294, 0.0430, 0.0534, 0.0453, 0.0373, 0.0500, 0.0535, 0.0563,
         0.0963],
        [0.0288, 0.0383, 0.0714, 0.0658, 0.3051, 0.0568, 0.0310, 0.2892, 0.0524,
         0.0613],
        [0.0338, 0.0505, 0.0487, 0.2926, 0.0334, 0.3390, 0.0444, 0.0469, 0.0693,
         0.0415],
        [0.0441, 0.0310, 0.0521, 0.0652, 0.0558, 0.0266, 0.5200, 0.0534, 0.1197,
         0.0320],
        [0.0189, 0.0281, 0.0443, 0.0495, 0.6540, 0.0386, 0.0299, 0.0815, 0.0285,
         0.0267],
        [0.0348, 0.0342, 0.0513, 0.0572, 0.0423, 0.0361, 0.0424, 0.0902, 0.5830,
         0.0285],
        [0.0506, 0.1890, 0.1364, 0.1251, 0.1472, 0.0609, 0.0909, 0.0710, 0.0628,
         0.0662],
        [0.0420, 0.0325, 0.0462, 0.3014, 0.0618, 0.1368, 0.1977, 0.0581, 0.0789,
         0.0448],
        [0.0333, 0.0275, 0.0457, 0.4573, 0.0294, 0.1217, 0.1347, 0.0422, 0.0534,
         0.0548],
        [0.0372, 0.0773, 0.1146, 0.1068, 0.0429, 0.0894, 0.2323, 0.1265, 0.0919,
         0.0811],
        [0.0994, 0.0587, 0.0841, 0.0914, 0.0553, 0.0372, 0.0488, 0.0833, 0.0701,
         0.3718],
        [0.0367, 0.0350, 0.0718, 0.3769, 0.0445, 0.1829, 0.0309, 0.0756, 0.0590,
         0.0868],
        [0.0332, 0.0320, 0.1403, 0.1803, 0.2630, 0.0655, 0.1250, 0.0625, 0.0539,
         0.0443],
        [0.0398, 0.0320, 0.3345, 0.0624, 0.1736, 0.0430, 0.0741, 0.1236, 0.0632,
         0.0538],
        [0.0318, 0.0372, 0.0429, 0.3394, 0.0481, 0.3132, 0.0384, 0.0516, 0.0445,
         0.0530],
        [0.0601, 0.0490, 0.1379, 0.0949, 0.0615, 0.1081, 0.0553, 0.1086, 0.2901,
         0.0346],
        [0.0449, 0.0338, 0.1105, 0.0697, 0.2320, 0.0780, 0.0313, 0.2596, 0.0746,
         0.0656],
        [0.0313, 0.0444, 0.0836, 0.1311, 0.3090, 0.1154, 0.0322, 0.1481, 0.0463,
         0.0585],
        [0.4584, 0.0536, 0.0959, 0.0560, 0.0494, 0.0445, 0.0632, 0.0810, 0.0538,
         0.0443],
        [0.0338, 0.0439, 0.0628, 0.0523, 0.2850, 0.0441, 0.0372, 0.3329, 0.0524,
         0.0555],
        [0.1002, 0.4946, 0.0314, 0.0558, 0.0358, 0.0332, 0.0425, 0.0696, 0.0682,
         0.0686],
        [0.0322, 0.3139, 0.0526, 0.0699, 0.0467, 0.0394, 0.0452, 0.0874, 0.0477,
         0.2650],
        [0.1303, 0.0806, 0.0508, 0.0833, 0.0710, 0.0456, 0.1169, 0.0850, 0.1849,
         0.1515],
        [0.0673, 0.0332, 0.2894, 0.2227, 0.0650, 0.0730, 0.0754, 0.0697, 0.0441,
         0.0603],
        [0.2790, 0.0491, 0.0696, 0.0611, 0.0683, 0.0517, 0.0748, 0.0814, 0.2290,
         0.0360],
        [0.0553, 0.5150, 0.0386, 0.0675, 0.0438, 0.0387, 0.0442, 0.0727, 0.0777,
         0.0465],
        [0.1070, 0.4323, 0.0444, 0.0631, 0.0582, 0.0503, 0.0484, 0.0507, 0.0922,
         0.0534],
        [0.0778, 0.0513, 0.1439, 0.0726, 0.1646, 0.0425, 0.1305, 0.1769, 0.0711,
         0.0687],
        [0.0788, 0.1421, 0.0453, 0.0555, 0.0496, 0.0454, 0.0552, 0.0624, 0.0755,
         0.3902],
        [0.0294, 0.0381, 0.0656, 0.0574, 0.3474, 0.0640, 0.0831, 0.2236, 0.0510,
         0.0404],
        [0.0335, 0.0269, 0.0484, 0.0482, 0.0473, 0.0378, 0.0306, 0.0619, 0.6479,
         0.0174],
        [0.0271, 0.5526, 0.0463, 0.0876, 0.0611, 0.0451, 0.0386, 0.0493, 0.0583,
         0.0341],
        [0.0556, 0.0563, 0.0458, 0.0795, 0.0390, 0.0435, 0.0391, 0.0485, 0.0447,
         0.5479],
        [0.0523, 0.0533, 0.0476, 0.0695, 0.0660, 0.0403, 0.0403, 0.0934, 0.0531,
         0.4842],
        [0.1713, 0.0438, 0.0566, 0.1478, 0.0830, 0.1365, 0.0544, 0.1466, 0.0940,
         0.0661],
        [0.0398, 0.5045, 0.0544, 0.0751, 0.0546, 0.0370, 0.0704, 0.0554, 0.0721,
         0.0367],
        [0.5466, 0.0525, 0.0425, 0.0578, 0.0458, 0.0517, 0.0384, 0.0542, 0.0690,
         0.0414],
        [0.0509, 0.0386, 0.0465, 0.2929, 0.1144, 0.2379, 0.0530, 0.0635, 0.0540,
         0.0483]], device='cuda:0', grad_fn=<SoftmaxBackward>)
>> best accuracy: 63.42	best epoch: 5

>> final recovery rate: 59.99333333333333%
>> val epoch: 10
>> current accuracy: 70.39999999999999%
outputs: tensor([[0.0623, 0.0450, 0.0817, 0.3677, 0.0424, 0.1764, 0.0844, 0.0416, 0.0526,
         0.0460],
        [0.0536, 0.0535, 0.0629, 0.0523, 0.0465, 0.0387, 0.0442, 0.0404, 0.5660,
         0.0418],
        [0.0377, 0.0640, 0.0657, 0.0460, 0.0547, 0.0484, 0.0543, 0.0418, 0.0441,
         0.5434],
        [0.0500, 0.0611, 0.0480, 0.0357, 0.0405, 0.0436, 0.0493, 0.0427, 0.0405,
         0.5888],
        [0.0436, 0.0454, 0.1803, 0.0675, 0.0548, 0.1150, 0.3409, 0.0544, 0.0461,
         0.0520],
        [0.0403, 0.1033, 0.0875, 0.0764, 0.0386, 0.0764, 0.0682, 0.0447, 0.4093,
         0.0552],
        [0.0463, 0.0413, 0.1043, 0.3865, 0.0676, 0.0667, 0.1002, 0.0474, 0.0997,
         0.0400],
        [0.0297, 0.0515, 0.4131, 0.0427, 0.0508, 0.0625, 0.2459, 0.0346, 0.0296,
         0.0395],
        [0.4441, 0.0988, 0.0675, 0.0609, 0.0759, 0.0726, 0.0428, 0.0363, 0.0278,
         0.0733],
        [0.0334, 0.0336, 0.0877, 0.0443, 0.0446, 0.1148, 0.0401, 0.5356, 0.0301,
         0.0357],
        [0.0402, 0.0515, 0.0460, 0.0343, 0.0352, 0.0392, 0.0455, 0.0432, 0.0350,
         0.6301],
        [0.0655, 0.0354, 0.0683, 0.1744, 0.2781, 0.1434, 0.0721, 0.0511, 0.0539,
         0.0576],
        [0.3426, 0.0788, 0.1134, 0.0365, 0.1975, 0.0645, 0.0429, 0.0394, 0.0311,
         0.0533],
        [0.0394, 0.1131, 0.0756, 0.0529, 0.0680, 0.0424, 0.0681, 0.0397, 0.0417,
         0.4591],
        [0.4064, 0.0554, 0.1471, 0.0641, 0.0701, 0.0641, 0.0609, 0.0301, 0.0467,
         0.0551],
        [0.0468, 0.0536, 0.1305, 0.0350, 0.0521, 0.1064, 0.4325, 0.0503, 0.0487,
         0.0441],
        [0.0303, 0.5986, 0.0502, 0.0460, 0.0478, 0.0373, 0.0489, 0.0483, 0.0466,
         0.0460],
        [0.0457, 0.0653, 0.0594, 0.0386, 0.4851, 0.0984, 0.0363, 0.1014, 0.0262,
         0.0436],
        [0.0202, 0.0363, 0.0830, 0.0351, 0.5987, 0.0506, 0.0376, 0.0751, 0.0283,
         0.0352],
        [0.0769, 0.0536, 0.1390, 0.0912, 0.0478, 0.0804, 0.3402, 0.0748, 0.0396,
         0.0564],
        [0.0369, 0.0629, 0.1482, 0.0584, 0.2578, 0.0805, 0.1966, 0.0602, 0.0497,
         0.0486],
        [0.0214, 0.0329, 0.0458, 0.0266, 0.6645, 0.0700, 0.0329, 0.0442, 0.0271,
         0.0347],
        [0.0366, 0.0424, 0.0399, 0.3297, 0.0386, 0.3425, 0.0448, 0.0486, 0.0395,
         0.0373],
        [0.0442, 0.0545, 0.0500, 0.0331, 0.0367, 0.0344, 0.0489, 0.0468, 0.0347,
         0.6167],
        [0.0321, 0.6031, 0.0481, 0.0571, 0.0411, 0.0439, 0.0443, 0.0477, 0.0521,
         0.0305],
        [0.0531, 0.0557, 0.1503, 0.1301, 0.2458, 0.0872, 0.0754, 0.0709, 0.0661,
         0.0653],
        [0.0598, 0.0703, 0.0571, 0.0417, 0.0508, 0.0412, 0.0402, 0.0461, 0.0398,
         0.5530],
        [0.0707, 0.0475, 0.0544, 0.0488, 0.0635, 0.0399, 0.0390, 0.0341, 0.5675,
         0.0346],
        [0.0276, 0.0344, 0.0443, 0.6003, 0.0238, 0.1185, 0.0361, 0.0421, 0.0269,
         0.0459],
        [0.0345, 0.0500, 0.1463, 0.0383, 0.0818, 0.0562, 0.4479, 0.0529, 0.0386,
         0.0535],
        [0.0426, 0.0597, 0.0657, 0.0511, 0.0794, 0.0455, 0.0597, 0.0444, 0.5182,
         0.0337],
        [0.0853, 0.0618, 0.0693, 0.0772, 0.0321, 0.0633, 0.4206, 0.0430, 0.0573,
         0.0901],
        [0.0433, 0.0787, 0.0595, 0.0560, 0.0447, 0.0628, 0.1930, 0.0436, 0.3853,
         0.0331],
        [0.0347, 0.0362, 0.1032, 0.3450, 0.0359, 0.2562, 0.0450, 0.0612, 0.0395,
         0.0432],
        [0.0367, 0.0366, 0.0480, 0.0383, 0.0474, 0.0619, 0.0441, 0.6095, 0.0289,
         0.0486],
        [0.0610, 0.0613, 0.3636, 0.1124, 0.0541, 0.0671, 0.0734, 0.0847, 0.0534,
         0.0690],
        [0.0195, 0.0327, 0.0436, 0.0311, 0.6754, 0.0505, 0.0437, 0.0373, 0.0301,
         0.0361],
        [0.1167, 0.0542, 0.2535, 0.0583, 0.2303, 0.0566, 0.0674, 0.0396, 0.0644,
         0.0589],
        [0.0260, 0.3814, 0.0549, 0.0394, 0.0511, 0.0612, 0.0538, 0.0527, 0.0539,
         0.2255],
        [0.2936, 0.0997, 0.1702, 0.0462, 0.0870, 0.0664, 0.0583, 0.0325, 0.0707,
         0.0753],
        [0.0524, 0.0590, 0.1024, 0.0656, 0.4070, 0.0759, 0.0525, 0.0449, 0.0663,
         0.0740],
        [0.0276, 0.0523, 0.1836, 0.0892, 0.2044, 0.0655, 0.1888, 0.0492, 0.0612,
         0.0782],
        [0.0334, 0.0495, 0.0874, 0.0277, 0.4198, 0.0538, 0.0382, 0.2068, 0.0375,
         0.0458],
        [0.0552, 0.1738, 0.0515, 0.0375, 0.0406, 0.0360, 0.0493, 0.0378, 0.0652,
         0.4531],
        [0.0415, 0.0466, 0.2437, 0.2172, 0.0901, 0.1113, 0.0687, 0.0644, 0.0565,
         0.0601],
        [0.0459, 0.0484, 0.0495, 0.3635, 0.0278, 0.2766, 0.0417, 0.0575, 0.0524,
         0.0366],
        [0.0307, 0.0403, 0.0552, 0.4489, 0.0240, 0.2371, 0.0395, 0.0376, 0.0411,
         0.0457],
        [0.0406, 0.0446, 0.0750, 0.0387, 0.0496, 0.0785, 0.0525, 0.5334, 0.0347,
         0.0524],
        [0.0274, 0.0345, 0.0665, 0.0612, 0.0631, 0.0630, 0.5405, 0.0397, 0.0545,
         0.0494],
        [0.2614, 0.0989, 0.1236, 0.0407, 0.0537, 0.0541, 0.0621, 0.0590, 0.0408,
         0.2057],
        [0.0376, 0.0497, 0.0636, 0.0398, 0.0878, 0.0430, 0.0462, 0.0380, 0.5242,
         0.0702],
        [0.0478, 0.0447, 0.0539, 0.0429, 0.0605, 0.0521, 0.0438, 0.5256, 0.0344,
         0.0940],
        [0.3184, 0.0935, 0.1159, 0.0533, 0.0680, 0.0544, 0.0826, 0.0516, 0.0524,
         0.1098],
        [0.0406, 0.0390, 0.0824, 0.2047, 0.0417, 0.2285, 0.1702, 0.0464, 0.1003,
         0.0462],
        [0.0209, 0.0535, 0.2614, 0.0284, 0.3790, 0.0838, 0.0593, 0.0326, 0.0355,
         0.0455],
        [0.0357, 0.0314, 0.0602, 0.5621, 0.0296, 0.0569, 0.0631, 0.0561, 0.0442,
         0.0607],
        [0.3437, 0.0834, 0.0676, 0.0450, 0.0802, 0.0647, 0.0627, 0.0449, 0.0861,
         0.1217],
        [0.1443, 0.1962, 0.1329, 0.0437, 0.0513, 0.0604, 0.1622, 0.0840, 0.0635,
         0.0615],
        [0.0442, 0.0594, 0.1706, 0.0643, 0.3630, 0.0644, 0.0333, 0.1048, 0.0401,
         0.0558],
        [0.0407, 0.0783, 0.0613, 0.0302, 0.0433, 0.0446, 0.5602, 0.0418, 0.0541,
         0.0454],
        [0.0310, 0.0415, 0.0690, 0.0836, 0.0543, 0.0656, 0.5162, 0.0416, 0.0489,
         0.0485],
        [0.0529, 0.0523, 0.1458, 0.2991, 0.1323, 0.0739, 0.0570, 0.0439, 0.0772,
         0.0655],
        [0.0319, 0.4791, 0.0679, 0.0564, 0.0348, 0.0494, 0.0635, 0.0388, 0.0798,
         0.0986],
        [0.1363, 0.0737, 0.0719, 0.1101, 0.0570, 0.1639, 0.0648, 0.1999, 0.0531,
         0.0694],
        [0.1153, 0.0925, 0.0798, 0.0600, 0.1568, 0.0904, 0.0612, 0.2286, 0.0609,
         0.0545],
        [0.0412, 0.0402, 0.0494, 0.0376, 0.0496, 0.0418, 0.0462, 0.0286, 0.0395,
         0.6259],
        [0.1034, 0.0411, 0.0998, 0.2786, 0.0471, 0.1935, 0.0842, 0.0653, 0.0358,
         0.0513],
        [0.0364, 0.0452, 0.1058, 0.4853, 0.0299, 0.1073, 0.0361, 0.0474, 0.0562,
         0.0505],
        [0.0308, 0.0504, 0.0743, 0.0348, 0.4949, 0.1057, 0.0496, 0.0808, 0.0355,
         0.0432],
        [0.0394, 0.0374, 0.0893, 0.1938, 0.0271, 0.4171, 0.0625, 0.0429, 0.0538,
         0.0368],
        [0.0690, 0.0772, 0.0718, 0.0411, 0.0420, 0.0389, 0.0540, 0.0358, 0.5154,
         0.0550],
        [0.0795, 0.0929, 0.1359, 0.0584, 0.0520, 0.0610, 0.3631, 0.0574, 0.0361,
         0.0637]], device='cuda:0', grad_fn=<SoftmaxBackward>)
>> best accuracy: 70.39999999999999	best epoch: 10

>> final recovery rate: 59.99333333333333%
>> val epoch: 15
>> current accuracy: 78.84%
outputs: tensor([[0.0534, 0.0502, 0.0622, 0.0480, 0.0475, 0.0355, 0.0371, 0.0481, 0.5620,
         0.0560],
        [0.0352, 0.0544, 0.0780, 0.0512, 0.0369, 0.0726, 0.0345, 0.0580, 0.5207,
         0.0585],
        [0.0413, 0.0499, 0.1089, 0.0458, 0.5396, 0.0512, 0.0458, 0.0277, 0.0343,
         0.0554],
        [0.0520, 0.0360, 0.0755, 0.0340, 0.0454, 0.5497, 0.0228, 0.1070, 0.0432,
         0.0345],
        [0.0460, 0.0348, 0.1173, 0.0408, 0.0348, 0.0474, 0.5626, 0.0360, 0.0371,
         0.0432],
        [0.0394, 0.0607, 0.0702, 0.0519, 0.0432, 0.0441, 0.0404, 0.0547, 0.5346,
         0.0610],
        [0.0529, 0.0533, 0.1788, 0.0331, 0.0886, 0.0592, 0.0330, 0.4150, 0.0380,
         0.0480],
        [0.0379, 0.0506, 0.0851, 0.0290, 0.2381, 0.0437, 0.0396, 0.4060, 0.0373,
         0.0326],
        [0.2680, 0.0499, 0.3145, 0.0438, 0.0515, 0.0472, 0.0419, 0.0572, 0.0689,
         0.0572],
        [0.0316, 0.5798, 0.0701, 0.0484, 0.0539, 0.0457, 0.0296, 0.0342, 0.0666,
         0.0401],
        [0.0476, 0.0554, 0.0540, 0.0919, 0.0292, 0.5667, 0.0281, 0.0470, 0.0405,
         0.0395],
        [0.0400, 0.5926, 0.0660, 0.0470, 0.0477, 0.0452, 0.0278, 0.0363, 0.0500,
         0.0474],
        [0.5810, 0.0554, 0.0371, 0.0388, 0.0773, 0.0443, 0.0372, 0.0340, 0.0460,
         0.0491],
        [0.0462, 0.0487, 0.0522, 0.0286, 0.0317, 0.6352, 0.0240, 0.0490, 0.0457,
         0.0387],
        [0.0627, 0.0332, 0.2535, 0.1016, 0.0512, 0.2390, 0.1016, 0.0791, 0.0368,
         0.0413],
        [0.0543, 0.0440, 0.0592, 0.0634, 0.0603, 0.0545, 0.4997, 0.0432, 0.0669,
         0.0546],
        [0.0341, 0.5888, 0.0609, 0.0394, 0.0379, 0.0405, 0.0343, 0.0404, 0.0583,
         0.0654],
        [0.0563, 0.0462, 0.0457, 0.1518, 0.0352, 0.4780, 0.0410, 0.0448, 0.0375,
         0.0634],
        [0.0434, 0.0356, 0.0434, 0.0280, 0.0330, 0.0269, 0.0271, 0.6875, 0.0365,
         0.0384],
        [0.0528, 0.2224, 0.0688, 0.0450, 0.0406, 0.0495, 0.0372, 0.0456, 0.0540,
         0.3841],
        [0.1115, 0.0989, 0.0998, 0.0567, 0.2284, 0.0629, 0.0498, 0.0499, 0.1796,
         0.0625],
        [0.0481, 0.0584, 0.1354, 0.1755, 0.0365, 0.0609, 0.3161, 0.0457, 0.0773,
         0.0461],
        [0.2233, 0.0487, 0.2458, 0.0723, 0.0808, 0.0843, 0.0705, 0.0384, 0.0475,
         0.0884],
        [0.0473, 0.0490, 0.0509, 0.0524, 0.5238, 0.0539, 0.0465, 0.0789, 0.0461,
         0.0511],
        [0.0374, 0.0308, 0.0680, 0.0291, 0.0332, 0.0381, 0.6469, 0.0412, 0.0371,
         0.0381],
        [0.0547, 0.0435, 0.1210, 0.1044, 0.1638, 0.1259, 0.0374, 0.2579, 0.0476,
         0.0438],
        [0.0411, 0.0538, 0.1596, 0.4002, 0.0353, 0.0819, 0.0317, 0.0840, 0.0425,
         0.0698],
        [0.1378, 0.0757, 0.0806, 0.1401, 0.0382, 0.0784, 0.0833, 0.1916, 0.0319,
         0.1422],
        [0.0441, 0.0488, 0.1493, 0.0731, 0.4178, 0.0792, 0.0354, 0.0464, 0.0482,
         0.0578],
        [0.0804, 0.0421, 0.0878, 0.4232, 0.0364, 0.0499, 0.0435, 0.0591, 0.1040,
         0.0736],
        [0.0574, 0.0488, 0.0389, 0.0425, 0.0281, 0.0379, 0.5841, 0.0475, 0.0591,
         0.0557],
        [0.0983, 0.0539, 0.3268, 0.0764, 0.0354, 0.0635, 0.0636, 0.1597, 0.0369,
         0.0855],
        [0.0597, 0.0647, 0.0501, 0.0329, 0.0328, 0.0336, 0.0335, 0.0401, 0.0478,
         0.6047],
        [0.0398, 0.0429, 0.0395, 0.0361, 0.6382, 0.0595, 0.0211, 0.0401, 0.0262,
         0.0565],
        [0.0479, 0.0399, 0.2375, 0.0480, 0.0410, 0.4185, 0.0242, 0.0609, 0.0489,
         0.0331],
        [0.1004, 0.0736, 0.1755, 0.0918, 0.0771, 0.0798, 0.0429, 0.1262, 0.0673,
         0.1654],
        [0.0354, 0.0532, 0.1161, 0.0744, 0.2275, 0.2243, 0.1309, 0.0584, 0.0377,
         0.0421],
        [0.0336, 0.6106, 0.0537, 0.0373, 0.0440, 0.0368, 0.0298, 0.0400, 0.0741,
         0.0401],
        [0.0465, 0.0519, 0.0921, 0.0380, 0.0337, 0.4866, 0.0230, 0.1252, 0.0580,
         0.0451],
        [0.0303, 0.0467, 0.0610, 0.0283, 0.5968, 0.0570, 0.0453, 0.0458, 0.0359,
         0.0530],
        [0.0431, 0.5158, 0.0687, 0.0345, 0.0450, 0.0428, 0.0342, 0.0539, 0.0731,
         0.0889],
        [0.0327, 0.0443, 0.0625, 0.2480, 0.1193, 0.1987, 0.0297, 0.1672, 0.0472,
         0.0504],
        [0.0791, 0.0410, 0.0486, 0.1574, 0.0744, 0.1380, 0.0309, 0.3256, 0.0538,
         0.0511],
        [0.0688, 0.0360, 0.0377, 0.0358, 0.0373, 0.0357, 0.0366, 0.0344, 0.0717,
         0.6060],
        [0.0687, 0.0473, 0.5390, 0.0439, 0.0663, 0.0487, 0.0413, 0.0476, 0.0472,
         0.0500],
        [0.0454, 0.0431, 0.0764, 0.1232, 0.0870, 0.1605, 0.2756, 0.0710, 0.0739,
         0.0439],
        [0.0657, 0.2153, 0.0644, 0.0425, 0.0468, 0.0422, 0.0494, 0.0503, 0.1491,
         0.2743],
        [0.0668, 0.0358, 0.0681, 0.1258, 0.0728, 0.2941, 0.1831, 0.0493, 0.0516,
         0.0526],
        [0.0328, 0.0468, 0.5924, 0.0327, 0.0432, 0.0370, 0.0751, 0.0403, 0.0643,
         0.0354],
        [0.0355, 0.0285, 0.1398, 0.0304, 0.0363, 0.5723, 0.0353, 0.0562, 0.0393,
         0.0264],
        [0.1021, 0.0419, 0.4147, 0.0465, 0.0321, 0.0549, 0.0772, 0.1020, 0.0672,
         0.0614],
        [0.0298, 0.3348, 0.0621, 0.0362, 0.0388, 0.0637, 0.0298, 0.0707, 0.0566,
         0.2776],
        [0.0573, 0.0586, 0.0852, 0.3279, 0.0356, 0.1710, 0.0858, 0.0527, 0.0789,
         0.0470],
        [0.1243, 0.0446, 0.0468, 0.1536, 0.0737, 0.0654, 0.1855, 0.0591, 0.1781,
         0.0688],
        [0.2063, 0.0529, 0.0428, 0.0286, 0.0285, 0.0376, 0.0519, 0.0815, 0.0566,
         0.4131],
        [0.0417, 0.5695, 0.0585, 0.0379, 0.0576, 0.0453, 0.0300, 0.0394, 0.0517,
         0.0685],
        [0.0305, 0.0584, 0.4267, 0.0463, 0.1507, 0.0507, 0.0505, 0.1068, 0.0322,
         0.0473],
        [0.1314, 0.0369, 0.1597, 0.3060, 0.0555, 0.0636, 0.0566, 0.0764, 0.0627,
         0.0512],
        [0.0420, 0.0384, 0.0994, 0.1526, 0.0529, 0.3644, 0.0874, 0.0545, 0.0575,
         0.0509],
        [0.6686, 0.0489, 0.0276, 0.0343, 0.0358, 0.0375, 0.0361, 0.0387, 0.0380,
         0.0344],
        [0.4840, 0.0527, 0.0825, 0.0394, 0.0605, 0.0468, 0.0353, 0.0539, 0.0541,
         0.0908],
        [0.0789, 0.0451, 0.1147, 0.2665, 0.0937, 0.1226, 0.0754, 0.0559, 0.0701,
         0.0773],
        [0.0509, 0.0307, 0.0368, 0.0421, 0.0358, 0.0310, 0.6119, 0.0473, 0.0673,
         0.0462],
        [0.0400, 0.3997, 0.0693, 0.0522, 0.0747, 0.0663, 0.0400, 0.0526, 0.1609,
         0.0443],
        [0.0439, 0.0449, 0.6133, 0.0331, 0.0448, 0.0390, 0.0389, 0.0456, 0.0477,
         0.0488],
        [0.0409, 0.0481, 0.1829, 0.0554, 0.1792, 0.1984, 0.0909, 0.0895, 0.0590,
         0.0556],
        [0.0796, 0.3642, 0.0439, 0.0407, 0.0288, 0.0434, 0.0307, 0.1819, 0.0909,
         0.0958],
        [0.0910, 0.0560, 0.3932, 0.0415, 0.1846, 0.0416, 0.0452, 0.0448, 0.0418,
         0.0604],
        [0.0377, 0.0430, 0.0765, 0.4798, 0.0600, 0.0867, 0.0635, 0.0563, 0.0421,
         0.0544],
        [0.0512, 0.0542, 0.0714, 0.1351, 0.0310, 0.3923, 0.0373, 0.1112, 0.0861,
         0.0302],
        [0.0575, 0.0863, 0.0864, 0.0408, 0.1174, 0.0426, 0.3673, 0.0692, 0.0734,
         0.0591],
        [0.0530, 0.0367, 0.0648, 0.0514, 0.0523, 0.0484, 0.0299, 0.5724, 0.0536,
         0.0376]], device='cuda:0', grad_fn=<SoftmaxBackward>)
>> best accuracy: 78.84	best epoch: 15

>> final recovery rate: 86.07111111111111%
>> val epoch: 20
>> current accuracy: 78.66%
outputs: tensor([[0.0092, 0.0106, 0.0215, 0.8684, 0.0115, 0.0176, 0.0117, 0.0144, 0.0130,
         0.0221],
        [0.0185, 0.0110, 0.0572, 0.1138, 0.0419, 0.6316, 0.0306, 0.0601, 0.0238,
         0.0114],
        [0.0155, 0.0122, 0.8767, 0.0136, 0.0163, 0.0094, 0.0124, 0.0104, 0.0172,
         0.0164],
        [0.0276, 0.0146, 0.0722, 0.1249, 0.0279, 0.0196, 0.6443, 0.0137, 0.0341,
         0.0211],
        [0.0216, 0.0146, 0.0269, 0.0244, 0.0344, 0.0114, 0.7838, 0.0272, 0.0364,
         0.0192],
        [0.1019, 0.0158, 0.4060, 0.3024, 0.0234, 0.0154, 0.0197, 0.0316, 0.0488,
         0.0351],
        [0.0215, 0.0146, 0.1360, 0.1510, 0.0163, 0.5738, 0.0261, 0.0209, 0.0250,
         0.0149],
        [0.0174, 0.0112, 0.0197, 0.0133, 0.0156, 0.0145, 0.0186, 0.0179, 0.0178,
         0.8541],
        [0.8442, 0.0104, 0.0257, 0.0210, 0.0155, 0.0171, 0.0124, 0.0165, 0.0194,
         0.0179],
        [0.0130, 0.0088, 0.0139, 0.0114, 0.0099, 0.0093, 0.0102, 0.0194, 0.0120,
         0.8921],
        [0.0182, 0.0129, 0.0177, 0.0152, 0.8425, 0.0172, 0.0149, 0.0233, 0.0222,
         0.0158],
        [0.0188, 0.3470, 0.0164, 0.0126, 0.0207, 0.0174, 0.0404, 0.0210, 0.3330,
         0.1724],
        [0.7744, 0.0140, 0.0269, 0.0244, 0.0119, 0.0131, 0.0088, 0.0889, 0.0245,
         0.0131],
        [0.7747, 0.0143, 0.0424, 0.0299, 0.0287, 0.0164, 0.0183, 0.0264, 0.0299,
         0.0190],
        [0.0132, 0.0112, 0.0322, 0.8482, 0.0133, 0.0119, 0.0080, 0.0240, 0.0161,
         0.0219],
        [0.0270, 0.0216, 0.0430, 0.0299, 0.5007, 0.0587, 0.2390, 0.0303, 0.0330,
         0.0168],
        [0.0315, 0.0096, 0.0398, 0.0208, 0.7665, 0.0169, 0.0307, 0.0202, 0.0536,
         0.0104],
        [0.0143, 0.0116, 0.0283, 0.0227, 0.8343, 0.0155, 0.0161, 0.0231, 0.0181,
         0.0158],
        [0.0218, 0.0081, 0.0158, 0.0163, 0.8587, 0.0117, 0.0081, 0.0231, 0.0181,
         0.0183],
        [0.0218, 0.0212, 0.0455, 0.0409, 0.0244, 0.7558, 0.0154, 0.0212, 0.0352,
         0.0185],
        [0.0297, 0.0168, 0.0577, 0.1873, 0.0501, 0.5304, 0.0536, 0.0156, 0.0312,
         0.0276],
        [0.0131, 0.0063, 0.0574, 0.0406, 0.0294, 0.1093, 0.0197, 0.7032, 0.0157,
         0.0053],
        [0.0114, 0.7556, 0.0618, 0.0251, 0.0213, 0.0220, 0.0282, 0.0201, 0.0346,
         0.0198],
        [0.0093, 0.8165, 0.0316, 0.0181, 0.0163, 0.0171, 0.0226, 0.0194, 0.0225,
         0.0267],
        [0.0137, 0.0154, 0.1124, 0.1766, 0.5531, 0.0173, 0.0318, 0.0243, 0.0321,
         0.0234],
        [0.0134, 0.8037, 0.0223, 0.0197, 0.0150, 0.0145, 0.0284, 0.0261, 0.0289,
         0.0281],
        [0.0110, 0.0276, 0.0152, 0.0104, 0.0147, 0.0137, 0.0170, 0.0136, 0.0213,
         0.8555],
        [0.0089, 0.0105, 0.0088, 0.0081, 0.0079, 0.0050, 0.0063, 0.0191, 0.0108,
         0.9146],
        [0.0191, 0.7624, 0.0206, 0.0223, 0.0159, 0.0177, 0.0181, 0.0169, 0.0391,
         0.0678],
        [0.0142, 0.0176, 0.0170, 0.0196, 0.0152, 0.0120, 0.8442, 0.0142, 0.0257,
         0.0202],
        [0.0148, 0.0168, 0.0394, 0.0266, 0.0191, 0.8075, 0.0131, 0.0195, 0.0306,
         0.0125],
        [0.0233, 0.0096, 0.0557, 0.0144, 0.0376, 0.0218, 0.0226, 0.7716, 0.0267,
         0.0167],
        [0.0190, 0.0083, 0.0219, 0.0211, 0.0105, 0.0154, 0.0116, 0.0212, 0.8563,
         0.0147],
        [0.8275, 0.0155, 0.0235, 0.0154, 0.0245, 0.0166, 0.0175, 0.0216, 0.0209,
         0.0171],
        [0.0208, 0.0128, 0.0918, 0.2358, 0.0114, 0.5221, 0.0575, 0.0097, 0.0200,
         0.0180],
        [0.0209, 0.0083, 0.0214, 0.0208, 0.0182, 0.0172, 0.0137, 0.0213, 0.8451,
         0.0131],
        [0.8275, 0.0096, 0.0176, 0.0231, 0.0191, 0.0206, 0.0108, 0.0194, 0.0315,
         0.0209],
        [0.0110, 0.0130, 0.0115, 0.0097, 0.0131, 0.0111, 0.0111, 0.0121, 0.0167,
         0.8906],
        [0.0120, 0.8037, 0.0225, 0.0242, 0.0163, 0.0273, 0.0218, 0.0160, 0.0287,
         0.0276],
        [0.7590, 0.0123, 0.0912, 0.0149, 0.0230, 0.0125, 0.0150, 0.0107, 0.0343,
         0.0271],
        [0.0158, 0.0093, 0.0186, 0.0238, 0.0514, 0.0107, 0.8104, 0.0177, 0.0241,
         0.0182],
        [0.0122, 0.0163, 0.0560, 0.0850, 0.0377, 0.0208, 0.7109, 0.0133, 0.0251,
         0.0227],
        [0.4139, 0.0193, 0.3708, 0.0439, 0.0176, 0.0209, 0.0330, 0.0130, 0.0539,
         0.0139],
        [0.0130, 0.0135, 0.0248, 0.0217, 0.0225, 0.0214, 0.0200, 0.0290, 0.8206,
         0.0136],
        [0.0132, 0.8017, 0.0229, 0.0241, 0.0202, 0.0217, 0.0236, 0.0208, 0.0248,
         0.0270],
        [0.0203, 0.0151, 0.2645, 0.1721, 0.0125, 0.4355, 0.0227, 0.0133, 0.0289,
         0.0150],
        [0.0198, 0.0085, 0.0346, 0.0213, 0.0211, 0.0274, 0.0144, 0.8229, 0.0187,
         0.0114],
        [0.0080, 0.0070, 0.9039, 0.0101, 0.0081, 0.0122, 0.0090, 0.0126, 0.0156,
         0.0136],
        [0.0307, 0.0137, 0.0182, 0.1281, 0.0181, 0.6915, 0.0467, 0.0106, 0.0193,
         0.0231],
        [0.4368, 0.0294, 0.1445, 0.0171, 0.0284, 0.0221, 0.2575, 0.0165, 0.0224,
         0.0253],
        [0.0205, 0.0258, 0.2535, 0.0297, 0.1297, 0.0252, 0.4368, 0.0270, 0.0262,
         0.0256],
        [0.0129, 0.0132, 0.0328, 0.0174, 0.8403, 0.0149, 0.0137, 0.0161, 0.0221,
         0.0166],
        [0.8255, 0.0164, 0.0116, 0.0131, 0.0191, 0.0153, 0.0121, 0.0203, 0.0370,
         0.0296],
        [0.0241, 0.0140, 0.0431, 0.7360, 0.0154, 0.0844, 0.0140, 0.0404, 0.0139,
         0.0146],
        [0.0118, 0.8011, 0.0206, 0.0140, 0.0177, 0.0207, 0.0204, 0.0260, 0.0251,
         0.0428],
        [0.0172, 0.0234, 0.0300, 0.1538, 0.0110, 0.0151, 0.0166, 0.0211, 0.6354,
         0.0764],
        [0.0264, 0.7551, 0.0338, 0.0193, 0.0141, 0.0277, 0.0448, 0.0187, 0.0360,
         0.0240],
        [0.0211, 0.0202, 0.0462, 0.0787, 0.0208, 0.7334, 0.0142, 0.0267, 0.0247,
         0.0140],
        [0.0141, 0.0484, 0.0134, 0.0368, 0.0398, 0.0167, 0.7463, 0.0163, 0.0329,
         0.0353],
        [0.0161, 0.0105, 0.0132, 0.0192, 0.0188, 0.0205, 0.0154, 0.0170, 0.8556,
         0.0136],
        [0.0118, 0.0106, 0.2876, 0.4808, 0.0764, 0.0338, 0.0328, 0.0253, 0.0179,
         0.0231],
        [0.0131, 0.0088, 0.0144, 0.0139, 0.8809, 0.0123, 0.0093, 0.0176, 0.0176,
         0.0121],
        [0.0119, 0.0121, 0.0262, 0.0206, 0.8373, 0.0160, 0.0168, 0.0284, 0.0180,
         0.0127],
        [0.0150, 0.0171, 0.0430, 0.3544, 0.2495, 0.2105, 0.0137, 0.0387, 0.0315,
         0.0267],
        [0.0133, 0.0122, 0.0123, 0.0105, 0.0130, 0.0142, 0.0099, 0.0154, 0.0124,
         0.8868],
        [0.0206, 0.0133, 0.0176, 0.0148, 0.0177, 0.0248, 0.0145, 0.0176, 0.0211,
         0.8380],
        [0.0095, 0.0079, 0.0151, 0.8891, 0.0172, 0.0139, 0.0069, 0.0153, 0.0105,
         0.0147],
        [0.6934, 0.0164, 0.0168, 0.0305, 0.0249, 0.0206, 0.0146, 0.0214, 0.1397,
         0.0217],
        [0.0168, 0.0089, 0.0143, 0.0102, 0.0131, 0.0141, 0.0122, 0.0148, 0.0145,
         0.8811],
        [0.0349, 0.0139, 0.0207, 0.0240, 0.0477, 0.0201, 0.0141, 0.7765, 0.0327,
         0.0155],
        [0.0191, 0.0102, 0.7097, 0.0762, 0.0463, 0.0357, 0.0518, 0.0251, 0.0160,
         0.0098],
        [0.0133, 0.0105, 0.0295, 0.0184, 0.0230, 0.0287, 0.0135, 0.8403, 0.0140,
         0.0088]], device='cuda:0', grad_fn=<SoftmaxBackward>)
>> best accuracy: 78.84	best epoch: 15

>> final recovery rate: 86.70666666666666%
