noise type: uniform
noise level: 0.0
when_to_apply_epoch: 25
total clean data num: 45000
probability transition matrix:
[[1. 0. 0. 0. 0. 0. 0. 0. 0. 0.]
 [0. 1. 0. 0. 0. 0. 0. 0. 0. 0.]
 [0. 0. 1. 0. 0. 0. 0. 0. 0. 0.]
 [0. 0. 0. 1. 0. 0. 0. 0. 0. 0.]
 [0. 0. 0. 0. 1. 0. 0. 0. 0. 0.]
 [0. 0. 0. 0. 0. 1. 0. 0. 0. 0.]
 [0. 0. 0. 0. 0. 0. 1. 0. 0. 0.]
 [0. 0. 0. 0. 0. 0. 0. 1. 0. 0.]
 [0. 0. 0. 0. 0. 0. 0. 0. 1. 0.]
 [0. 0. 0. 0. 0. 0. 0. 0. 0. 1.]]
>> val epoch: 0
>> current accuracy: 58.98%
outputs: tensor([[2.1850e-01, 7.4122e-03, 4.2094e-01, 8.3316e-02, 7.5812e-02, 2.9847e-02,
         8.4896e-02, 4.2449e-02, 2.7779e-02, 9.0480e-03],
        [9.5459e-02, 1.1974e-01, 7.4804e-02, 5.5671e-02, 3.1225e-01, 2.3369e-02,
         1.0717e-01, 1.0854e-01, 1.2334e-02, 9.0651e-02],
        [1.7960e-03, 2.8346e-04, 1.1988e-02, 3.1839e-02, 2.2858e-01, 1.0522e-01,
         5.7334e-03, 6.1266e-01, 1.1328e-04, 1.7856e-03],
        [1.0811e-02, 3.5218e-03, 8.6403e-02, 2.9451e-01, 8.4595e-02, 1.3255e-01,
         3.2970e-01, 3.5395e-02, 4.8401e-03, 1.7676e-02],
        [6.7037e-02, 2.2300e-02, 5.7395e-02, 3.1062e-01, 3.5156e-02, 9.5167e-02,
         5.3836e-02, 7.5592e-02, 9.8539e-02, 1.8436e-01],
        [7.7829e-05, 9.9384e-01, 4.1686e-07, 1.0634e-06, 6.2972e-07, 3.1021e-07,
         2.8367e-06, 3.8868e-07, 8.8048e-05, 5.9871e-03],
        [2.7271e-03, 4.8293e-04, 3.5357e-02, 5.6161e-01, 1.3186e-02, 2.8480e-01,
         8.6121e-02, 1.3724e-02, 6.9960e-04, 1.2947e-03],
        [6.0232e-03, 6.2310e-04, 2.5693e-02, 2.2442e-02, 5.1263e-01, 3.9131e-02,
         1.1131e-02, 3.8049e-01, 3.1527e-04, 1.5231e-03],
        [5.7383e-02, 1.6241e-03, 7.6585e-04, 3.5276e-04, 1.5446e-04, 3.3288e-05,
         1.3430e-04, 1.0804e-04, 9.3845e-01, 9.9566e-04],
        [2.3589e-02, 6.6499e-03, 3.3926e-02, 1.3779e-01, 5.7212e-01, 3.7369e-02,
         8.4473e-02, 8.7804e-02, 6.3686e-03, 9.9086e-03],
        [3.2667e-02, 4.0131e-02, 2.9044e-02, 2.0162e-01, 8.8227e-02, 1.0229e-01,
         6.8969e-02, 2.7189e-01, 5.4489e-02, 1.1068e-01],
        [4.9288e-02, 8.4418e-01, 6.8664e-05, 7.8780e-06, 6.2508e-05, 2.0502e-06,
         1.1726e-05, 3.3382e-05, 1.9048e-03, 1.0444e-01],
        [2.3507e-03, 8.9313e-04, 2.4272e-02, 1.7447e-02, 3.8642e-02, 2.5527e-03,
         9.1173e-01, 1.0241e-03, 8.1519e-04, 2.7138e-04],
        [5.3431e-03, 3.6159e-01, 9.5076e-05, 1.9979e-04, 1.3038e-04, 1.1346e-04,
         1.4467e-04, 3.6183e-04, 2.1054e-03, 6.2992e-01],
        [4.8468e-02, 1.5686e-01, 1.4525e-02, 1.3756e-01, 4.7580e-02, 1.9401e-01,
         1.2493e-01, 4.9449e-02, 8.7230e-03, 2.1789e-01],
        [3.0755e-02, 2.7931e-01, 3.2142e-03, 7.7668e-03, 2.0050e-03, 3.0226e-03,
         1.9822e-03, 8.3371e-03, 5.9540e-01, 6.8200e-02],
        [7.4405e-03, 2.8377e-04, 1.2290e-02, 2.8639e-01, 5.2842e-03, 6.4191e-01,
         3.2809e-02, 1.0533e-02, 1.9273e-03, 1.1334e-03],
        [1.0418e-02, 1.0895e-03, 7.8331e-02, 5.3932e-01, 3.6059e-02, 1.2604e-01,
         1.7220e-01, 3.0939e-02, 3.0296e-03, 2.5815e-03],
        [4.4707e-03, 3.6723e-03, 1.9674e-02, 3.2525e-01, 1.1913e-01, 1.8984e-01,
         2.9925e-01, 3.1609e-02, 2.5580e-03, 4.5410e-03],
        [1.3634e-03, 4.0242e-04, 2.4270e-03, 6.7998e-03, 4.0706e-02, 2.6028e-02,
         9.6890e-04, 9.1904e-01, 7.3661e-05, 2.1873e-03],
        [1.5575e-01, 5.6340e-01, 3.9544e-03, 1.0854e-03, 1.9929e-03, 3.8222e-04,
         1.4307e-03, 2.5710e-03, 4.3358e-02, 2.2607e-01],
        [6.5819e-01, 6.5964e-04, 1.0717e-01, 1.0383e-01, 1.2290e-02, 5.0484e-02,
         1.5337e-02, 6.9013e-03, 4.2558e-02, 2.5783e-03],
        [4.1594e-04, 1.4731e-04, 8.0011e-04, 8.3569e-04, 1.4560e-01, 6.9377e-03,
         3.6822e-04, 8.4478e-01, 4.6920e-06, 1.1733e-04],
        [6.2656e-01, 2.6397e-03, 9.8552e-03, 7.7009e-04, 9.1512e-04, 1.1704e-04,
         3.4411e-04, 2.5823e-04, 3.5611e-01, 2.4346e-03],
        [6.8207e-01, 2.9479e-04, 1.1028e-03, 4.4336e-05, 1.1815e-04, 6.6149e-06,
         1.5806e-05, 4.6072e-05, 3.1596e-01, 3.4210e-04],
        [7.9458e-02, 3.1178e-01, 7.7541e-02, 1.0807e-01, 7.1477e-02, 2.0495e-02,
         6.8559e-02, 4.0312e-02, 9.6215e-02, 1.2610e-01],
        [2.2663e-02, 5.0914e-03, 2.3623e-01, 1.1055e-01, 1.5695e-01, 2.0178e-01,
         2.0306e-02, 2.1373e-01, 4.5819e-03, 2.8118e-02],
        [9.8888e-03, 1.0760e-02, 5.3640e-02, 5.3905e-02, 6.2762e-02, 1.0661e-02,
         7.7927e-01, 9.0669e-03, 3.6425e-03, 6.4029e-03],
        [3.2616e-02, 1.4978e-03, 4.0858e-02, 1.7551e-01, 4.1759e-01, 8.0743e-02,
         5.7841e-02, 1.7890e-01, 7.4204e-03, 7.0150e-03],
        [3.2669e-03, 4.2025e-04, 4.2095e-02, 5.0189e-02, 5.0266e-01, 1.2540e-01,
         2.0964e-02, 2.5416e-01, 2.2431e-04, 6.1845e-04],
        [4.4717e-02, 2.3641e-03, 9.8857e-02, 2.8308e-01, 2.1152e-01, 1.5718e-01,
         7.7924e-02, 1.0679e-01, 8.7065e-03, 8.8634e-03],
        [5.2600e-01, 3.7578e-03, 3.0037e-02, 7.2639e-03, 5.2996e-03, 1.6855e-03,
         2.6814e-03, 4.3968e-03, 4.0804e-01, 1.0839e-02],
        [1.4717e-02, 2.6089e-03, 5.3155e-01, 8.6716e-02, 5.4426e-02, 8.8632e-02,
         1.9953e-01, 1.8530e-02, 1.9906e-03, 1.2987e-03],
        [2.8484e-02, 4.4672e-03, 6.4714e-02, 4.4255e-01, 1.4003e-01, 1.7254e-01,
         5.0183e-02, 7.0338e-02, 1.0999e-02, 1.5686e-02],
        [9.4625e-04, 1.5357e-04, 2.4306e-03, 8.8594e-03, 3.8738e-01, 2.6840e-02,
         3.1316e-03, 5.6977e-01, 4.6025e-05, 4.4179e-04],
        [2.6904e-01, 4.2835e-01, 6.1993e-03, 2.7567e-03, 1.6349e-03, 6.6692e-04,
         1.4303e-03, 1.3392e-03, 1.7948e-01, 1.0911e-01],
        [7.4443e-03, 3.2595e-04, 1.7880e-01, 1.3496e-02, 7.1026e-01, 2.2942e-02,
         2.3567e-02, 4.2324e-02, 4.6024e-04, 3.8263e-04],
        [1.7942e-02, 1.5166e-03, 4.8849e-02, 3.6706e-01, 4.6386e-02, 3.7300e-01,
         9.8820e-02, 4.0078e-02, 3.0399e-03, 3.3070e-03],
        [2.0967e-03, 7.3959e-02, 1.4635e-05, 3.7064e-05, 2.2164e-05, 2.2650e-05,
         3.6656e-05, 8.6940e-05, 6.4886e-04, 9.2308e-01],
        [2.3988e-01, 4.4307e-01, 2.0408e-02, 1.7794e-02, 3.8195e-03, 3.9227e-03,
         8.1822e-03, 2.5642e-03, 2.3985e-01, 2.0507e-02],
        [2.2545e-02, 1.4569e-02, 5.8249e-02, 1.1260e-01, 2.9069e-01, 2.0944e-02,
         4.1099e-01, 4.2361e-02, 8.5850e-03, 1.8460e-02],
        [9.6652e-01, 1.3612e-02, 8.9653e-03, 1.1406e-04, 5.8246e-04, 4.2522e-05,
         1.6641e-04, 8.7511e-05, 8.4665e-03, 1.4404e-03],
        [7.4337e-02, 5.5851e-04, 5.8551e-03, 1.4443e-02, 3.5133e-03, 3.4441e-03,
         6.0636e-03, 2.5395e-03, 8.8341e-01, 5.8379e-03],
        [4.6877e-03, 7.3669e-04, 1.1377e-02, 2.8994e-02, 1.0872e-01, 7.1536e-02,
         3.3720e-03, 7.6726e-01, 2.0443e-04, 3.1132e-03],
        [7.9471e-03, 2.3871e-04, 1.1031e-04, 7.9708e-05, 1.8759e-05, 1.0346e-05,
         1.3873e-05, 1.6050e-05, 9.9114e-01, 4.2393e-04],
        [1.4000e-01, 1.9247e-02, 1.4461e-01, 3.4615e-01, 2.5725e-02, 9.9340e-02,
         1.4329e-01, 1.6219e-02, 5.2954e-02, 1.2475e-02],
        [8.1938e-03, 6.2654e-04, 1.2544e-01, 3.4150e-01, 2.4911e-02, 4.3799e-01,
         3.3993e-02, 2.5613e-02, 9.8189e-04, 7.4415e-04],
        [3.2711e-02, 5.8049e-03, 1.6629e-01, 2.0494e-01, 2.8585e-01, 1.2923e-01,
         3.0609e-02, 1.3472e-01, 3.8587e-03, 5.9790e-03],
        [8.4986e-02, 5.9939e-04, 1.1065e-03, 3.5787e-04, 1.9562e-04, 4.1844e-05,
         1.1336e-04, 1.6122e-04, 9.1158e-01, 8.5918e-04],
        [4.0002e-03, 7.4672e-01, 6.5851e-05, 1.2057e-04, 9.0785e-05, 4.5337e-05,
         9.6180e-05, 1.3113e-04, 1.9692e-03, 2.4676e-01],
        [5.1454e-03, 1.5868e-03, 2.4256e-02, 9.6885e-02, 6.0871e-01, 5.5707e-02,
         1.2457e-01, 8.1097e-02, 7.5656e-04, 1.2871e-03],
        [5.4735e-03, 4.7422e-01, 7.4797e-04, 1.9849e-03, 4.6567e-04, 1.1908e-03,
         7.7095e-04, 1.8563e-03, 5.5094e-03, 5.0778e-01],
        [2.2023e-02, 3.7076e-02, 6.8166e-03, 3.1328e-02, 8.9635e-03, 1.5098e-02,
         5.4836e-03, 2.4396e-02, 1.8199e-02, 8.3062e-01],
        [9.0392e-03, 3.1720e-03, 1.6522e-02, 5.3913e-01, 3.1378e-02, 1.3108e-01,
         2.2508e-01, 2.5827e-02, 3.8035e-03, 1.4969e-02],
        [7.2535e-03, 8.6886e-01, 1.1991e-03, 2.8569e-03, 4.0156e-03, 8.0801e-04,
         3.1368e-03, 1.6181e-03, 4.4503e-03, 1.0580e-01],
        [3.1455e-01, 1.0797e-01, 8.9348e-02, 1.8974e-01, 2.0187e-02, 1.3448e-01,
         6.7445e-02, 1.6442e-02, 1.6766e-02, 4.3076e-02],
        [1.4947e-02, 1.5300e-04, 1.9688e-04, 6.9167e-05, 2.4351e-05, 7.8950e-06,
         1.6961e-05, 2.8771e-05, 9.8424e-01, 3.1342e-04],
        [5.9643e-03, 2.4547e-04, 7.1361e-02, 1.1109e-01, 1.8553e-02, 7.3215e-01,
         1.8043e-02, 4.1488e-02, 5.0859e-04, 5.9521e-04],
        [4.8872e-01, 3.5486e-01, 2.9847e-03, 4.2515e-04, 4.9203e-03, 2.1014e-04,
         2.7405e-04, 3.6298e-03, 1.2247e-02, 1.3173e-01],
        [5.5106e-03, 9.2143e-04, 3.7872e-02, 4.8103e-01, 1.0484e-01, 1.2227e-01,
         2.2761e-01, 1.7433e-02, 1.5549e-03, 9.6037e-04],
        [2.8774e-02, 3.0407e-02, 4.8181e-01, 1.0117e-01, 1.0872e-01, 5.3979e-02,
         1.2011e-01, 4.5679e-02, 6.4260e-03, 2.2927e-02],
        [1.0490e-01, 1.4295e-03, 3.1481e-01, 2.8973e-01, 3.4287e-02, 1.6020e-01,
         1.7810e-02, 5.0284e-02, 1.8383e-02, 8.1728e-03],
        [7.0194e-03, 1.1299e-03, 6.2929e-02, 1.6804e-01, 3.3267e-01, 3.0726e-01,
         5.4637e-02, 6.3793e-02, 1.1251e-03, 1.3948e-03],
        [2.0005e-02, 7.5098e-03, 2.1235e-01, 1.0261e-01, 2.4053e-01, 1.1013e-01,
         2.2504e-01, 5.6782e-02, 3.6246e-03, 2.1420e-02],
        [1.0248e-01, 7.4619e-04, 7.9831e-01, 1.4599e-02, 3.5256e-02, 2.1315e-02,
         2.2184e-03, 1.9233e-02, 4.3447e-03, 1.4938e-03],
        [8.9352e-01, 3.1237e-04, 6.5892e-02, 2.7611e-03, 4.0587e-03, 7.6849e-04,
         1.1690e-03, 8.5329e-04, 2.9934e-02, 7.2889e-04],
        [6.6694e-02, 1.0437e-01, 8.2307e-02, 1.3930e-01, 5.8802e-02, 6.1516e-02,
         5.5320e-02, 8.6607e-02, 1.9701e-02, 3.2539e-01],
        [1.3095e-01, 4.8385e-02, 1.0738e-01, 5.5335e-02, 1.4599e-01, 2.3747e-02,
         4.4496e-01, 8.5978e-03, 2.4842e-02, 9.8081e-03],
        [2.9018e-02, 1.5482e-03, 2.1059e-01, 3.1255e-01, 9.5412e-02, 2.6272e-01,
         2.6947e-02, 5.3639e-02, 4.4707e-03, 3.1129e-03],
        [9.4252e-02, 5.1476e-01, 3.5020e-02, 1.7799e-02, 4.4420e-02, 6.7328e-03,
         4.4402e-02, 1.1342e-02, 1.1908e-01, 1.1219e-01],
        [1.8794e-02, 9.9270e-04, 1.8752e-02, 1.8823e-01, 1.0083e-01, 6.5550e-02,
         5.8621e-01, 8.5682e-03, 1.1221e-02, 8.5739e-04],
        [9.6010e-01, 1.5416e-03, 1.5756e-02, 9.2244e-04, 1.1623e-03, 2.4591e-04,
         4.2902e-04, 3.9627e-04, 1.7793e-02, 1.6582e-03]],
       device='cuda:0', grad_fn=<SoftmaxBackward>)
>> best accuracy: 58.98	best epoch: 0

>> final recovery rate: 100.0%
>> val epoch: 5
>> current accuracy: 82.8%
outputs: tensor([[1.3120e-04, 5.7917e-04, 7.1957e-07, 6.0405e-07, 2.2162e-08, 2.6537e-08,
         1.5800e-07, 2.0213e-07, 2.6884e-04, 9.9902e-01],
        [5.5904e-03, 2.4258e-04, 7.2421e-03, 1.4762e-01, 2.6089e-03, 8.2019e-01,
         3.1947e-04, 1.4826e-02, 5.9730e-04, 7.6707e-04],
        [9.1345e-03, 2.1074e-03, 6.4562e-03, 4.2205e-03, 3.8323e-02, 7.9084e-03,
         1.0921e-03, 7.7644e-01, 1.2078e-03, 1.5311e-01],
        [3.1087e-03, 3.8609e-03, 1.5435e-02, 5.7847e-01, 3.3372e-02, 2.2689e-01,
         1.9210e-03, 9.4616e-02, 2.4288e-03, 3.9898e-02],
        [9.8538e-01, 4.0033e-05, 1.2657e-02, 3.8663e-05, 6.2163e-04, 9.1179e-06,
         1.4662e-05, 1.1726e-04, 9.0356e-04, 2.1582e-04],
        [6.6720e-04, 7.9562e-05, 2.2480e-02, 1.7413e-02, 3.8079e-01, 3.8666e-01,
         2.1493e-03, 1.8957e-01, 3.8258e-05, 1.4950e-04],
        [3.7365e-06, 3.0915e-04, 2.1918e-06, 2.1416e-06, 1.5626e-07, 1.8758e-07,
         5.7127e-07, 2.3416e-07, 1.4428e-05, 9.9967e-01],
        [1.5867e-04, 2.0932e-06, 2.4950e-04, 9.1376e-01, 9.2188e-04, 8.4649e-02,
         4.3918e-05, 1.8291e-04, 1.5960e-05, 1.3387e-05],
        [4.3635e-06, 9.9881e-01, 1.7224e-07, 2.2863e-07, 3.3198e-08, 5.4130e-08,
         1.1168e-06, 3.0837e-08, 8.8378e-05, 1.0975e-03],
        [5.8133e-05, 9.9762e-01, 4.3400e-06, 2.6251e-06, 1.0776e-07, 1.1877e-06,
         4.5782e-06, 2.3192e-07, 7.9466e-06, 2.3003e-03],
        [1.1521e-02, 1.2400e-04, 9.4282e-01, 8.7231e-03, 2.1145e-03, 2.9534e-03,
         1.2301e-03, 1.4844e-02, 1.3495e-02, 2.1731e-03],
        [6.6649e-04, 5.8443e-05, 3.9889e-03, 4.8417e-04, 1.4689e-01, 5.0919e-03,
         3.5603e-04, 8.4236e-01, 2.0930e-05, 7.7066e-05],
        [4.9555e-03, 1.7941e-04, 1.0590e-02, 2.1745e-01, 2.6283e-02, 2.0685e-01,
         5.7025e-03, 5.2621e-01, 5.1948e-04, 1.2572e-03],
        [1.5723e-07, 1.0268e-07, 4.9447e-08, 6.4364e-08, 2.1611e-09, 7.9814e-10,
         3.8726e-08, 1.7391e-09, 1.0000e+00, 3.3074e-08],
        [6.4761e-06, 9.9718e-01, 4.5193e-08, 1.9501e-07, 1.3809e-08, 1.4452e-08,
         2.2223e-07, 2.3782e-08, 2.5648e-05, 2.7848e-03],
        [6.7006e-05, 3.2380e-06, 5.2428e-04, 2.3360e-03, 3.5263e-02, 1.3589e-01,
         3.9145e-05, 8.2586e-01, 5.1476e-06, 9.9665e-06],
        [1.0468e-05, 9.9702e-01, 6.0475e-06, 2.5262e-05, 5.2237e-07, 3.3389e-06,
         9.8905e-06, 1.4385e-06, 7.8443e-05, 2.8419e-03],
        [8.8178e-05, 1.0295e-03, 3.1273e-03, 1.7666e-02, 1.0325e-03, 2.5466e-03,
         9.6864e-01, 1.1810e-04, 5.5516e-03, 2.0373e-04],
        [1.9309e-03, 6.9889e-04, 1.5754e-03, 1.5054e-04, 5.7753e-04, 1.1927e-03,
         2.2775e-05, 9.9204e-01, 3.2491e-05, 1.7811e-03],
        [9.9426e-01, 7.8620e-05, 2.6896e-05, 1.7952e-06, 9.1487e-07, 4.1828e-08,
         2.6144e-07, 6.8536e-07, 2.9992e-03, 2.6364e-03],
        [2.9718e-02, 7.8842e-06, 9.6703e-01, 4.8859e-04, 1.4778e-03, 3.6204e-04,
         1.7524e-04, 6.1865e-04, 7.8980e-05, 3.7875e-05],
        [1.5281e-05, 1.4699e-03, 1.4683e-03, 3.6783e-03, 1.1699e-03, 6.1790e-03,
         9.8534e-01, 4.9322e-05, 9.3100e-05, 5.3952e-04],
        [3.9660e-03, 1.0218e-03, 1.8883e-02, 7.3526e-01, 8.0112e-03, 1.7811e-01,
         3.0142e-02, 1.7082e-02, 6.1188e-03, 1.4037e-03],
        [1.5543e-03, 5.7971e-04, 1.5249e-02, 7.4807e-01, 7.2339e-02, 1.0208e-01,
         1.4254e-02, 4.0399e-02, 2.9410e-03, 2.5345e-03],
        [9.9307e-01, 6.3603e-04, 2.0060e-03, 7.2400e-05, 7.8513e-05, 6.5943e-06,
         1.9540e-05, 1.2737e-04, 1.8762e-03, 2.1097e-03],
        [1.5066e-02, 2.3224e-03, 4.2319e-02, 1.3671e-01, 5.5768e-01, 8.8720e-02,
         1.2550e-01, 2.9398e-02, 6.4213e-04, 1.6462e-03],
        [3.8223e-04, 3.5996e-04, 8.9346e-06, 3.3369e-05, 1.6669e-06, 8.6500e-07,
         7.7135e-07, 3.0159e-06, 6.6635e-02, 9.3257e-01],
        [4.1299e-02, 1.1967e-03, 2.2313e-02, 4.2997e-01, 5.8617e-02, 3.8959e-01,
         4.6759e-03, 4.8587e-02, 8.5785e-04, 2.8938e-03],
        [6.8801e-04, 2.6009e-05, 4.5986e-04, 2.8010e-04, 2.9110e-03, 2.2734e-03,
         7.1443e-05, 9.9315e-01, 1.2616e-05, 1.2286e-04],
        [2.6548e-05, 4.9824e-04, 1.2871e-03, 4.0335e-03, 4.4879e-04, 6.9449e-04,
         9.9229e-01, 6.6015e-05, 6.3970e-05, 5.9256e-04],
        [5.9890e-05, 3.9629e-06, 1.0172e-05, 3.2992e-05, 1.5657e-06, 8.9467e-07,
         4.7032e-07, 1.9510e-06, 9.9883e-01, 1.0579e-03],
        [2.5682e-08, 9.8124e-01, 3.0820e-07, 3.5339e-07, 2.4609e-09, 6.1913e-08,
         5.8619e-08, 1.6124e-08, 2.0979e-06, 1.8761e-02],
        [6.8277e-05, 6.6886e-06, 5.9373e-03, 9.1287e-04, 1.1056e-03, 3.1390e-04,
         9.9153e-01, 6.7228e-05, 1.2709e-05, 4.4380e-05],
        [9.0992e-02, 1.8296e-03, 3.6316e-05, 7.4686e-06, 1.9836e-05, 5.2427e-07,
         2.3746e-06, 9.3012e-05, 2.3751e-03, 9.0464e-01],
        [6.1841e-05, 8.6893e-05, 2.2663e-03, 1.3848e-03, 1.2672e-03, 1.3450e-04,
         9.9453e-01, 2.6007e-05, 1.0007e-04, 1.3844e-04],
        [2.5129e-03, 2.7163e-04, 2.6569e-02, 1.0120e-01, 2.0758e-02, 3.2139e-01,
         8.4395e-04, 5.2348e-01, 3.7151e-04, 2.6012e-03],
        [1.1345e-02, 1.8585e-03, 4.2194e-01, 1.3568e-02, 5.0492e-01, 8.4733e-03,
         6.4421e-03, 2.5862e-02, 4.3846e-03, 1.2074e-03],
        [1.0751e-02, 2.6702e-03, 1.6792e-02, 7.5241e-01, 1.0313e-02, 1.7708e-01,
         1.2795e-02, 1.1787e-02, 8.2081e-04, 4.5807e-03],
        [9.2177e-04, 4.7652e-05, 1.3711e-02, 7.9745e-01, 1.2051e-01, 5.7521e-02,
         8.9587e-04, 6.0381e-03, 2.6734e-04, 2.6344e-03],
        [3.7971e-04, 8.5886e-05, 7.4284e-03, 4.5755e-02, 1.0489e-02, 4.2981e-03,
         9.3113e-01, 1.3622e-04, 2.5841e-04, 4.2590e-05],
        [4.1409e-03, 1.5404e-03, 1.0762e-01, 1.1250e-01, 1.5514e-01, 2.7466e-01,
         3.0152e-01, 3.7612e-02, 2.5090e-04, 5.0167e-03],
        [2.8351e-06, 8.1274e-07, 8.6541e-05, 9.9498e-01, 1.9849e-04, 4.5376e-03,
         1.4577e-04, 3.6700e-05, 1.0387e-05, 6.4509e-07],
        [8.7102e-04, 3.9940e-04, 1.5899e-02, 2.3045e-02, 1.6077e-02, 2.0335e-03,
         9.3628e-01, 2.1155e-03, 2.2918e-03, 9.9280e-04],
        [8.9107e-03, 4.1119e-03, 4.3445e-03, 5.0804e-03, 6.2999e-04, 1.8011e-03,
         4.2061e-03, 1.8295e-04, 9.7004e-01, 6.9102e-04],
        [5.6809e-07, 3.7222e-06, 2.5838e-04, 1.9269e-04, 2.2969e-04, 4.7404e-05,
         9.9926e-01, 2.6249e-06, 9.3460e-07, 4.9529e-06],
        [2.5481e-05, 1.8256e-06, 2.9788e-03, 2.4141e-03, 9.7044e-01, 1.6111e-02,
         7.9373e-04, 7.2216e-03, 6.0700e-06, 1.0020e-05],
        [4.1981e-04, 9.9308e-05, 1.2699e-02, 3.9480e-01, 1.0637e-02, 5.4897e-01,
         5.3681e-04, 3.0289e-02, 7.5464e-05, 1.4696e-03],
        [5.7914e-02, 6.2822e-03, 4.1782e-01, 8.4969e-02, 2.6883e-02, 1.0809e-01,
         1.9703e-01, 8.6876e-02, 1.0789e-02, 3.3493e-03],
        [1.0562e-08, 2.2725e-10, 9.9647e-06, 1.5326e-05, 9.9178e-01, 7.5660e-03,
         5.9043e-07, 6.3125e-04, 1.4032e-09, 2.0526e-09],
        [5.1491e-04, 2.6499e-04, 1.3637e-06, 4.5015e-07, 3.3193e-07, 3.0285e-08,
         1.6689e-07, 5.8107e-07, 1.9591e-04, 9.9902e-01],
        [2.6611e-03, 5.6232e-06, 9.8915e-01, 3.2192e-03, 3.2594e-03, 8.2968e-04,
         3.3175e-04, 3.2584e-04, 1.9429e-04, 2.3170e-05],
        [2.3038e-03, 5.9494e-04, 9.9923e-03, 4.8371e-02, 1.5017e-03, 7.6947e-03,
         9.2715e-01, 2.8769e-04, 1.7467e-04, 1.9315e-03],
        [3.7004e-05, 5.7457e-05, 4.9199e-04, 8.6314e-04, 2.0552e-03, 1.9900e-04,
         9.9614e-01, 1.1178e-05, 7.9635e-05, 6.5424e-05],
        [1.4361e-01, 9.0471e-06, 8.4268e-01, 1.0191e-03, 8.1976e-03, 7.1615e-04,
         7.6289e-04, 2.2996e-03, 6.4912e-04, 5.8019e-05],
        [9.6369e-01, 2.9758e-03, 5.0225e-04, 8.7076e-05, 7.1102e-05, 1.5624e-06,
         1.2736e-05, 4.9468e-06, 3.0009e-02, 2.6487e-03],
        [5.7552e-04, 2.2915e-03, 2.9962e-04, 1.1351e-03, 1.8457e-04, 1.8516e-04,
         1.8944e-05, 1.3053e-03, 1.5415e-02, 9.7859e-01],
        [1.2994e-02, 2.7076e-03, 1.0090e-02, 1.6721e-01, 5.2283e-03, 5.7423e-01,
         1.4703e-02, 1.0779e-01, 7.8970e-03, 9.7152e-02],
        [6.7406e-05, 4.4049e-05, 6.8240e-03, 8.9203e-02, 1.6512e-04, 4.2727e-03,
         8.9916e-01, 1.7320e-04, 5.7037e-05, 3.2574e-05],
        [5.7077e-03, 3.0755e-04, 1.5560e-02, 6.7144e-03, 8.4439e-03, 2.3178e-02,
         1.0783e-03, 9.3731e-01, 3.7630e-04, 1.3250e-03],
        [1.2567e-03, 6.8260e-03, 1.7193e-01, 2.1589e-02, 6.4312e-01, 3.7755e-02,
         8.9701e-02, 2.2456e-02, 1.3907e-03, 3.9834e-03],
        [8.0171e-08, 3.9842e-07, 1.4383e-05, 6.9147e-06, 9.9861e-07, 7.8278e-07,
         9.9998e-01, 9.6081e-09, 3.0388e-07, 1.5155e-07],
        [4.9698e-01, 8.0606e-05, 4.8153e-01, 9.7162e-04, 1.1105e-02, 2.8656e-04,
         6.5857e-04, 1.7943e-04, 8.0139e-03, 1.9996e-04],
        [1.7392e-03, 1.6933e-03, 3.9932e-01, 6.7065e-02, 3.5010e-01, 1.2144e-02,
         1.3070e-01, 1.3757e-02, 1.0981e-03, 2.2384e-02],
        [4.5775e-04, 9.7433e-05, 1.0290e-01, 2.1618e-01, 3.5464e-01, 2.7400e-01,
         9.5459e-03, 4.0654e-02, 7.7850e-04, 7.6118e-04],
        [1.5324e-03, 1.4409e-04, 3.5537e-01, 1.5396e-02, 2.3412e-01, 8.7721e-02,
         6.8111e-04, 3.0440e-01, 1.7505e-04, 4.6092e-04],
        [9.1863e-04, 3.8206e-04, 9.4472e-01, 1.4934e-02, 2.4946e-03, 2.0298e-02,
         8.0857e-03, 7.7994e-03, 1.6079e-04, 2.1010e-04],
        [3.7891e-08, 9.9927e-01, 8.2974e-08, 1.2351e-07, 2.7767e-09, 2.0931e-08,
         1.9859e-07, 5.8345e-09, 3.6614e-06, 7.2472e-04],
        [3.0939e-05, 1.5891e-06, 4.6965e-05, 3.2296e-05, 2.9589e-04, 6.3854e-04,
         1.3954e-06, 9.9892e-01, 1.1471e-05, 2.4575e-05],
        [8.3485e-01, 3.9687e-05, 1.5486e-01, 5.5404e-04, 7.7195e-03, 1.1491e-04,
         1.2549e-03, 4.3018e-05, 5.3530e-04, 2.3015e-05],
        [1.2683e-06, 1.0417e-07, 1.3257e-04, 1.6551e-05, 9.9962e-01, 1.3770e-04,
         1.1782e-06, 9.0527e-05, 1.7415e-07, 6.6532e-08],
        [3.0150e-01, 7.9824e-03, 4.0765e-04, 1.8069e-03, 3.3100e-04, 6.8887e-05,
         3.5123e-05, 8.1368e-04, 3.6781e-03, 6.8337e-01],
        [2.8070e-02, 8.2062e-05, 5.1877e-02, 2.3446e-01, 2.5392e-03, 6.7008e-01,
         1.3933e-03, 1.1102e-02, 2.6286e-04, 1.3358e-04]],
       device='cuda:0', grad_fn=<SoftmaxBackward>)
>> best accuracy: 82.8	best epoch: 5

>> final recovery rate: 100.0%
>> val epoch: 10
>> current accuracy: 86.04%
outputs: tensor([[1.2669e-06, 9.3456e-10, 9.9999e-01, 1.0793e-06, 7.2877e-07, 4.1555e-07,
         2.0158e-06, 8.2523e-08, 1.5542e-07, 1.4715e-09],
        [4.8374e-09, 7.8263e-05, 2.9375e-10, 8.4176e-08, 5.0269e-11, 8.3975e-09,
         5.4029e-10, 6.9532e-11, 7.9889e-08, 9.9992e-01],
        [1.6675e-02, 8.1575e-03, 1.2016e-02, 1.7388e-02, 2.5722e-02, 1.1152e-02,
         2.3788e-03, 8.9721e-01, 5.3959e-04, 8.7604e-03],
        [7.3731e-02, 3.6395e-06, 9.2420e-01, 5.6937e-04, 1.8105e-04, 5.3882e-05,
         3.5546e-04, 1.7121e-05, 8.8145e-04, 9.1683e-06],
        [3.0277e-03, 4.0139e-04, 5.1464e-04, 6.0095e-04, 2.9848e-04, 1.9315e-04,
         9.9654e-05, 9.9439e-01, 5.2820e-05, 4.2210e-04],
        [1.4534e-04, 1.1965e-06, 9.9021e-01, 1.0264e-03, 4.4737e-05, 2.5641e-04,
         8.2719e-03, 3.9153e-05, 3.4630e-06, 5.4710e-06],
        [8.3189e-05, 2.4183e-06, 5.3056e-07, 1.9901e-06, 3.0676e-07, 2.7292e-07,
         5.1831e-08, 8.8698e-07, 9.9990e-01, 1.3938e-05],
        [7.3337e-06, 1.5943e-06, 3.0671e-04, 4.3919e-04, 9.9798e-01, 4.2137e-04,
         1.2071e-05, 8.2792e-04, 2.5676e-07, 2.7748e-06],
        [5.4330e-06, 9.4039e-06, 6.7245e-08, 2.2017e-05, 8.5301e-09, 1.8790e-06,
         3.7546e-08, 2.6167e-07, 9.9990e-01, 6.3258e-05],
        [5.3742e-07, 9.9965e-01, 3.0127e-08, 8.8892e-08, 4.9782e-10, 6.1180e-09,
         6.6579e-08, 5.8735e-09, 4.4041e-05, 3.0438e-04],
        [1.3096e-01, 3.2468e-02, 7.4503e-01, 5.0061e-02, 3.2928e-03, 2.6977e-03,
         4.4681e-03, 1.3945e-03, 1.8907e-02, 1.0725e-02],
        [6.0036e-03, 6.4329e-02, 5.2208e-03, 1.8224e-01, 3.8197e-03, 3.4096e-02,
         1.4098e-02, 3.1525e-02, 5.7725e-04, 6.5809e-01],
        [2.7826e-01, 2.1018e-02, 1.7828e-02, 8.9498e-02, 4.6204e-01, 3.2035e-02,
         5.2319e-02, 7.0726e-03, 3.5174e-02, 4.7550e-03],
        [1.1286e-01, 2.7245e-04, 1.7724e-02, 7.1863e-01, 2.1569e-03, 8.4276e-03,
         1.3607e-01, 6.0662e-04, 2.8125e-03, 4.5031e-04],
        [4.4281e-02, 1.7726e-05, 9.4968e-01, 7.1717e-04, 1.7560e-04, 1.7175e-04,
         2.7327e-03, 3.6108e-04, 1.8125e-03, 4.6268e-05],
        [7.4880e-03, 8.7255e-04, 7.3408e-03, 1.6028e-03, 1.3993e-03, 3.4176e-04,
         4.8633e-03, 1.8134e-04, 5.6904e-04, 9.7534e-01],
        [1.7949e-03, 1.0640e-04, 1.3122e-03, 1.3537e-01, 6.0989e-04, 8.4535e-01,
         8.1284e-04, 1.4347e-02, 4.5621e-05, 2.4837e-04],
        [1.4049e-07, 2.8991e-08, 1.7260e-05, 2.6919e-06, 9.9992e-01, 1.4876e-05,
         1.8835e-07, 4.6902e-05, 5.7972e-09, 1.8239e-08],
        [1.9149e-06, 2.3082e-08, 9.9982e-01, 2.6961e-05, 1.1182e-04, 1.1790e-05,
         1.8061e-05, 8.5061e-06, 7.2192e-07, 6.8162e-08],
        [7.0714e-03, 6.9277e-04, 8.6825e-01, 1.1097e-01, 2.4993e-03, 6.2834e-03,
         2.8169e-03, 7.4272e-04, 5.8134e-04, 8.8770e-05],
        [7.7762e-04, 5.4013e-05, 9.5862e-01, 3.1018e-02, 1.4992e-04, 1.9149e-03,
         6.3908e-03, 6.3693e-04, 4.0954e-04, 2.8012e-05],
        [9.7529e-05, 2.8458e-04, 3.8442e-05, 7.8855e-01, 2.5167e-04, 2.1029e-01,
         1.2827e-04, 2.3497e-04, 2.8135e-05, 9.9914e-05],
        [4.1301e-05, 1.3239e-04, 1.4079e-04, 8.2588e-01, 5.3253e-03, 1.6597e-01,
         1.4477e-04, 2.2030e-03, 4.1305e-05, 1.2310e-04],
        [6.5527e-05, 4.6788e-03, 1.9193e-03, 1.6082e-01, 2.3964e-03, 5.1144e-02,
         7.5958e-01, 5.9911e-03, 1.2197e-02, 1.2090e-03],
        [1.4222e-03, 1.0216e-03, 3.3122e-04, 2.9330e-03, 1.8105e-02, 3.1972e-04,
         9.5595e-01, 4.5222e-04, 1.6300e-02, 3.1656e-03],
        [9.9995e-01, 8.4130e-07, 1.5057e-05, 9.3713e-08, 1.6511e-06, 8.6562e-09,
         4.6915e-08, 8.3604e-08, 1.4160e-05, 1.6415e-05],
        [2.0323e-01, 3.5597e-02, 1.9065e-02, 2.1096e-01, 3.1587e-02, 1.9613e-02,
         2.9760e-02, 1.1366e-01, 3.2131e-01, 1.5217e-02],
        [2.7738e-05, 3.8472e-05, 1.2818e-04, 7.3340e-05, 8.4511e-05, 5.7279e-04,
         9.0913e-05, 9.9896e-01, 4.2733e-07, 2.2995e-05],
        [2.6087e-02, 3.5995e-03, 9.2266e-02, 7.1600e-01, 1.5799e-03, 9.2536e-02,
         2.0741e-02, 1.1818e-02, 6.8377e-03, 2.8530e-02],
        [5.3147e-04, 9.7023e-03, 5.9106e-04, 4.7209e-03, 3.0919e-02, 2.4787e-04,
         9.3630e-01, 2.3198e-04, 6.0200e-04, 1.6154e-02],
        [2.6938e-04, 1.1330e-03, 1.2471e-02, 2.3539e-01, 1.4790e-01, 2.2857e-01,
         3.0903e-01, 6.3977e-02, 1.2443e-04, 1.1361e-03],
        [1.5314e-06, 2.9273e-06, 1.7674e-05, 1.6159e-05, 4.5467e-02, 1.6864e-04,
         3.5506e-06, 9.5432e-01, 9.0958e-08, 7.7026e-07],
        [2.8314e-10, 6.7615e-10, 2.0443e-09, 1.2404e-08, 2.6456e-06, 7.3186e-07,
         1.5021e-09, 1.0000e+00, 7.8053e-12, 1.1377e-10],
        [3.6726e-02, 5.3753e-04, 1.0303e-02, 2.7964e-03, 3.5561e-03, 6.1957e-03,
         1.4693e-03, 9.3784e-01, 3.1824e-05, 5.4910e-04],
        [7.8225e-04, 3.2546e-05, 1.8296e-05, 1.0739e-05, 8.3894e-07, 4.5484e-06,
         8.0681e-06, 2.3446e-06, 9.9898e-01, 1.5778e-04],
        [3.4069e-01, 5.7701e-03, 1.0675e-01, 5.6813e-03, 5.4478e-02, 5.4173e-03,
         4.6160e-03, 3.6234e-02, 4.2835e-01, 1.2009e-02],
        [1.5941e-06, 3.2898e-07, 1.6612e-04, 4.1651e-05, 1.4361e-05, 2.0604e-06,
         9.9977e-01, 4.0232e-08, 1.1409e-07, 3.3245e-07],
        [3.6285e-05, 9.2783e-07, 1.2459e-05, 9.9229e-01, 4.1910e-04, 7.1063e-03,
         2.4942e-05, 9.2095e-05, 1.2274e-05, 3.8832e-06],
        [4.1591e-06, 1.4252e-05, 1.4546e-04, 2.4595e-04, 3.4270e-05, 3.2528e-05,
         9.9949e-01, 4.9167e-06, 5.5429e-06, 1.9431e-05],
        [3.5073e-08, 9.9999e-01, 3.5175e-10, 4.4533e-09, 8.7976e-11, 1.7735e-10,
         4.0064e-10, 2.1992e-11, 5.6200e-07, 7.5050e-06],
        [7.6944e-08, 2.8918e-02, 8.3754e-10, 1.1710e-08, 3.8363e-11, 2.6860e-09,
         7.8899e-09, 1.5298e-10, 2.7056e-07, 9.7108e-01],
        [6.2172e-03, 1.8557e-04, 9.3891e-01, 3.8937e-03, 2.3325e-03, 1.6134e-03,
         4.5736e-02, 3.6209e-04, 6.6585e-04, 8.2138e-05],
        [9.9821e-01, 2.3319e-06, 1.4990e-03, 5.5162e-06, 9.9621e-06, 7.6110e-07,
         9.1848e-05, 6.2803e-06, 1.5078e-04, 2.3806e-05],
        [9.5756e-01, 2.0648e-03, 2.2877e-03, 3.2429e-03, 2.3922e-02, 1.3398e-03,
         1.3189e-03, 2.2150e-03, 4.7804e-03, 1.2675e-03],
        [7.1313e-08, 4.2375e-07, 4.4047e-06, 7.5282e-04, 1.4978e-07, 9.9924e-01,
         4.1668e-06, 8.8560e-07, 1.9353e-07, 7.2552e-08],
        [8.9385e-01, 2.2449e-04, 4.9860e-02, 4.5001e-02, 1.5459e-03, 4.8055e-03,
         2.0446e-03, 4.5378e-04, 1.6090e-03, 6.0220e-04],
        [8.9708e-05, 4.3071e-04, 8.0195e-07, 3.6799e-06, 3.6293e-07, 9.8999e-07,
         6.2206e-07, 1.4843e-06, 9.9946e-01, 1.2557e-05],
        [1.9146e-04, 1.5204e-01, 5.6084e-05, 1.3667e-04, 3.6359e-07, 1.5344e-04,
         8.2607e-05, 5.7792e-06, 2.1534e-05, 8.4731e-01],
        [2.7260e-06, 2.0455e-07, 6.5856e-09, 9.5811e-09, 9.7508e-10, 3.5026e-09,
         1.4501e-09, 3.7340e-08, 1.0000e+00, 4.4865e-07],
        [7.6641e-06, 2.6699e-05, 3.2309e-04, 5.3428e-03, 1.0236e-04, 9.9389e-01,
         4.2361e-05, 2.2656e-04, 1.2723e-05, 2.6433e-05],
        [1.0687e-07, 1.3212e-07, 5.7587e-05, 2.7664e-04, 9.9371e-01, 3.2621e-03,
         1.3170e-05, 2.6830e-03, 2.7597e-08, 1.6853e-07],
        [6.5936e-05, 1.5790e-06, 1.2550e-04, 1.5395e-03, 9.9689e-01, 1.2967e-03,
         4.1035e-05, 3.5219e-05, 1.0211e-06, 1.3285e-06],
        [2.4279e-03, 6.6964e-05, 1.6087e-03, 4.3117e-04, 9.9214e-01, 1.5549e-04,
         2.2800e-05, 2.4286e-04, 2.8161e-03, 9.1560e-05],
        [2.5236e-04, 9.9942e-01, 1.5409e-05, 2.2200e-05, 8.7364e-08, 1.4566e-06,
         1.3050e-06, 5.4598e-07, 1.5710e-05, 2.7346e-04],
        [4.1979e-09, 9.9988e-01, 2.0730e-10, 1.6333e-09, 1.0777e-11, 1.4847e-10,
         1.4213e-09, 1.3369e-10, 1.0553e-08, 1.1885e-04],
        [2.4096e-05, 2.9877e-06, 3.5485e-06, 5.4166e-03, 7.2216e-05, 1.2665e-02,
         5.9946e-06, 9.8180e-01, 4.8371e-06, 5.8914e-06],
        [2.9418e-05, 7.2125e-06, 4.4013e-05, 9.1211e-04, 1.9612e-02, 2.3363e-02,
         3.1425e-05, 9.5596e-01, 3.1573e-06, 3.6353e-05],
        [1.7566e-03, 7.0613e-04, 5.4480e-01, 1.7602e-01, 3.2777e-02, 2.2160e-01,
         2.2945e-03, 9.0130e-03, 1.0169e-02, 8.5992e-04],
        [4.5398e-08, 1.6112e-03, 1.9131e-09, 1.3781e-08, 3.4676e-11, 1.3529e-08,
         1.1704e-08, 2.2610e-10, 1.4551e-08, 9.9839e-01],
        [9.6432e-04, 3.3598e-02, 7.5891e-04, 1.4276e-01, 4.9686e-03, 2.9646e-03,
         8.0833e-01, 2.2514e-04, 4.0837e-03, 1.3503e-03],
        [2.2314e-05, 1.0765e-04, 1.6647e-02, 2.9911e-02, 2.9232e-04, 1.7623e-02,
         6.1173e-05, 9.3519e-01, 8.5742e-05, 6.3457e-05],
        [4.2602e-03, 6.9254e-05, 7.8556e-03, 5.4042e-01, 3.6962e-03, 2.1367e-01,
         3.6695e-03, 2.2608e-01, 4.6048e-05, 2.2946e-04],
        [2.4616e-01, 3.4095e-03, 4.1843e-01, 7.2855e-02, 9.4042e-03, 1.1467e-01,
         1.2080e-01, 4.4030e-03, 3.9617e-03, 5.9119e-03],
        [2.8641e-04, 4.2433e-04, 9.8200e-03, 6.6380e-01, 2.2715e-02, 1.5752e-01,
         8.4474e-02, 6.0352e-02, 1.6743e-04, 4.3930e-04],
        [2.1100e-02, 2.4764e-04, 2.1695e-01, 7.9793e-03, 7.4553e-01, 2.1821e-03,
         2.7717e-03, 5.0518e-04, 2.5728e-03, 1.6325e-04],
        [1.7569e-04, 7.2137e-03, 4.6217e-04, 5.9848e-04, 3.9382e-05, 4.6269e-05,
         8.1928e-06, 2.7327e-05, 8.5726e-04, 9.9057e-01],
        [1.4001e-04, 5.5897e-05, 1.4581e-03, 9.8609e-04, 9.0029e-01, 1.2204e-03,
         3.2464e-05, 9.5789e-02, 5.2019e-06, 2.4262e-05],
        [2.3392e-06, 9.1097e-07, 1.5475e-03, 2.8933e-03, 9.7910e-01, 1.9252e-03,
         1.4380e-02, 1.3358e-04, 5.8000e-06, 1.1576e-05],
        [9.9898e-01, 1.2779e-04, 2.3189e-04, 2.9208e-04, 2.8586e-05, 7.9522e-05,
         1.4261e-04, 2.0542e-05, 1.8667e-05, 8.0445e-05],
        [9.6747e-05, 2.5404e-04, 1.7263e-03, 2.9273e-02, 2.0974e-04, 3.0807e-04,
         9.6760e-01, 2.2144e-04, 1.9368e-04, 1.1421e-04],
        [4.2050e-04, 3.4056e-04, 3.4416e-03, 7.8215e-01, 1.6639e-02, 1.0963e-01,
         8.6420e-02, 6.1365e-04, 1.4740e-04, 1.9713e-04],
        [4.4526e-02, 1.3442e-04, 3.3602e-02, 1.2388e-01, 7.6309e-01, 1.5857e-02,
         1.5470e-02, 1.2544e-03, 1.6224e-03, 5.7095e-04]],
       device='cuda:0', grad_fn=<SoftmaxBackward>)
>> best accuracy: 86.04	best epoch: 10

>> final recovery rate: 100.0%
>> val epoch: 15
>> current accuracy: 88.74%
outputs: tensor([[1.3220e-05, 9.8708e-01, 6.8038e-06, 3.5531e-04, 2.2416e-06, 2.6890e-03,
         7.6674e-05, 2.8847e-06, 1.9497e-04, 9.5797e-03],
        [7.1993e-06, 1.3836e-06, 6.8325e-05, 4.9592e-05, 9.9967e-01, 1.3353e-04,
         6.6921e-05, 9.6024e-07, 1.2127e-06, 9.2236e-07],
        [9.9993e-01, 1.2408e-06, 6.4314e-05, 1.7095e-07, 3.1863e-06, 1.7277e-07,
         1.0131e-07, 1.6339e-07, 1.0126e-06, 1.4343e-06],
        [4.4888e-03, 3.2958e-05, 4.0810e-05, 3.1838e-05, 8.4873e-06, 1.1950e-05,
         5.0284e-06, 2.9567e-06, 9.9498e-01, 3.9273e-04],
        [7.2000e-07, 4.7540e-07, 6.3591e-05, 9.3852e-01, 2.4682e-02, 3.3965e-02,
         3.8794e-04, 2.3770e-03, 6.7038e-07, 6.2226e-07],
        [1.9360e-03, 1.0014e-02, 4.8383e-04, 5.6499e-01, 5.0663e-02, 3.4351e-01,
         1.3563e-04, 2.3602e-02, 4.9087e-04, 4.1698e-03],
        [9.3006e-09, 1.3899e-09, 2.1697e-09, 1.0036e-06, 1.5690e-06, 5.8763e-06,
         1.8902e-08, 9.9999e-01, 2.2579e-09, 1.6255e-09],
        [9.9651e-03, 3.5963e-03, 1.8986e-02, 6.2732e-03, 8.0945e-04, 1.1724e-03,
         2.6313e-03, 3.5386e-04, 9.5582e-01, 3.9011e-04],
        [4.8424e-04, 2.0105e-05, 2.6487e-06, 6.8793e-06, 4.1162e-05, 4.1011e-06,
         2.6035e-05, 4.0942e-05, 9.9936e-01, 1.7277e-05],
        [4.0195e-06, 9.2608e-07, 5.7094e-06, 4.8749e-05, 3.4448e-05, 7.4776e-07,
         9.9988e-01, 7.4709e-07, 1.2146e-05, 1.6931e-05],
        [3.6666e-04, 1.2741e-04, 1.6879e-02, 7.6336e-02, 2.0813e-01, 3.2047e-01,
         4.4310e-03, 3.7306e-01, 3.0761e-05, 1.7223e-04],
        [1.4655e-03, 1.7465e-03, 1.5070e-03, 2.6759e-03, 1.2110e-03, 2.0811e-04,
         9.8890e-01, 1.4441e-04, 3.8464e-04, 1.7612e-03],
        [9.9813e-01, 9.1358e-07, 1.8106e-03, 1.9536e-05, 6.2362e-06, 8.9145e-07,
         5.0214e-06, 1.1544e-07, 2.5993e-05, 1.4788e-06],
        [3.7822e-05, 9.9951e-01, 8.3491e-05, 1.5519e-04, 6.0714e-07, 2.0062e-05,
         1.1631e-05, 1.1089e-05, 7.8489e-05, 9.4493e-05],
        [1.1657e-04, 7.1256e-07, 9.9760e-01, 4.5658e-05, 4.1567e-05, 4.3395e-05,
         1.2873e-03, 8.4647e-04, 1.2414e-05, 5.2210e-06],
        [3.0880e-09, 1.0000e+00, 1.6742e-10, 5.1021e-10, 1.6348e-12, 8.2212e-11,
         2.4819e-09, 1.9840e-12, 4.6596e-08, 1.0452e-06],
        [1.5796e-04, 1.0610e-03, 6.4761e-03, 5.7831e-03, 1.5478e-02, 1.2191e-02,
         1.0647e-03, 9.5694e-01, 5.3799e-05, 7.9620e-04],
        [1.9546e-08, 1.0000e+00, 4.9073e-10, 1.9117e-10, 5.1289e-12, 6.8715e-11,
         3.4363e-10, 7.9365e-12, 3.5509e-09, 4.9556e-08],
        [1.6138e-06, 1.4605e-07, 1.1731e-05, 6.1891e-04, 2.8115e-05, 1.5155e-03,
         7.7374e-06, 9.9782e-01, 8.7585e-08, 3.9711e-07],
        [4.7790e-06, 4.4643e-06, 1.4445e-10, 2.3129e-09, 1.6865e-10, 4.9588e-10,
         1.7521e-09, 1.1597e-09, 6.6125e-07, 9.9999e-01],
        [1.3362e-05, 1.6073e-05, 2.2313e-05, 9.7750e-04, 5.1257e-05, 4.8376e-03,
         3.3386e-05, 9.9402e-01, 8.4562e-06, 1.8052e-05],
        [5.9829e-05, 1.0071e-04, 1.9145e-03, 2.4335e-04, 3.4378e-04, 3.7149e-03,
         9.7941e-01, 1.5316e-05, 1.4122e-02, 7.2876e-05],
        [9.7342e-01, 1.0847e-02, 2.7359e-03, 9.0294e-04, 2.1254e-04, 8.2847e-05,
         2.5853e-04, 1.2330e-03, 7.6346e-03, 2.6757e-03],
        [1.6287e-05, 1.5544e-06, 8.3488e-06, 1.2698e-04, 5.6232e-05, 1.0888e-04,
         3.3454e-05, 9.9964e-01, 1.6688e-06, 5.4219e-06],
        [8.1195e-05, 9.9951e-01, 1.7116e-05, 2.6660e-05, 2.0779e-07, 2.0454e-05,
         8.6762e-07, 9.8078e-06, 3.0437e-05, 3.0215e-04],
        [3.3495e-05, 7.4556e-05, 3.0524e-05, 3.9188e-04, 7.5327e-05, 2.7604e-05,
         9.9916e-01, 1.1706e-06, 7.0416e-05, 1.3041e-04],
        [1.1103e-02, 4.8562e-05, 2.2096e-04, 9.1389e-01, 3.8287e-03, 6.5211e-02,
         8.9937e-05, 5.0398e-03, 3.6454e-04, 2.0805e-04],
        [7.7904e-07, 1.2417e-07, 6.3261e-05, 2.8343e-04, 2.6229e-05, 9.9960e-01,
         5.4033e-06, 1.9038e-05, 2.0179e-07, 4.6623e-07],
        [5.1165e-05, 8.7247e-06, 3.6327e-04, 9.8312e-01, 1.3670e-04, 1.5790e-02,
         9.6669e-05, 2.5089e-04, 1.7226e-04, 9.8757e-06],
        [8.1053e-07, 2.2269e-08, 2.2617e-04, 2.0329e-06, 9.9958e-01, 2.4382e-05,
         1.1011e-07, 1.6544e-04, 3.2503e-08, 3.9858e-08],
        [1.3602e-01, 2.1515e-05, 8.4122e-01, 1.2201e-02, 4.9782e-04, 4.5061e-03,
         3.9501e-03, 1.0013e-03, 5.0306e-04, 7.7636e-05],
        [6.2871e-06, 8.4565e-07, 6.8525e-04, 1.2496e-02, 9.0516e-01, 2.3364e-03,
         7.9131e-02, 1.4937e-04, 2.5359e-05, 1.3944e-05],
        [2.5774e-07, 1.4444e-07, 1.8971e-06, 1.0424e-05, 5.8017e-07, 2.8483e-06,
         9.9998e-01, 4.4477e-07, 3.0085e-07, 6.6051e-07],
        [9.3593e-03, 3.0786e-02, 5.7679e-07, 1.3627e-03, 1.8561e-06, 4.4611e-05,
         3.1873e-06, 4.5954e-06, 4.2523e-04, 9.5801e-01],
        [7.6861e-05, 3.5428e-05, 7.5911e-03, 3.8118e-02, 1.3512e-03, 8.8632e-01,
         5.6834e-02, 9.6348e-03, 1.3025e-05, 3.0679e-05],
        [1.1335e-05, 7.0718e-04, 8.7195e-08, 1.9718e-06, 1.9011e-06, 1.6006e-06,
         3.6020e-06, 4.3875e-06, 1.0405e-06, 9.9927e-01],
        [4.3186e-01, 3.0889e-06, 5.6699e-01, 1.4606e-04, 1.3769e-04, 2.4255e-05,
         5.0185e-04, 9.3262e-06, 2.9820e-04, 2.8873e-05],
        [6.8879e-04, 9.0898e-02, 9.7090e-05, 2.9171e-03, 1.0500e-05, 1.3967e-04,
         5.1734e-04, 9.4863e-05, 9.0201e-01, 2.6274e-03],
        [7.3545e-07, 1.6759e-05, 4.2994e-10, 4.0088e-08, 1.8396e-11, 2.0636e-09,
         4.8948e-10, 2.9670e-10, 6.2085e-07, 9.9998e-01],
        [1.3076e-04, 6.6439e-04, 2.7774e-04, 9.4918e-01, 9.2697e-04, 4.6686e-02,
         2.2303e-04, 1.6138e-03, 6.5251e-05, 2.3345e-04],
        [3.9619e-04, 1.7597e-04, 2.0605e-03, 9.9015e-01, 2.7649e-03, 2.5901e-03,
         7.3316e-04, 1.5896e-04, 8.9501e-04, 7.4149e-05],
        [5.3882e-06, 4.6997e-07, 9.9976e-01, 9.6417e-06, 1.0024e-05, 1.9978e-04,
         9.5680e-06, 4.7545e-06, 2.0057e-07, 2.0125e-07],
        [1.0870e-05, 4.5685e-04, 1.3922e-07, 3.4416e-05, 4.7763e-08, 4.4180e-06,
         5.0360e-06, 1.8629e-05, 8.2188e-07, 9.9947e-01],
        [9.3447e-04, 9.4648e-05, 1.8239e-01, 2.1414e-01, 2.0829e-02, 4.8293e-02,
         5.2524e-01, 7.3008e-03, 6.7163e-04, 1.0721e-04],
        [9.7946e-01, 4.9776e-05, 9.2235e-03, 6.6629e-05, 1.6868e-05, 1.9255e-05,
         9.2266e-04, 3.0823e-04, 1.6652e-03, 8.2696e-03],
        [3.9192e-06, 9.6626e-07, 1.0530e-03, 9.2884e-04, 2.0329e-04, 3.5564e-05,
         9.9775e-01, 2.3652e-06, 1.9466e-05, 2.1251e-06],
        [1.7945e-02, 2.5232e-02, 2.0875e-05, 1.2318e-04, 3.0290e-05, 7.4282e-06,
         5.1158e-05, 1.0502e-05, 9.5123e-01, 5.3464e-03],
        [9.6586e-01, 4.9510e-04, 3.1525e-02, 8.7981e-05, 4.3264e-05, 2.5863e-05,
         4.0884e-04, 1.2760e-06, 1.3630e-03, 1.8877e-04],
        [5.1213e-05, 9.9564e-01, 2.8317e-06, 4.5847e-05, 2.4585e-07, 2.9636e-05,
         4.5770e-06, 8.0409e-07, 9.8343e-06, 4.2116e-03],
        [1.7941e-03, 2.6679e-04, 8.7069e-04, 5.3954e-03, 2.5784e-04, 2.2620e-03,
         5.3721e-03, 4.7133e-04, 9.8309e-01, 2.2015e-04],
        [6.0494e-03, 1.2208e-05, 5.4753e-07, 1.3244e-06, 3.5560e-07, 2.9029e-07,
         7.0337e-07, 1.5381e-06, 4.0379e-05, 9.9389e-01],
        [9.8332e-06, 2.7429e-06, 2.9337e-04, 9.0926e-03, 2.6788e-05, 8.7706e-01,
         1.3931e-05, 1.1350e-01, 8.1645e-07, 1.8123e-06],
        [3.3808e-05, 2.7749e-05, 2.3436e-03, 1.9160e-02, 2.1710e-02, 9.4868e-01,
         7.8877e-03, 7.8028e-05, 1.5216e-05, 5.9439e-05],
        [2.0361e-05, 1.0862e-06, 2.3196e-10, 7.2360e-09, 8.8223e-11, 1.0682e-09,
         3.0872e-09, 6.4153e-10, 7.4940e-08, 9.9998e-01],
        [9.9975e-01, 2.5980e-06, 1.8783e-04, 2.2948e-06, 9.3327e-06, 7.1780e-07,
         3.3777e-06, 1.1386e-06, 3.6729e-05, 3.0473e-06],
        [2.2109e-07, 3.3330e-08, 2.3227e-07, 4.8010e-04, 3.2917e-06, 9.9951e-01,
         4.9891e-07, 6.0725e-06, 4.2557e-08, 3.3669e-08],
        [4.6246e-01, 3.4033e-04, 5.1737e-01, 1.4207e-02, 1.5916e-04, 8.4306e-04,
         3.0045e-04, 4.0171e-04, 3.6726e-03, 2.4261e-04],
        [1.3477e-06, 4.6701e-07, 2.5789e-05, 3.1282e-05, 7.2942e-03, 1.4018e-03,
         1.3967e-04, 9.9110e-01, 9.4060e-07, 5.8056e-07],
        [1.8559e-07, 2.3039e-08, 2.9878e-05, 4.3699e-06, 9.8537e-01, 7.6156e-04,
         9.4072e-07, 1.3836e-02, 3.1973e-08, 5.5333e-08],
        [7.0134e-06, 1.6039e-06, 1.6645e-05, 5.7271e-03, 1.8174e-04, 9.9384e-01,
         5.0313e-06, 2.2006e-04, 4.7169e-07, 1.2942e-06],
        [1.2917e-07, 4.6055e-09, 6.4635e-08, 5.1510e-08, 8.1015e-04, 6.4857e-06,
         1.2153e-08, 9.9918e-01, 5.3989e-09, 6.5336e-09],
        [1.7064e-07, 2.8858e-09, 1.5489e-10, 1.4512e-10, 3.3616e-11, 7.6494e-10,
         2.0361e-09, 4.1757e-11, 1.0000e+00, 4.5021e-08],
        [5.7632e-03, 6.6079e-04, 2.7683e-06, 3.8539e-06, 2.4928e-05, 3.2651e-06,
         5.3686e-07, 3.2196e-06, 9.8191e-01, 1.1628e-02],
        [2.1327e-06, 7.1366e-08, 9.9977e-01, 2.0941e-05, 1.4936e-04, 1.7693e-05,
         3.5377e-05, 6.2831e-06, 1.4091e-07, 5.3346e-08],
