noise type: uniform
noise level: 0.6
when_to_apply_epoch: 30
total clean data num: 21699
probability transition matrix:
[[0.4        0.06666667 0.06666667 0.06666667 0.06666667 0.06666667
  0.06666667 0.06666667 0.06666667 0.06666667]
 [0.06666667 0.4        0.06666667 0.06666667 0.06666667 0.06666667
  0.06666667 0.06666667 0.06666667 0.06666667]
 [0.06666667 0.06666667 0.4        0.06666667 0.06666667 0.06666667
  0.06666667 0.06666667 0.06666667 0.06666667]
 [0.06666667 0.06666667 0.06666667 0.4        0.06666667 0.06666667
  0.06666667 0.06666667 0.06666667 0.06666667]
 [0.06666667 0.06666667 0.06666667 0.06666667 0.4        0.06666667
  0.06666667 0.06666667 0.06666667 0.06666667]
 [0.06666667 0.06666667 0.06666667 0.06666667 0.06666667 0.4
  0.06666667 0.06666667 0.06666667 0.06666667]
 [0.06666667 0.06666667 0.06666667 0.06666667 0.06666667 0.06666667
  0.4        0.06666667 0.06666667 0.06666667]
 [0.06666667 0.06666667 0.06666667 0.06666667 0.06666667 0.06666667
  0.06666667 0.4        0.06666667 0.06666667]
 [0.06666667 0.06666667 0.06666667 0.06666667 0.06666667 0.06666667
  0.06666667 0.06666667 0.4        0.06666667]
 [0.06666667 0.06666667 0.06666667 0.06666667 0.06666667 0.06666667
  0.06666667 0.06666667 0.06666667 0.4       ]]
>> val epoch: 0
>> current accuracy: 11.883333333333333%
outputs: tensor([[0.0962, 0.0886, 0.0896, 0.1113, 0.0786, 0.1090, 0.1353, 0.1008, 0.0858,
         0.1048],
        [0.0891, 0.1064, 0.0883, 0.1305, 0.0704, 0.1068, 0.1161, 0.0965, 0.0814,
         0.1144],
        [0.0962, 0.0886, 0.0896, 0.1113, 0.0786, 0.1090, 0.1354, 0.1008, 0.0858,
         0.1048],
        [0.1043, 0.0995, 0.1030, 0.1319, 0.0820, 0.0873, 0.0764, 0.1155, 0.0775,
         0.1225],
        [0.1057, 0.0938, 0.1067, 0.1675, 0.0631, 0.0986, 0.0856, 0.0927, 0.0783,
         0.1080],
        [0.0962, 0.0886, 0.0896, 0.1113, 0.0786, 0.1090, 0.1353, 0.1008, 0.0858,
         0.1048],
        [0.0962, 0.0886, 0.0896, 0.1113, 0.0786, 0.1090, 0.1353, 0.1008, 0.0858,
         0.1048],
        [0.0962, 0.0886, 0.0896, 0.1113, 0.0786, 0.1090, 0.1353, 0.1008, 0.0858,
         0.1048],
        [0.0976, 0.1028, 0.0916, 0.1124, 0.0870, 0.0814, 0.0981, 0.1096, 0.0908,
         0.1289],
        [0.0962, 0.0886, 0.0896, 0.1113, 0.0786, 0.1090, 0.1353, 0.1008, 0.0858,
         0.1048],
        [0.0962, 0.0886, 0.0896, 0.1113, 0.0786, 0.1090, 0.1353, 0.1008, 0.0858,
         0.1048],
        [0.0962, 0.0886, 0.0896, 0.1113, 0.0786, 0.1090, 0.1353, 0.1008, 0.0858,
         0.1048],
        [0.0931, 0.0944, 0.0891, 0.1167, 0.0763, 0.1087, 0.1297, 0.1000, 0.0842,
         0.1079],
        [0.0962, 0.0886, 0.0896, 0.1113, 0.0786, 0.1090, 0.1353, 0.1008, 0.0858,
         0.1048],
        [0.0962, 0.0886, 0.0896, 0.1113, 0.0786, 0.1090, 0.1353, 0.1008, 0.0858,
         0.1048],
        [0.0962, 0.0886, 0.0896, 0.1113, 0.0786, 0.1090, 0.1353, 0.1008, 0.0858,
         0.1048],
        [0.1103, 0.0847, 0.1040, 0.1384, 0.0698, 0.1042, 0.1052, 0.0967, 0.0831,
         0.1037],
        [0.0962, 0.0886, 0.0896, 0.1113, 0.0786, 0.1090, 0.1353, 0.1008, 0.0858,
         0.1048],
        [0.0852, 0.1110, 0.0878, 0.1356, 0.0700, 0.1067, 0.1106, 0.0970, 0.0785,
         0.1176],
        [0.0962, 0.0886, 0.0896, 0.1113, 0.0786, 0.1090, 0.1353, 0.1008, 0.0858,
         0.1048],
        [0.0962, 0.0886, 0.0896, 0.1113, 0.0786, 0.1090, 0.1353, 0.1008, 0.0858,
         0.1048],
        [0.0962, 0.0886, 0.0896, 0.1113, 0.0786, 0.1090, 0.1353, 0.1008, 0.0858,
         0.1048],
        [0.0962, 0.0886, 0.0896, 0.1113, 0.0786, 0.1090, 0.1353, 0.1008, 0.0858,
         0.1048],
        [0.0975, 0.1030, 0.0916, 0.1122, 0.0867, 0.0814, 0.0981, 0.1103, 0.0904,
         0.1288],
        [0.0962, 0.0886, 0.0896, 0.1113, 0.0786, 0.1090, 0.1353, 0.1008, 0.0858,
         0.1048],
        [0.0944, 0.0915, 0.0893, 0.1137, 0.0776, 0.1089, 0.1328, 0.1006, 0.0850,
         0.1063],
        [0.0962, 0.0886, 0.0896, 0.1113, 0.0786, 0.1090, 0.1353, 0.1008, 0.0858,
         0.1048],
        [0.0962, 0.0886, 0.0896, 0.1113, 0.0786, 0.1090, 0.1353, 0.1008, 0.0858,
         0.1048],
        [0.0962, 0.0886, 0.0896, 0.1113, 0.0786, 0.1090, 0.1353, 0.1008, 0.0858,
         0.1048],
        [0.0975, 0.1105, 0.1019, 0.1504, 0.0697, 0.0911, 0.0750, 0.1059, 0.0753,
         0.1228],
        [0.0962, 0.0886, 0.0896, 0.1113, 0.0786, 0.1090, 0.1353, 0.1008, 0.0858,
         0.1048],
        [0.0962, 0.0886, 0.0896, 0.1113, 0.0786, 0.1090, 0.1353, 0.1008, 0.0858,
         0.1048],
        [0.0962, 0.0886, 0.0896, 0.1113, 0.0786, 0.1090, 0.1353, 0.1008, 0.0858,
         0.1048],
        [0.0962, 0.0886, 0.0896, 0.1113, 0.0786, 0.1090, 0.1353, 0.1008, 0.0858,
         0.1048],
        [0.0962, 0.0886, 0.0896, 0.1113, 0.0786, 0.1089, 0.1353, 0.1008, 0.0858,
         0.1048],
        [0.0894, 0.1163, 0.0901, 0.1230, 0.0827, 0.0814, 0.0891, 0.1078, 0.0850,
         0.1353],
        [0.0962, 0.0886, 0.0896, 0.1113, 0.0786, 0.1090, 0.1353, 0.1008, 0.0858,
         0.1048],
        [0.0962, 0.0886, 0.0896, 0.1113, 0.0786, 0.1089, 0.1353, 0.1008, 0.0858,
         0.1048],
        [0.0962, 0.0886, 0.0896, 0.1113, 0.0787, 0.1089, 0.1352, 0.1009, 0.0858,
         0.1048],
        [0.0962, 0.0886, 0.0896, 0.1113, 0.0786, 0.1089, 0.1353, 0.1008, 0.0858,
         0.1048],
        [0.0962, 0.0886, 0.0896, 0.1113, 0.0786, 0.1090, 0.1353, 0.1008, 0.0858,
         0.1048],
        [0.0962, 0.0886, 0.0896, 0.1113, 0.0786, 0.1090, 0.1353, 0.1008, 0.0858,
         0.1048],
        [0.0962, 0.0886, 0.0896, 0.1113, 0.0786, 0.1090, 0.1353, 0.1008, 0.0858,
         0.1048],
        [0.0962, 0.0886, 0.0896, 0.1113, 0.0786, 0.1090, 0.1353, 0.1008, 0.0858,
         0.1048],
        [0.0848, 0.1156, 0.0881, 0.1415, 0.0666, 0.1060, 0.1055, 0.0949, 0.0779,
         0.1190],
        [0.0962, 0.0886, 0.0896, 0.1113, 0.0786, 0.1090, 0.1353, 0.1008, 0.0858,
         0.1048],
        [0.0879, 0.1062, 0.0882, 0.1286, 0.0715, 0.1075, 0.1178, 0.0973, 0.0810,
         0.1140],
        [0.0962, 0.0886, 0.0896, 0.1113, 0.0786, 0.1090, 0.1353, 0.1008, 0.0858,
         0.1048]], device='cuda:0', grad_fn=<SoftmaxBackward>)
>> best accuracy: 11.883333333333333	best epoch: 0

>> final recovery rate: 40.18333333333333%
>> val epoch: 5
>> current accuracy: 95.88333333333333%
outputs: tensor([[0.0855, 0.0892, 0.0903, 0.0601, 0.3289, 0.0950, 0.0529, 0.0754, 0.0662,
         0.0565],
        [0.0775, 0.0750, 0.0922, 0.2648, 0.0584, 0.1001, 0.0763, 0.0772, 0.0692,
         0.1094],
        [0.0576, 0.0849, 0.0907, 0.0557, 0.3408, 0.0896, 0.1057, 0.0747, 0.0498,
         0.0505],
        [0.3692, 0.0643, 0.0856, 0.0568, 0.0731, 0.0817, 0.0617, 0.0635, 0.0722,
         0.0720],
        [0.0660, 0.0753, 0.1002, 0.0636, 0.1386, 0.0896, 0.2530, 0.0701, 0.0872,
         0.0565],
        [0.0725, 0.0710, 0.0878, 0.3143, 0.0536, 0.0959, 0.0723, 0.0763, 0.0500,
         0.1063],
        [0.0643, 0.0695, 0.0952, 0.0534, 0.1773, 0.0808, 0.3044, 0.0682, 0.0459,
         0.0409],
        [0.0585, 0.0451, 0.0803, 0.0376, 0.0427, 0.5367, 0.0821, 0.0517, 0.0169,
         0.0484],
        [0.0876, 0.0554, 0.0928, 0.0469, 0.0661, 0.1438, 0.3607, 0.0624, 0.0299,
         0.0545],
        [0.3762, 0.0638, 0.0848, 0.0563, 0.0725, 0.0811, 0.0595, 0.0630, 0.0714,
         0.0715],
        [0.0640, 0.0678, 0.3440, 0.0689, 0.0687, 0.0838, 0.0796, 0.0711, 0.0793,
         0.0729],
        [0.0646, 0.0916, 0.0864, 0.0752, 0.0601, 0.1086, 0.0831, 0.2881, 0.0545,
         0.0879],
        [0.3865, 0.0629, 0.0839, 0.0553, 0.0719, 0.0800, 0.0587, 0.0624, 0.0682,
         0.0703],
        [0.0659, 0.1018, 0.2812, 0.0971, 0.0730, 0.0962, 0.0853, 0.0700, 0.0479,
         0.0815],
        [0.0622, 0.0916, 0.1045, 0.0761, 0.0583, 0.1080, 0.0822, 0.2948, 0.0477,
         0.0744],
        [0.0715, 0.0702, 0.0869, 0.3230, 0.0527, 0.0950, 0.0721, 0.0760, 0.0470,
         0.1055],
        [0.0561, 0.4624, 0.0355, 0.0544, 0.0723, 0.1154, 0.0594, 0.0403, 0.0373,
         0.0670],
        [0.0520, 0.0579, 0.4644, 0.0516, 0.0627, 0.0691, 0.0669, 0.0583, 0.0488,
         0.0683],
        [0.0715, 0.0866, 0.0945, 0.0586, 0.2587, 0.0932, 0.1335, 0.0786, 0.0537,
         0.0711],
        [0.3623, 0.0648, 0.0863, 0.0573, 0.0736, 0.0823, 0.0636, 0.0639, 0.0733,
         0.0725],
        [0.0949, 0.0759, 0.0992, 0.0748, 0.0725, 0.1061, 0.0826, 0.0642, 0.2362,
         0.0935],
        [0.0794, 0.0841, 0.1072, 0.0665, 0.0667, 0.1047, 0.0793, 0.2468, 0.0575,
         0.1078],
        [0.0552, 0.0559, 0.0832, 0.0514, 0.0657, 0.0697, 0.4331, 0.0556, 0.0727,
         0.0576],
        [0.0784, 0.0756, 0.0926, 0.2572, 0.0591, 0.1007, 0.0755, 0.0771, 0.0738,
         0.1100],
        [0.0626, 0.3986, 0.0426, 0.0605, 0.0773, 0.1204, 0.0682, 0.0454, 0.0500,
         0.0744],
        [0.0626, 0.3649, 0.0464, 0.0604, 0.0806, 0.1192, 0.0997, 0.0481, 0.0452,
         0.0729],
        [0.0671, 0.0913, 0.1002, 0.0670, 0.0646, 0.1082, 0.0829, 0.2575, 0.0659,
         0.0954],
        [0.0805, 0.0728, 0.0860, 0.0752, 0.0670, 0.0910, 0.0680, 0.0587, 0.3079,
         0.0930],
        [0.0648, 0.3571, 0.0476, 0.0625, 0.0813, 0.1210, 0.0892, 0.0489, 0.0519,
         0.0757],
        [0.2678, 0.0593, 0.0958, 0.0481, 0.0725, 0.1464, 0.1577, 0.0684, 0.0249,
         0.0591],
        [0.3934, 0.0623, 0.0832, 0.0546, 0.0715, 0.0793, 0.0581, 0.0620, 0.0660,
         0.0695],
        [0.0558, 0.0665, 0.0489, 0.0393, 0.0732, 0.0645, 0.0505, 0.0576, 0.0497,
         0.4940],
        [0.0678, 0.0873, 0.1574, 0.0914, 0.0598, 0.1099, 0.0874, 0.2120, 0.0716,
         0.0555],
        [0.0842, 0.0794, 0.0962, 0.1795, 0.0657, 0.1036, 0.0776, 0.0748, 0.1284,
         0.1106],
        [0.0570, 0.0883, 0.0801, 0.0535, 0.3950, 0.0885, 0.0475, 0.0728, 0.0524,
         0.0647],
        [0.0595, 0.4319, 0.0388, 0.0576, 0.0746, 0.1182, 0.0614, 0.0427, 0.0441,
         0.0710],
        [0.0528, 0.0500, 0.0855, 0.0428, 0.0584, 0.1460, 0.4314, 0.0560, 0.0282,
         0.0489],
        [0.3832, 0.0631, 0.0843, 0.0554, 0.0722, 0.0803, 0.0604, 0.0627, 0.0679,
         0.0704],
        [0.3050, 0.0684, 0.1132, 0.0578, 0.0775, 0.0862, 0.0673, 0.0667, 0.0821,
         0.0758],
        [0.0634, 0.3888, 0.0438, 0.0612, 0.0781, 0.1208, 0.0716, 0.0462, 0.0511,
         0.0750],
        [0.0538, 0.0603, 0.4318, 0.0658, 0.0602, 0.0753, 0.0721, 0.0756, 0.0452,
         0.0598],
        [0.0805, 0.0728, 0.0860, 0.0752, 0.0670, 0.0910, 0.0680, 0.0587, 0.3080,
         0.0930],
        [0.0634, 0.0726, 0.0572, 0.0469, 0.0779, 0.0730, 0.0568, 0.0624, 0.0685,
         0.4212],
        [0.0634, 0.3734, 0.0456, 0.0611, 0.0797, 0.1203, 0.0860, 0.0475, 0.0487,
         0.0744],
        [0.0514, 0.0563, 0.4770, 0.0488, 0.0611, 0.0680, 0.0671, 0.0561, 0.0552,
         0.0591],
        [0.1111, 0.0837, 0.0824, 0.0500, 0.0769, 0.1002, 0.0807, 0.1965, 0.0674,
         0.1511],
        [0.0561, 0.0877, 0.0803, 0.0519, 0.3890, 0.0874, 0.0590, 0.0742, 0.0447,
         0.0696],
        [0.0657, 0.0897, 0.1021, 0.0675, 0.0612, 0.1086, 0.0826, 0.2767, 0.0676,
         0.0783]], device='cuda:0', grad_fn=<SoftmaxBackward>)
>> best accuracy: 95.88333333333333	best epoch: 5

>> final recovery rate: 40.18333333333333%
>> val epoch: 10
>> current accuracy: 96.53333333333333%
outputs: tensor([[0.0597, 0.4386, 0.0772, 0.0774, 0.0291, 0.0819, 0.0440, 0.0442, 0.0648,
         0.0833],
        [0.0698, 0.0584, 0.0600, 0.4537, 0.0631, 0.1134, 0.0551, 0.0402, 0.0385,
         0.0480],
        [0.0755, 0.0904, 0.0821, 0.0977, 0.0629, 0.1244, 0.0524, 0.2036, 0.1415,
         0.0695],
        [0.0607, 0.0532, 0.0617, 0.0475, 0.0588, 0.5422, 0.0477, 0.0332, 0.0400,
         0.0549],
        [0.0740, 0.1004, 0.0991, 0.0585, 0.0480, 0.1027, 0.3391, 0.0464, 0.0653,
         0.0666],
        [0.0649, 0.0745, 0.5190, 0.0648, 0.0468, 0.0633, 0.0326, 0.0508, 0.0393,
         0.0440],
        [0.0703, 0.0578, 0.0468, 0.4509, 0.0609, 0.1132, 0.0579, 0.0401, 0.0517,
         0.0503],
        [0.0519, 0.0622, 0.6272, 0.0466, 0.0371, 0.0496, 0.0246, 0.0421, 0.0246,
         0.0341],
        [0.0790, 0.0669, 0.0584, 0.3727, 0.0664, 0.1163, 0.0624, 0.0466, 0.0735,
         0.0579],
        [0.0601, 0.4347, 0.0776, 0.0778, 0.0294, 0.0822, 0.0442, 0.0445, 0.0660,
         0.0836],
        [0.0774, 0.0791, 0.0701, 0.0706, 0.0536, 0.0874, 0.0575, 0.0543, 0.0556,
         0.3943],
        [0.0607, 0.4296, 0.0780, 0.0784, 0.0298, 0.0827, 0.0446, 0.0448, 0.0675,
         0.0840],
        [0.0939, 0.0740, 0.0640, 0.0889, 0.3930, 0.0845, 0.0392, 0.0540, 0.0607,
         0.0477],
        [0.4676, 0.1102, 0.0595, 0.0470, 0.0409, 0.0686, 0.0561, 0.0413, 0.0412,
         0.0676],
        [0.0555, 0.0658, 0.5991, 0.0502, 0.0396, 0.0529, 0.0266, 0.0447, 0.0288,
         0.0368],
        [0.0833, 0.0712, 0.0602, 0.3271, 0.0687, 0.1160, 0.0648, 0.0499, 0.0962,
         0.0624],
        [0.0797, 0.1026, 0.1013, 0.0644, 0.0526, 0.1131, 0.2865, 0.0498, 0.0795,
         0.0703],
        [0.0828, 0.1024, 0.0998, 0.0589, 0.0499, 0.1177, 0.3131, 0.0468, 0.0611,
         0.0674],
        [0.0543, 0.0647, 0.6081, 0.0490, 0.0388, 0.0518, 0.0260, 0.0439, 0.0274,
         0.0360],
        [0.0738, 0.0922, 0.0822, 0.0862, 0.0608, 0.1299, 0.0526, 0.2179, 0.0842,
         0.1201],
        [0.0651, 0.0583, 0.0661, 0.0493, 0.0610, 0.4950, 0.0512, 0.0366, 0.0391,
         0.0784],
        [0.4635, 0.1105, 0.0599, 0.0475, 0.0413, 0.0691, 0.0564, 0.0416, 0.0421,
         0.0680],
        [0.0650, 0.0554, 0.0639, 0.0533, 0.0734, 0.5131, 0.0480, 0.0351, 0.0507,
         0.0420],
        [0.0584, 0.0687, 0.5752, 0.0532, 0.0418, 0.0557, 0.0284, 0.0468, 0.0327,
         0.0392],
        [0.0756, 0.0631, 0.0519, 0.4042, 0.0643, 0.1153, 0.0610, 0.0439, 0.0657,
         0.0551],
        [0.3042, 0.1251, 0.0800, 0.0490, 0.0440, 0.0894, 0.1579, 0.0442, 0.0336,
         0.0726],
        [0.0741, 0.0899, 0.0814, 0.0970, 0.0623, 0.1259, 0.0516, 0.2155, 0.1336,
         0.0686],
        [0.0940, 0.0920, 0.0832, 0.0732, 0.0905, 0.0942, 0.0605, 0.0645, 0.0967,
         0.2513],
        [0.0737, 0.0908, 0.0834, 0.0940, 0.0618, 0.1283, 0.0515, 0.2240, 0.1137,
         0.0788],
        [0.0939, 0.0748, 0.0655, 0.0743, 0.4016, 0.0802, 0.0381, 0.0548, 0.0688,
         0.0480],
        [0.0866, 0.0950, 0.3242, 0.0782, 0.0576, 0.0936, 0.0431, 0.1062, 0.0569,
         0.0586],
        [0.4658, 0.1104, 0.0597, 0.0472, 0.0411, 0.0688, 0.0562, 0.0415, 0.0416,
         0.0678],
        [0.4705, 0.1100, 0.0591, 0.0466, 0.0406, 0.0683, 0.0558, 0.0411, 0.0405,
         0.0674],
        [0.0860, 0.0816, 0.0775, 0.0910, 0.0622, 0.0813, 0.0575, 0.0587, 0.3313,
         0.0728],
        [0.0860, 0.0816, 0.0775, 0.0910, 0.0622, 0.0813, 0.0575, 0.0587, 0.3313,
         0.0728],
        [0.0710, 0.0585, 0.0474, 0.4449, 0.0614, 0.1135, 0.0583, 0.0406, 0.0534,
         0.0510],
        [0.0860, 0.0816, 0.0775, 0.0910, 0.0622, 0.0813, 0.0575, 0.0587, 0.3313,
         0.0728],
        [0.0541, 0.0644, 0.6100, 0.0488, 0.0386, 0.0516, 0.0258, 0.0437, 0.0271,
         0.0358],
        [0.4787, 0.1094, 0.0582, 0.0456, 0.0399, 0.0673, 0.0552, 0.0404, 0.0387,
         0.0665],
        [0.0677, 0.0555, 0.0471, 0.4730, 0.0592, 0.1119, 0.0559, 0.0384, 0.0436,
         0.0478],
        [0.0588, 0.4462, 0.0765, 0.0765, 0.0285, 0.0812, 0.0434, 0.0436, 0.0626,
         0.0827],
        [0.0969, 0.0781, 0.0689, 0.0783, 0.3656, 0.0833, 0.0407, 0.0572, 0.0798,
         0.0513],
        [0.0860, 0.0816, 0.0775, 0.0910, 0.0622, 0.0813, 0.0575, 0.0587, 0.3313,
         0.0728],
        [0.5132, 0.1062, 0.0544, 0.0414, 0.0369, 0.0633, 0.0524, 0.0375, 0.0318,
         0.0630],
        [0.0518, 0.0621, 0.6279, 0.0465, 0.0370, 0.0495, 0.0245, 0.0421, 0.0245,
         0.0341],
        [0.0890, 0.0900, 0.0826, 0.0730, 0.0615, 0.0909, 0.0628, 0.0629, 0.1237,
         0.2636],
        [0.0928, 0.0910, 0.0820, 0.0707, 0.0914, 0.0934, 0.0595, 0.0637, 0.0869,
         0.2684],
        [0.0647, 0.0551, 0.0636, 0.0532, 0.0735, 0.5159, 0.0477, 0.0349, 0.0506,
         0.0409]], device='cuda:0', grad_fn=<SoftmaxBackward>)
>> best accuracy: 96.53333333333333	best epoch: 10

>> final recovery rate: 40.18333333333333%
