noise type: uniform
noise level: 0.2
when_to_apply_epoch: 25
total clean data num: 35890
probability transition matrix:
[[0.8        0.02222222 0.02222222 0.02222222 0.02222222 0.02222222
  0.02222222 0.02222222 0.02222222 0.02222222]
 [0.02222222 0.8        0.02222222 0.02222222 0.02222222 0.02222222
  0.02222222 0.02222222 0.02222222 0.02222222]
 [0.02222222 0.02222222 0.8        0.02222222 0.02222222 0.02222222
  0.02222222 0.02222222 0.02222222 0.02222222]
 [0.02222222 0.02222222 0.02222222 0.8        0.02222222 0.02222222
  0.02222222 0.02222222 0.02222222 0.02222222]
 [0.02222222 0.02222222 0.02222222 0.02222222 0.8        0.02222222
  0.02222222 0.02222222 0.02222222 0.02222222]
 [0.02222222 0.02222222 0.02222222 0.02222222 0.02222222 0.8
  0.02222222 0.02222222 0.02222222 0.02222222]
 [0.02222222 0.02222222 0.02222222 0.02222222 0.02222222 0.02222222
  0.8        0.02222222 0.02222222 0.02222222]
 [0.02222222 0.02222222 0.02222222 0.02222222 0.02222222 0.02222222
  0.02222222 0.8        0.02222222 0.02222222]
 [0.02222222 0.02222222 0.02222222 0.02222222 0.02222222 0.02222222
  0.02222222 0.02222222 0.8        0.02222222]
 [0.02222222 0.02222222 0.02222222 0.02222222 0.02222222 0.02222222
  0.02222222 0.02222222 0.02222222 0.8       ]]
>> val epoch: 0
>> current accuracy: 50.54%
outputs: tensor([[0.0514, 0.4790, 0.0274, 0.0406, 0.0220, 0.0318, 0.0329, 0.0481, 0.0337,
         0.2331],
        [0.1488, 0.2362, 0.0211, 0.0367, 0.0214, 0.0439, 0.0323, 0.0594, 0.2664,
         0.1340],
        [0.0296, 0.0278, 0.0429, 0.1794, 0.1046, 0.2226, 0.1266, 0.2126, 0.0164,
         0.0374],
        [0.0225, 0.0208, 0.0767, 0.0675, 0.2447, 0.1317, 0.0648, 0.3091, 0.0145,
         0.0477],
        [0.0179, 0.0188, 0.1507, 0.0509, 0.2387, 0.1931, 0.0284, 0.2691, 0.0089,
         0.0235],
        [0.2567, 0.0188, 0.0251, 0.0111, 0.0203, 0.0191, 0.0204, 0.0217, 0.5827,
         0.0241],
        [0.5646, 0.0184, 0.0454, 0.0100, 0.0525, 0.0217, 0.0198, 0.0223, 0.2184,
         0.0268],
        [0.0175, 0.0407, 0.0188, 0.1305, 0.0808, 0.0948, 0.4576, 0.0945, 0.0153,
         0.0497],
        [0.0297, 0.0299, 0.0746, 0.0792, 0.1821, 0.1902, 0.0424, 0.2714, 0.0184,
         0.0821],
        [0.5036, 0.0202, 0.1427, 0.0249, 0.0865, 0.0421, 0.0570, 0.0242, 0.0826,
         0.0162],
        [0.0238, 0.0331, 0.0794, 0.2698, 0.0454, 0.2212, 0.2463, 0.0485, 0.0104,
         0.0221],
        [0.1653, 0.2762, 0.0345, 0.0403, 0.0305, 0.0442, 0.0192, 0.0782, 0.1651,
         0.1465],
        [0.0692, 0.0228, 0.3051, 0.1295, 0.0943, 0.1841, 0.1274, 0.0245, 0.0256,
         0.0176],
        [0.2076, 0.0703, 0.1954, 0.0584, 0.0774, 0.0710, 0.0608, 0.0777, 0.0542,
         0.1272],
        [0.0172, 0.7750, 0.0077, 0.0211, 0.0093, 0.0257, 0.0147, 0.0309, 0.0179,
         0.0805],
        [0.0321, 0.0120, 0.0272, 0.1391, 0.0161, 0.5952, 0.0178, 0.1089, 0.0301,
         0.0217],
        [0.0286, 0.4533, 0.0297, 0.0499, 0.0489, 0.0624, 0.0564, 0.0747, 0.0238,
         0.1723],
        [0.0349, 0.0265, 0.0616, 0.2039, 0.0465, 0.1291, 0.3737, 0.0618, 0.0227,
         0.0393],
        [0.2001, 0.0541, 0.0997, 0.0942, 0.0364, 0.1081, 0.0573, 0.0934, 0.1091,
         0.1476],
        [0.0121, 0.0077, 0.0162, 0.0109, 0.1030, 0.0302, 0.0096, 0.7632, 0.0077,
         0.0394],
        [0.3188, 0.0151, 0.0225, 0.0108, 0.0210, 0.0200, 0.0177, 0.0206, 0.5340,
         0.0196],
        [0.0164, 0.0270, 0.0449, 0.1940, 0.0954, 0.2198, 0.2980, 0.0710, 0.0103,
         0.0232],
        [0.0232, 0.0258, 0.0547, 0.2931, 0.0431, 0.1701, 0.2904, 0.0677, 0.0112,
         0.0206],
        [0.0173, 0.0258, 0.0260, 0.1763, 0.0347, 0.1129, 0.5485, 0.0300, 0.0105,
         0.0180],
        [0.1500, 0.0171, 0.1655, 0.1054, 0.0909, 0.2059, 0.0976, 0.0889, 0.0543,
         0.0244],
        [0.0401, 0.0543, 0.0623, 0.1693, 0.0226, 0.1408, 0.1024, 0.1222, 0.0287,
         0.2572],
        [0.0354, 0.0268, 0.1250, 0.1646, 0.1307, 0.2854, 0.0957, 0.0808, 0.0218,
         0.0337],
        [0.0494, 0.0343, 0.2748, 0.1270, 0.1073, 0.1779, 0.0440, 0.1240, 0.0126,
         0.0488],
        [0.0812, 0.1209, 0.1453, 0.0632, 0.2716, 0.0714, 0.0386, 0.0943, 0.0480,
         0.0654],
        [0.0325, 0.0311, 0.1323, 0.2180, 0.0627, 0.1868, 0.2401, 0.0557, 0.0136,
         0.0271],
        [0.0438, 0.0425, 0.0209, 0.0154, 0.0381, 0.0316, 0.0252, 0.0641, 0.0580,
         0.6603],
        [0.0260, 0.0337, 0.1325, 0.1002, 0.1787, 0.1065, 0.3258, 0.0501, 0.0155,
         0.0311],
        [0.0305, 0.0511, 0.0775, 0.0416, 0.3670, 0.0526, 0.1958, 0.0983, 0.0125,
         0.0733],
        [0.0567, 0.3698, 0.0180, 0.0593, 0.0164, 0.0623, 0.0287, 0.0661, 0.1830,
         0.1397],
        [0.0226, 0.0538, 0.0607, 0.1049, 0.1194, 0.2313, 0.0750, 0.2803, 0.0142,
         0.0377],
        [0.0321, 0.0421, 0.0328, 0.0359, 0.0396, 0.0514, 0.0439, 0.1580, 0.0325,
         0.5316],
        [0.0429, 0.0170, 0.1412, 0.2377, 0.0713, 0.2497, 0.0891, 0.1094, 0.0173,
         0.0244],
        [0.2071, 0.0518, 0.0347, 0.0239, 0.0372, 0.0398, 0.0264, 0.0356, 0.4657,
         0.0779],
        [0.0701, 0.0623, 0.3064, 0.1108, 0.1037, 0.0952, 0.1491, 0.0298, 0.0389,
         0.0336],
        [0.0194, 0.0249, 0.0541, 0.3584, 0.0250, 0.3065, 0.1215, 0.0559, 0.0073,
         0.0270],
        [0.0132, 0.0126, 0.0242, 0.0569, 0.0939, 0.1363, 0.0212, 0.5997, 0.0093,
         0.0328],
        [0.7919, 0.0047, 0.0788, 0.0060, 0.0259, 0.0143, 0.0186, 0.0065, 0.0483,
         0.0051],
        [0.0458, 0.0430, 0.1270, 0.2102, 0.0703, 0.1879, 0.1070, 0.1337, 0.0167,
         0.0583],
        [0.0229, 0.0194, 0.0393, 0.2729, 0.0220, 0.4709, 0.0387, 0.0829, 0.0099,
         0.0211],
        [0.0918, 0.2162, 0.0221, 0.0392, 0.0264, 0.0375, 0.0379, 0.0702, 0.1252,
         0.3335],
        [0.5093, 0.0233, 0.0365, 0.0121, 0.0377, 0.0250, 0.0223, 0.0262, 0.2866,
         0.0211],
        [0.0246, 0.0280, 0.0748, 0.1269, 0.1554, 0.2070, 0.2564, 0.0801, 0.0155,
         0.0313],
        [0.1295, 0.0468, 0.0069, 0.0143, 0.0086, 0.0238, 0.0135, 0.0357, 0.6915,
         0.0295],
        [0.0241, 0.0290, 0.0526, 0.1407, 0.0377, 0.0716, 0.5583, 0.0381, 0.0171,
         0.0307],
        [0.0651, 0.2298, 0.0049, 0.0167, 0.0076, 0.0280, 0.0156, 0.0378, 0.5407,
         0.0538],
        [0.0200, 0.0234, 0.1840, 0.0825, 0.2420, 0.1926, 0.0753, 0.1414, 0.0109,
         0.0280],
        [0.0216, 0.1702, 0.0095, 0.0204, 0.0076, 0.0236, 0.0170, 0.0306, 0.0442,
         0.6552],
        [0.0170, 0.0148, 0.0244, 0.2595, 0.0177, 0.5354, 0.0240, 0.0815, 0.0079,
         0.0178],
        [0.0705, 0.0357, 0.1045, 0.0719, 0.0568, 0.1081, 0.0601, 0.1851, 0.0526,
         0.2546],
        [0.8618, 0.0039, 0.0360, 0.0034, 0.0247, 0.0111, 0.0108, 0.0058, 0.0384,
         0.0041],
        [0.0174, 0.6934, 0.0138, 0.0217, 0.0205, 0.0286, 0.0281, 0.0279, 0.0090,
         0.1396],
        [0.0109, 0.0215, 0.0209, 0.0830, 0.0272, 0.0574, 0.7436, 0.0176, 0.0074,
         0.0104],
        [0.3723, 0.0709, 0.0458, 0.0235, 0.0790, 0.0351, 0.0364, 0.1290, 0.1006,
         0.1074],
        [0.0267, 0.0134, 0.0444, 0.2896, 0.0231, 0.4636, 0.0483, 0.0656, 0.0083,
         0.0170],
        [0.4209, 0.0337, 0.0784, 0.0237, 0.0483, 0.0342, 0.0385, 0.0352, 0.2236,
         0.0634],
        [0.0263, 0.6105, 0.0075, 0.0196, 0.0105, 0.0290, 0.0155, 0.0323, 0.0466,
         0.2022],
        [0.0203, 0.0388, 0.0555, 0.1935, 0.0894, 0.1291, 0.3914, 0.0460, 0.0157,
         0.0204],
        [0.0373, 0.0146, 0.0634, 0.0517, 0.0675, 0.1120, 0.0199, 0.5452, 0.0221,
         0.0662],
        [0.0208, 0.0313, 0.0612, 0.1776, 0.1080, 0.1590, 0.3244, 0.0696, 0.0169,
         0.0312],
        [0.0167, 0.6033, 0.0106, 0.0190, 0.0123, 0.0252, 0.0201, 0.0337, 0.0120,
         0.2471],
        [0.0292, 0.0297, 0.2896, 0.0412, 0.3484, 0.0517, 0.1578, 0.0212, 0.0117,
         0.0195],
        [0.1170, 0.0756, 0.2043, 0.0540, 0.2480, 0.0590, 0.1213, 0.0431, 0.0297,
         0.0480],
        [0.0541, 0.0509, 0.0368, 0.0209, 0.0515, 0.0328, 0.0373, 0.0844, 0.0524,
         0.5791],
        [0.0227, 0.0120, 0.0475, 0.1414, 0.0327, 0.5322, 0.0265, 0.1508, 0.0122,
         0.0220],
        [0.0255, 0.0269, 0.1328, 0.0681, 0.3258, 0.1747, 0.1060, 0.0976, 0.0146,
         0.0281],
        [0.0737, 0.0271, 0.0459, 0.0740, 0.0749, 0.1886, 0.0294, 0.2472, 0.1065,
         0.1326],
        [0.0227, 0.0107, 0.0500, 0.1176, 0.0218, 0.6506, 0.0172, 0.0854, 0.0095,
         0.0147]], device='cuda:0', grad_fn=<SoftmaxBackward>)
>> best accuracy: 50.54	best epoch: 0

>> final recovery rate: 79.75555555555556%
>> val epoch: 5
>> current accuracy: 78.32000000000001%
outputs: tensor([[0.0340, 0.0272, 0.0444, 0.0735, 0.2602, 0.3035, 0.0787, 0.1214, 0.0249,
         0.0321],
        [0.0208, 0.0201, 0.6004, 0.0239, 0.1850, 0.0204, 0.0839, 0.0127, 0.0134,
         0.0193],
        [0.0276, 0.0144, 0.1182, 0.0283, 0.6320, 0.0753, 0.0385, 0.0220, 0.0162,
         0.0273],
        [0.0405, 0.0183, 0.0923, 0.0919, 0.1417, 0.3394, 0.0415, 0.1806, 0.0174,
         0.0364],
        [0.0334, 0.0140, 0.0300, 0.0226, 0.0258, 0.0371, 0.0234, 0.0131, 0.0250,
         0.7756],
        [0.0295, 0.0273, 0.0369, 0.0286, 0.0445, 0.0694, 0.0574, 0.6447, 0.0311,
         0.0305],
        [0.0307, 0.0197, 0.0353, 0.0281, 0.0356, 0.0361, 0.0255, 0.0093, 0.0209,
         0.7590],
        [0.8253, 0.0099, 0.0248, 0.0123, 0.0083, 0.0197, 0.0322, 0.0295, 0.0105,
         0.0276],
        [0.0475, 0.0142, 0.0490, 0.0283, 0.2076, 0.0683, 0.0359, 0.4568, 0.0700,
         0.0224],
        [0.0099, 0.0120, 0.0603, 0.0143, 0.0202, 0.0098, 0.8343, 0.0140, 0.0120,
         0.0132],
        [0.0186, 0.7716, 0.0270, 0.0133, 0.0164, 0.0264, 0.0335, 0.0124, 0.0467,
         0.0341],
        [0.0252, 0.0384, 0.2514, 0.3313, 0.0213, 0.0889, 0.1043, 0.0521, 0.0656,
         0.0214],
        [0.0661, 0.1019, 0.0916, 0.0485, 0.0539, 0.1006, 0.0442, 0.0656, 0.0411,
         0.3866],
        [0.0252, 0.0267, 0.0243, 0.0206, 0.0179, 0.0357, 0.0210, 0.0130, 0.0138,
         0.8019],
        [0.0103, 0.0118, 0.0494, 0.0240, 0.0232, 0.0072, 0.8302, 0.0129, 0.0194,
         0.0117],
        [0.0259, 0.1279, 0.0248, 0.0179, 0.0231, 0.0341, 0.0267, 0.0122, 0.0648,
         0.6425],
        [0.0384, 0.0129, 0.0231, 0.0266, 0.0298, 0.0418, 0.0271, 0.7224, 0.0485,
         0.0293],
        [0.0213, 0.0172, 0.1304, 0.0406, 0.5977, 0.0930, 0.0438, 0.0164, 0.0176,
         0.0221],
        [0.0361, 0.0424, 0.2910, 0.1682, 0.0308, 0.1302, 0.2561, 0.0091, 0.0189,
         0.0173],
        [0.0237, 0.0182, 0.0177, 0.0354, 0.0210, 0.7999, 0.0163, 0.0303, 0.0177,
         0.0199],
        [0.0166, 0.0193, 0.0363, 0.0198, 0.0121, 0.0203, 0.8183, 0.0176, 0.0192,
         0.0205],
        [0.0254, 0.0189, 0.0953, 0.0530, 0.1312, 0.5167, 0.0896, 0.0261, 0.0227,
         0.0210],
        [0.0347, 0.0318, 0.1167, 0.2355, 0.0325, 0.3697, 0.0825, 0.0216, 0.0563,
         0.0187],
        [0.0289, 0.0345, 0.0769, 0.0378, 0.0363, 0.2420, 0.0603, 0.3996, 0.0419,
         0.0418],
        [0.8457, 0.0070, 0.0180, 0.0124, 0.0095, 0.0189, 0.0266, 0.0142, 0.0181,
         0.0295],
        [0.0273, 0.7662, 0.0212, 0.0144, 0.0169, 0.0330, 0.0432, 0.0154, 0.0414,
         0.0210],
        [0.3060, 0.0140, 0.4944, 0.0173, 0.0399, 0.0235, 0.0332, 0.0146, 0.0234,
         0.0336],
        [0.0339, 0.1484, 0.0703, 0.0768, 0.0528, 0.0734, 0.0889, 0.0186, 0.3892,
         0.0476],
        [0.0224, 0.0150, 0.0211, 0.0332, 0.0210, 0.8378, 0.0137, 0.0082, 0.0133,
         0.0142],
        [0.1097, 0.0502, 0.0243, 0.3032, 0.0458, 0.1411, 0.0322, 0.0566, 0.0762,
         0.1608],
        [0.0195, 0.0432, 0.0423, 0.0434, 0.0247, 0.1166, 0.6487, 0.0152, 0.0122,
         0.0343],
        [0.0118, 0.0153, 0.0489, 0.0553, 0.0182, 0.0243, 0.7844, 0.0154, 0.0140,
         0.0123],
        [0.0535, 0.0227, 0.1250, 0.1841, 0.0238, 0.4385, 0.0469, 0.0596, 0.0209,
         0.0249],
        [0.0250, 0.0130, 0.2330, 0.0168, 0.6030, 0.0178, 0.0313, 0.0119, 0.0245,
         0.0236],
        [0.0441, 0.0267, 0.0269, 0.6894, 0.0171, 0.1003, 0.0410, 0.0197, 0.0111,
         0.0236],
        [0.0241, 0.0134, 0.0197, 0.0165, 0.0159, 0.0255, 0.0173, 0.0171, 0.8230,
         0.0275],
        [0.0410, 0.0298, 0.0780, 0.5770, 0.0219, 0.1201, 0.0433, 0.0235, 0.0391,
         0.0263],
        [0.0248, 0.0127, 0.0176, 0.0239, 0.0111, 0.0254, 0.0130, 0.0178, 0.8281,
         0.0257],
        [0.0194, 0.0177, 0.1273, 0.0155, 0.6880, 0.0247, 0.0417, 0.0237, 0.0210,
         0.0210],
        [0.0330, 0.0256, 0.0609, 0.0328, 0.0846, 0.0784, 0.0655, 0.5585, 0.0250,
         0.0358],
        [0.0582, 0.0171, 0.3944, 0.1193, 0.0605, 0.1905, 0.0895, 0.0256, 0.0252,
         0.0198],
        [0.0305, 0.0231, 0.0493, 0.4617, 0.0491, 0.2582, 0.0325, 0.0512, 0.0288,
         0.0156],
        [0.0163, 0.0291, 0.0794, 0.0261, 0.0636, 0.1205, 0.6052, 0.0240, 0.0142,
         0.0215],
        [0.0276, 0.0259, 0.1967, 0.1992, 0.0475, 0.0414, 0.3698, 0.0502, 0.0164,
         0.0254],
        [0.0480, 0.0390, 0.0844, 0.0235, 0.0683, 0.0281, 0.0572, 0.5940, 0.0262,
         0.0313],
        [0.0859, 0.0373, 0.1198, 0.0314, 0.0482, 0.0263, 0.0238, 0.0366, 0.5514,
         0.0393],
        [0.5231, 0.0354, 0.0512, 0.0425, 0.0264, 0.0347, 0.0225, 0.0230, 0.1759,
         0.0654],
        [0.0335, 0.1745, 0.0499, 0.0571, 0.0200, 0.0499, 0.0556, 0.0427, 0.4719,
         0.0449],
        [0.0301, 0.0221, 0.0259, 0.0201, 0.0196, 0.0364, 0.0186, 0.0179, 0.7747,
         0.0346],
        [0.0322, 0.0361, 0.0330, 0.0340, 0.0335, 0.0488, 0.0334, 0.0168, 0.0197,
         0.7125],
        [0.0279, 0.0192, 0.0427, 0.0414, 0.0261, 0.7242, 0.0259, 0.0500, 0.0170,
         0.0255],
        [0.0431, 0.7443, 0.0177, 0.0198, 0.0129, 0.0422, 0.0239, 0.0177, 0.0343,
         0.0441],
        [0.0282, 0.0249, 0.1741, 0.0591, 0.0216, 0.0325, 0.5279, 0.0225, 0.0923,
         0.0168],
        [0.2156, 0.0142, 0.5015, 0.0166, 0.0385, 0.0204, 0.0491, 0.0134, 0.1007,
         0.0299],
        [0.0745, 0.0371, 0.0366, 0.0496, 0.0607, 0.0788, 0.0399, 0.3090, 0.0349,
         0.2788],
        [0.7651, 0.0070, 0.0991, 0.0148, 0.0104, 0.0170, 0.0212, 0.0127, 0.0190,
         0.0336],
        [0.0284, 0.7545, 0.0209, 0.0171, 0.0182, 0.0352, 0.0351, 0.0210, 0.0274,
         0.0421],
        [0.0399, 0.6014, 0.0257, 0.0175, 0.0203, 0.0463, 0.0356, 0.0131, 0.1659,
         0.0345],
        [0.0332, 0.3673, 0.0349, 0.0314, 0.0330, 0.0554, 0.0308, 0.0179, 0.0416,
         0.3547],
        [0.7957, 0.0089, 0.0122, 0.0174, 0.0112, 0.0185, 0.0185, 0.0490, 0.0133,
         0.0553],
        [0.0252, 0.0256, 0.0336, 0.0296, 0.0194, 0.0730, 0.0609, 0.6525, 0.0486,
         0.0315],
        [0.0187, 0.7970, 0.0216, 0.0161, 0.0187, 0.0298, 0.0298, 0.0134, 0.0302,
         0.0247],
        [0.0112, 0.0185, 0.0176, 0.0137, 0.0123, 0.0112, 0.8594, 0.0221, 0.0172,
         0.0169],
        [0.0245, 0.0174, 0.0531, 0.0215, 0.0124, 0.0104, 0.7995, 0.0117, 0.0214,
         0.0281],
        [0.0170, 0.0226, 0.0578, 0.0904, 0.0403, 0.0442, 0.6808, 0.0181, 0.0088,
         0.0200],
        [0.0400, 0.7252, 0.0214, 0.0192, 0.0168, 0.0267, 0.0269, 0.0188, 0.0345,
         0.0706],
        [0.0223, 0.0211, 0.0358, 0.0299, 0.0215, 0.0511, 0.0381, 0.7168, 0.0343,
         0.0291],
        [0.2032, 0.0217, 0.1842, 0.1424, 0.0609, 0.0548, 0.0397, 0.0335, 0.2024,
         0.0571],
        [0.0102, 0.0177, 0.0210, 0.0153, 0.0090, 0.0170, 0.0111, 0.0158, 0.8672,
         0.0159],
        [0.0677, 0.0189, 0.0586, 0.2668, 0.1535, 0.2664, 0.0548, 0.0496, 0.0241,
         0.0395],
        [0.0248, 0.0264, 0.2053, 0.4001, 0.0500, 0.1463, 0.0465, 0.0567, 0.0220,
         0.0220],
        [0.6117, 0.0196, 0.0190, 0.0134, 0.0230, 0.0206, 0.0285, 0.0244, 0.0659,
         0.1738]], device='cuda:0', grad_fn=<SoftmaxBackward>)
>> best accuracy: 78.32000000000001	best epoch: 5

>> final recovery rate: 79.75555555555556%
>> val epoch: 10
>> current accuracy: 82.04%
outputs: tensor([[0.0325, 0.0386, 0.4227, 0.0895, 0.2225, 0.0837, 0.0140, 0.0462, 0.0304,
         0.0199],
        [0.0211, 0.0233, 0.0389, 0.0283, 0.0266, 0.7713, 0.0209, 0.0280, 0.0188,
         0.0228],
        [0.0214, 0.0340, 0.0199, 0.0170, 0.0226, 0.0300, 0.0240, 0.0215, 0.7938,
         0.0158],
        [0.0189, 0.0247, 0.0890, 0.1220, 0.2655, 0.2731, 0.0598, 0.1087, 0.0180,
         0.0203],
        [0.0129, 0.0141, 0.0217, 0.7983, 0.0384, 0.0565, 0.0171, 0.0125, 0.0199,
         0.0085],
        [0.0214, 0.8282, 0.0207, 0.0206, 0.0266, 0.0195, 0.0218, 0.0139, 0.0141,
         0.0132],
        [0.0264, 0.0351, 0.4169, 0.0716, 0.3505, 0.0247, 0.0279, 0.0105, 0.0106,
         0.0259],
        [0.3102, 0.1300, 0.0167, 0.0152, 0.0491, 0.0296, 0.0176, 0.0155, 0.1411,
         0.2750],
        [0.8177, 0.0133, 0.0269, 0.0113, 0.0701, 0.0154, 0.0089, 0.0088, 0.0164,
         0.0112],
        [0.0297, 0.7395, 0.0237, 0.0182, 0.0410, 0.0253, 0.0290, 0.0148, 0.0167,
         0.0621],
        [0.0176, 0.0275, 0.5609, 0.0485, 0.2401, 0.0285, 0.0156, 0.0167, 0.0242,
         0.0204],
        [0.0145, 0.0183, 0.0188, 0.0437, 0.0694, 0.7381, 0.0129, 0.0534, 0.0161,
         0.0147],
        [0.0155, 0.0259, 0.0564, 0.6160, 0.0511, 0.0252, 0.1699, 0.0061, 0.0192,
         0.0147],
        [0.5569, 0.0384, 0.0312, 0.1106, 0.0447, 0.0483, 0.0333, 0.0123, 0.0953,
         0.0290],
        [0.0129, 0.0184, 0.0297, 0.0206, 0.0268, 0.0275, 0.0149, 0.8066, 0.0243,
         0.0184],
        [0.0239, 0.0284, 0.0197, 0.0263, 0.7772, 0.0321, 0.0184, 0.0128, 0.0425,
         0.0187],
        [0.0238, 0.8201, 0.0166, 0.0195, 0.0340, 0.0187, 0.0232, 0.0173, 0.0131,
         0.0139],
        [0.0339, 0.0202, 0.7662, 0.0348, 0.0240, 0.0398, 0.0121, 0.0117, 0.0328,
         0.0244],
        [0.0242, 0.0232, 0.0662, 0.0737, 0.0260, 0.7086, 0.0262, 0.0108, 0.0191,
         0.0221],
        [0.0115, 0.0204, 0.0373, 0.0144, 0.0131, 0.0228, 0.7991, 0.0154, 0.0445,
         0.0215],
        [0.0139, 0.0218, 0.0384, 0.1091, 0.6101, 0.0736, 0.0180, 0.0727, 0.0210,
         0.0214],
        [0.0211, 0.0187, 0.0111, 0.0286, 0.0239, 0.0444, 0.0101, 0.7932, 0.0329,
         0.0160],
        [0.0228, 0.0214, 0.0369, 0.0897, 0.6900, 0.0769, 0.0108, 0.0159, 0.0187,
         0.0168],
        [0.0370, 0.0164, 0.0238, 0.0165, 0.0270, 0.0355, 0.0207, 0.0086, 0.0269,
         0.7876],
        [0.0180, 0.0396, 0.0152, 0.0195, 0.0188, 0.0198, 0.0185, 0.0193, 0.8195,
         0.0116],
        [0.9050, 0.0198, 0.0105, 0.0078, 0.0146, 0.0091, 0.0076, 0.0092, 0.0088,
         0.0075],
        [0.0150, 0.0289, 0.0125, 0.0175, 0.0311, 0.0241, 0.0210, 0.0182, 0.8196,
         0.0122],
        [0.0151, 0.0268, 0.0751, 0.3328, 0.0390, 0.0362, 0.4230, 0.0106, 0.0216,
         0.0199],
        [0.0190, 0.7290, 0.0329, 0.0228, 0.0369, 0.0289, 0.0216, 0.0311, 0.0198,
         0.0581],
        [0.0140, 0.0234, 0.0262, 0.0451, 0.1079, 0.0570, 0.0121, 0.6690, 0.0278,
         0.0174],
        [0.0131, 0.0181, 0.0407, 0.0282, 0.7898, 0.0322, 0.0177, 0.0292, 0.0170,
         0.0139],
        [0.0122, 0.0295, 0.0571, 0.0385, 0.6870, 0.0257, 0.0111, 0.0986, 0.0179,
         0.0224],
        [0.0273, 0.0994, 0.0159, 0.0267, 0.0279, 0.0336, 0.0215, 0.0165, 0.0892,
         0.6419],
        [0.0226, 0.7727, 0.0239, 0.0207, 0.0423, 0.0245, 0.0254, 0.0253, 0.0306,
         0.0121],
        [0.0237, 0.0263, 0.0219, 0.0146, 0.0203, 0.0212, 0.0217, 0.0222, 0.8189,
         0.0092],
        [0.0599, 0.0318, 0.0164, 0.0212, 0.0188, 0.0245, 0.0179, 0.0144, 0.7743,
         0.0208],
        [0.8788, 0.0157, 0.0146, 0.0118, 0.0220, 0.0151, 0.0092, 0.0085, 0.0132,
         0.0111],
        [0.0362, 0.0265, 0.2665, 0.0823, 0.0494, 0.0990, 0.2918, 0.0237, 0.1011,
         0.0234],
        [0.4552, 0.1248, 0.0168, 0.1618, 0.0419, 0.0523, 0.0310, 0.0145, 0.0493,
         0.0524],
        [0.0240, 0.0193, 0.7268, 0.0155, 0.0244, 0.0627, 0.0326, 0.0274, 0.0405,
         0.0269],
        [0.0153, 0.0221, 0.1426, 0.0441, 0.0399, 0.2845, 0.3693, 0.0262, 0.0308,
         0.0251],
        [0.0514, 0.0128, 0.0249, 0.0196, 0.0266, 0.0370, 0.0192, 0.0077, 0.0253,
         0.7754],
        [0.4199, 0.0753, 0.0355, 0.0195, 0.0909, 0.0303, 0.0401, 0.0793, 0.1770,
         0.0322],
        [0.0180, 0.0275, 0.0315, 0.0187, 0.0335, 0.0245, 0.0192, 0.7844, 0.0292,
         0.0135],
        [0.0190, 0.0144, 0.0458, 0.0153, 0.0194, 0.0178, 0.0169, 0.8092, 0.0236,
         0.0185],
        [0.0137, 0.8531, 0.0175, 0.0198, 0.0245, 0.0126, 0.0175, 0.0109, 0.0116,
         0.0189],
        [0.0275, 0.0282, 0.0342, 0.0173, 0.0320, 0.0445, 0.0266, 0.0114, 0.0402,
         0.7380],
        [0.0265, 0.0152, 0.0086, 0.4025, 0.0317, 0.4672, 0.0095, 0.0137, 0.0145,
         0.0106],
        [0.0105, 0.0132, 0.0274, 0.0349, 0.0183, 0.0257, 0.8255, 0.0102, 0.0152,
         0.0192],
        [0.0166, 0.0307, 0.0324, 0.2022, 0.0395, 0.5973, 0.0138, 0.0246, 0.0199,
         0.0230],
        [0.0389, 0.0812, 0.0199, 0.0862, 0.0179, 0.0306, 0.0199, 0.0134, 0.0523,
         0.6396],
        [0.0135, 0.0162, 0.0412, 0.0253, 0.0137, 0.0245, 0.8039, 0.0142, 0.0285,
         0.0190],
        [0.0170, 0.0165, 0.0143, 0.0259, 0.0214, 0.8347, 0.0150, 0.0216, 0.0154,
         0.0183],
        [0.0071, 0.0185, 0.0466, 0.6945, 0.1095, 0.0321, 0.0477, 0.0148, 0.0157,
         0.0136],
        [0.0139, 0.0274, 0.0135, 0.0273, 0.8342, 0.0167, 0.0153, 0.0113, 0.0257,
         0.0146],
        [0.0158, 0.7675, 0.0201, 0.0225, 0.0379, 0.0202, 0.0146, 0.0200, 0.0186,
         0.0627],
        [0.0144, 0.0181, 0.0205, 0.1870, 0.0209, 0.0411, 0.6537, 0.0087, 0.0167,
         0.0188],
        [0.0368, 0.0207, 0.0149, 0.0318, 0.0239, 0.0281, 0.0186, 0.0085, 0.0300,
         0.7867],
        [0.5989, 0.0205, 0.1623, 0.0139, 0.0583, 0.0314, 0.0086, 0.0245, 0.0504,
         0.0312],
        [0.0128, 0.0157, 0.0435, 0.0199, 0.0160, 0.0375, 0.8002, 0.0130, 0.0237,
         0.0177],
        [0.0114, 0.0166, 0.0135, 0.8132, 0.0158, 0.0870, 0.0095, 0.0108, 0.0107,
         0.0115],
        [0.0278, 0.8048, 0.0156, 0.0206, 0.0357, 0.0168, 0.0200, 0.0240, 0.0121,
         0.0226],
        [0.1749, 0.0296, 0.6346, 0.0282, 0.0367, 0.0284, 0.0153, 0.0096, 0.0254,
         0.0173],
        [0.0105, 0.0227, 0.0197, 0.5439, 0.0253, 0.3008, 0.0157, 0.0310, 0.0124,
         0.0180],
        [0.0242, 0.0167, 0.0141, 0.0155, 0.0193, 0.0239, 0.0237, 0.0065, 0.0485,
         0.8075],
        [0.0285, 0.0171, 0.7469, 0.0196, 0.0220, 0.0668, 0.0520, 0.0065, 0.0226,
         0.0181],
        [0.0518, 0.2931, 0.0160, 0.0331, 0.0341, 0.0237, 0.0182, 0.0241, 0.0212,
         0.4848],
        [0.1690, 0.0315, 0.6092, 0.0230, 0.0367, 0.0288, 0.0121, 0.0170, 0.0449,
         0.0277],
        [0.0315, 0.0242, 0.0130, 0.0247, 0.0277, 0.0200, 0.0158, 0.0089, 0.8165,
         0.0176],
        [0.0298, 0.0528, 0.0298, 0.0803, 0.0643, 0.0375, 0.0162, 0.0352, 0.6173,
         0.0369],
        [0.0600, 0.0193, 0.7212, 0.0282, 0.0275, 0.0479, 0.0264, 0.0101, 0.0437,
         0.0157],
        [0.8635, 0.0191, 0.0105, 0.0115, 0.0240, 0.0131, 0.0134, 0.0141, 0.0117,
         0.0189]], device='cuda:0', grad_fn=<SoftmaxBackward>)
>> best accuracy: 82.04	best epoch: 10

>> final recovery rate: 79.75555555555556%
>> val epoch: 15
>> current accuracy: 84.26%
outputs: tensor([[0.0175, 0.0214, 0.0249, 0.0246, 0.0183, 0.0235, 0.7821, 0.0263, 0.0206,
         0.0408],
        [0.0225, 0.0187, 0.0504, 0.0168, 0.0244, 0.0232, 0.7451, 0.0351, 0.0301,
         0.0336],
        [0.0388, 0.0298, 0.0181, 0.7332, 0.0344, 0.0221, 0.0302, 0.0219, 0.0280,
         0.0435],
        [0.0067, 0.0305, 0.0226, 0.0274, 0.0220, 0.0392, 0.0183, 0.0349, 0.7662,
         0.0323],
        [0.0157, 0.7619, 0.0315, 0.0213, 0.0289, 0.0391, 0.0260, 0.0266, 0.0207,
         0.0284],
        [0.0248, 0.0109, 0.0406, 0.0131, 0.0139, 0.0115, 0.0179, 0.8410, 0.0121,
         0.0143],
        [0.0238, 0.0172, 0.1229, 0.0305, 0.0240, 0.5358, 0.1603, 0.0229, 0.0269,
         0.0357],
        [0.0675, 0.0590, 0.0344, 0.3846, 0.0452, 0.1152, 0.1125, 0.0274, 0.0256,
         0.1287],
        [0.0355, 0.0112, 0.0161, 0.0135, 0.0636, 0.0155, 0.0155, 0.7927, 0.0215,
         0.0148],
        [0.0345, 0.0327, 0.0459, 0.0250, 0.7292, 0.0184, 0.0269, 0.0224, 0.0342,
         0.0308],
        [0.0205, 0.0241, 0.0136, 0.0289, 0.0251, 0.0296, 0.7479, 0.0322, 0.0256,
         0.0525],
        [0.0356, 0.0263, 0.0346, 0.7316, 0.0328, 0.0137, 0.0314, 0.0260, 0.0207,
         0.0474],
        [0.0106, 0.0115, 0.8179, 0.0131, 0.0439, 0.0363, 0.0170, 0.0189, 0.0110,
         0.0198],
        [0.0177, 0.0456, 0.0281, 0.0259, 0.0407, 0.0407, 0.0246, 0.0352, 0.5423,
         0.1993],
        [0.0754, 0.0287, 0.0257, 0.2406, 0.1100, 0.1068, 0.2450, 0.0306, 0.0622,
         0.0750],
        [0.0154, 0.0066, 0.0119, 0.0159, 0.0238, 0.0183, 0.0097, 0.8772, 0.0099,
         0.0114],
        [0.0147, 0.0223, 0.0117, 0.0804, 0.0234, 0.7633, 0.0115, 0.0262, 0.0216,
         0.0249],
        [0.0442, 0.0305, 0.3049, 0.1367, 0.0724, 0.2489, 0.0197, 0.0523, 0.0152,
         0.0753],
        [0.0141, 0.0193, 0.0322, 0.0326, 0.0221, 0.0489, 0.0202, 0.0334, 0.7472,
         0.0301],
        [0.0311, 0.0275, 0.0097, 0.7361, 0.0153, 0.0943, 0.0132, 0.0238, 0.0211,
         0.0277],
        [0.0179, 0.0476, 0.0447, 0.0322, 0.0162, 0.0691, 0.0699, 0.0393, 0.6297,
         0.0335],
        [0.0315, 0.0178, 0.0705, 0.0457, 0.4346, 0.2659, 0.0326, 0.0408, 0.0348,
         0.0259],
        [0.0243, 0.0090, 0.0257, 0.0164, 0.0148, 0.0330, 0.0145, 0.0127, 0.0142,
         0.8354],
        [0.0123, 0.4471, 0.0204, 0.0178, 0.0175, 0.0324, 0.0160, 0.0118, 0.0185,
         0.4062],
        [0.0171, 0.0154, 0.7976, 0.0146, 0.0251, 0.0449, 0.0275, 0.0187, 0.0131,
         0.0261],
        [0.0398, 0.0332, 0.0436, 0.0319, 0.7122, 0.0276, 0.0232, 0.0199, 0.0359,
         0.0328],
        [0.0365, 0.0221, 0.0128, 0.7542, 0.0284, 0.0513, 0.0219, 0.0193, 0.0245,
         0.0291],
        [0.0180, 0.0306, 0.0602, 0.0839, 0.0575, 0.0415, 0.6239, 0.0264, 0.0273,
         0.0307],
        [0.4148, 0.0507, 0.0494, 0.0333, 0.0524, 0.0541, 0.0194, 0.0327, 0.2373,
         0.0558],
        [0.7893, 0.0269, 0.0228, 0.0122, 0.0149, 0.0303, 0.0193, 0.0374, 0.0267,
         0.0202],
        [0.7504, 0.0326, 0.0232, 0.0159, 0.0167, 0.0472, 0.0181, 0.0293, 0.0473,
         0.0193],
        [0.0283, 0.0285, 0.0174, 0.0177, 0.0143, 0.0208, 0.0133, 0.8286, 0.0100,
         0.0211],
        [0.0181, 0.0182, 0.0161, 0.0114, 0.0185, 0.0221, 0.8307, 0.0178, 0.0165,
         0.0306],
        [0.0286, 0.0126, 0.0498, 0.0162, 0.7595, 0.0300, 0.0180, 0.0226, 0.0264,
         0.0364],
        [0.1507, 0.1536, 0.0292, 0.0406, 0.0205, 0.0507, 0.0257, 0.0417, 0.3310,
         0.1564],
        [0.0128, 0.0127, 0.0146, 0.0125, 0.0141, 0.8729, 0.0144, 0.0150, 0.0126,
         0.0185],
        [0.7385, 0.0354, 0.0258, 0.0182, 0.0152, 0.0392, 0.0264, 0.0215, 0.0403,
         0.0397],
        [0.0421, 0.0762, 0.0423, 0.0252, 0.0129, 0.0326, 0.0174, 0.6454, 0.0087,
         0.0972],
        [0.0296, 0.0187, 0.0590, 0.2573, 0.0485, 0.3867, 0.0195, 0.0946, 0.0260,
         0.0601],
        [0.0235, 0.0277, 0.0548, 0.0688, 0.7156, 0.0140, 0.0131, 0.0101, 0.0224,
         0.0501],
        [0.0491, 0.0198, 0.0243, 0.0092, 0.0299, 0.0199, 0.0148, 0.7995, 0.0107,
         0.0229],
        [0.0477, 0.0849, 0.0328, 0.3887, 0.0197, 0.0678, 0.0321, 0.0200, 0.0273,
         0.2790],
        [0.0315, 0.1259, 0.0269, 0.0300, 0.0393, 0.0746, 0.0190, 0.0224, 0.5521,
         0.0783],
        [0.0140, 0.0126, 0.0172, 0.0082, 0.0123, 0.8831, 0.0123, 0.0128, 0.0109,
         0.0168],
        [0.0264, 0.0211, 0.0269, 0.0221, 0.7558, 0.0343, 0.0209, 0.0329, 0.0359,
         0.0237],
        [0.0298, 0.0299, 0.0370, 0.0237, 0.7834, 0.0103, 0.0174, 0.0107, 0.0201,
         0.0376],
        [0.7459, 0.0417, 0.0188, 0.0094, 0.0187, 0.0348, 0.0205, 0.0192, 0.0482,
         0.0427],
        [0.0177, 0.0165, 0.0138, 0.0266, 0.0551, 0.0273, 0.0128, 0.7977, 0.0158,
         0.0167],
        [0.0261, 0.0227, 0.0297, 0.0405, 0.0296, 0.0604, 0.0227, 0.0280, 0.6979,
         0.0424],
        [0.0285, 0.0148, 0.0256, 0.0197, 0.7588, 0.0435, 0.0165, 0.0354, 0.0366,
         0.0206],
        [0.0249, 0.0244, 0.0276, 0.0454, 0.0280, 0.0465, 0.7333, 0.0162, 0.0151,
         0.0386],
        [0.0193, 0.0314, 0.0243, 0.0219, 0.0171, 0.0150, 0.0138, 0.8168, 0.0094,
         0.0311],
        [0.0183, 0.0333, 0.0154, 0.0275, 0.0374, 0.0568, 0.0095, 0.0157, 0.7306,
         0.0555],
        [0.0275, 0.0516, 0.0198, 0.0246, 0.0207, 0.0344, 0.0174, 0.0247, 0.7402,
         0.0391],
        [0.0139, 0.8117, 0.0197, 0.0165, 0.0198, 0.0404, 0.0250, 0.0175, 0.0145,
         0.0210],
        [0.1159, 0.0550, 0.1253, 0.0150, 0.0198, 0.0614, 0.0183, 0.0615, 0.0167,
         0.5109],
        [0.0255, 0.0086, 0.0332, 0.0171, 0.0174, 0.0138, 0.0202, 0.8383, 0.0149,
         0.0112],
        [0.2229, 0.0366, 0.3869, 0.0307, 0.0417, 0.1033, 0.0964, 0.0302, 0.0198,
         0.0315],
        [0.0237, 0.0126, 0.0158, 0.0497, 0.0353, 0.7273, 0.0188, 0.0632, 0.0305,
         0.0231],
        [0.0123, 0.0170, 0.0222, 0.0185, 0.0138, 0.8550, 0.0156, 0.0147, 0.0174,
         0.0135],
        [0.0321, 0.0256, 0.0175, 0.5274, 0.0319, 0.2216, 0.0283, 0.0532, 0.0290,
         0.0333],
        [0.0298, 0.0078, 0.0200, 0.0119, 0.0120, 0.0238, 0.0213, 0.0087, 0.0135,
         0.8514],
        [0.0123, 0.0220, 0.0320, 0.0379, 0.0218, 0.0433, 0.0168, 0.0374, 0.7405,
         0.0359],
        [0.0168, 0.0309, 0.6689, 0.0857, 0.0214, 0.0976, 0.0185, 0.0211, 0.0191,
         0.0202],
        [0.0343, 0.0200, 0.0229, 0.1303, 0.5322, 0.0515, 0.1033, 0.0346, 0.0319,
         0.0391],
        [0.3905, 0.0370, 0.0328, 0.0131, 0.0140, 0.0405, 0.0286, 0.0205, 0.0807,
         0.3423],
        [0.0188, 0.0105, 0.0219, 0.0130, 0.0168, 0.0092, 0.0114, 0.8723, 0.0118,
         0.0144],
        [0.0444, 0.0296, 0.1307, 0.3122, 0.0470, 0.2476, 0.0595, 0.0484, 0.0510,
         0.0297],
        [0.2373, 0.0501, 0.1106, 0.1352, 0.0395, 0.0339, 0.0983, 0.0276, 0.1973,
         0.0701],
        [0.0373, 0.0217, 0.0205, 0.1104, 0.1177, 0.0642, 0.0187, 0.5404, 0.0337,
         0.0353],
        [0.0255, 0.0314, 0.6031, 0.0793, 0.0867, 0.0675, 0.0318, 0.0340, 0.0196,
         0.0213],
        [0.0415, 0.0273, 0.0172, 0.2557, 0.0201, 0.5697, 0.0162, 0.0133, 0.0162,
         0.0228]], device='cuda:0', grad_fn=<SoftmaxBackward>)
>> best accuracy: 84.26	best epoch: 15

>> final recovery rate: 79.75555555555556%
>> val epoch: 20
>> current accuracy: 84.54%
outputs: tensor([[0.0268, 0.8001, 0.0198, 0.0208, 0.0204, 0.0196, 0.0226, 0.0291, 0.0206,
         0.0202],
        [0.8059, 0.0084, 0.0287, 0.0254, 0.0065, 0.0084, 0.0245, 0.0482, 0.0069,
         0.0371],
        [0.1423, 0.0944, 0.0247, 0.0306, 0.0504, 0.0253, 0.0336, 0.0556, 0.5144,
         0.0287],
        [0.0162, 0.0271, 0.7726, 0.0360, 0.0637, 0.0162, 0.0194, 0.0114, 0.0146,
         0.0227],
        [0.7919, 0.0169, 0.0381, 0.0244, 0.0147, 0.0145, 0.0223, 0.0284, 0.0221,
         0.0266],
        [0.0126, 0.0214, 0.0107, 0.0295, 0.8139, 0.0189, 0.0171, 0.0394, 0.0212,
         0.0153],
        [0.0162, 0.0203, 0.0256, 0.0302, 0.0576, 0.0946, 0.0100, 0.6899, 0.0368,
         0.0189],
        [0.0229, 0.0283, 0.0440, 0.1002, 0.5436, 0.1244, 0.0174, 0.0250, 0.0544,
         0.0399],
        [0.0127, 0.0254, 0.0289, 0.0201, 0.0208, 0.0164, 0.8367, 0.0171, 0.0113,
         0.0105],
        [0.0359, 0.0256, 0.0891, 0.0645, 0.3596, 0.1071, 0.0155, 0.1233, 0.0488,
         0.1306],
        [0.0194, 0.0149, 0.0250, 0.0205, 0.0161, 0.0271, 0.0144, 0.8229, 0.0263,
         0.0135],
        [0.0253, 0.0412, 0.0128, 0.1852, 0.0306, 0.0377, 0.5281, 0.0208, 0.0436,
         0.0747],
        [0.0150, 0.0257, 0.0433, 0.7735, 0.0248, 0.0573, 0.0127, 0.0138, 0.0173,
         0.0166],
        [0.0251, 0.0244, 0.0277, 0.0261, 0.0235, 0.8030, 0.0150, 0.0134, 0.0171,
         0.0246],
        [0.0123, 0.0187, 0.0240, 0.0198, 0.0174, 0.0195, 0.7982, 0.0324, 0.0226,
         0.0353],
        [0.0214, 0.0151, 0.0237, 0.0129, 0.0197, 0.0206, 0.0132, 0.8256, 0.0309,
         0.0168],
        [0.0257, 0.0227, 0.0178, 0.0194, 0.0158, 0.8194, 0.0130, 0.0196, 0.0260,
         0.0206],
        [0.8354, 0.0117, 0.0407, 0.0246, 0.0077, 0.0136, 0.0199, 0.0195, 0.0169,
         0.0099],
        [0.0263, 0.6256, 0.0232, 0.0192, 0.0288, 0.0374, 0.0328, 0.0274, 0.0255,
         0.1538],
        [0.0187, 0.0166, 0.0325, 0.0148, 0.0170, 0.0188, 0.0159, 0.8151, 0.0315,
         0.0192],
        [0.8027, 0.0384, 0.0253, 0.0124, 0.0228, 0.0099, 0.0205, 0.0266, 0.0094,
         0.0319],
        [0.0149, 0.0281, 0.0212, 0.0194, 0.0241, 0.0122, 0.8252, 0.0187, 0.0189,
         0.0174],
        [0.0153, 0.0218, 0.0248, 0.6851, 0.0238, 0.1328, 0.0361, 0.0197, 0.0223,
         0.0183],
        [0.0142, 0.0602, 0.0094, 0.0179, 0.7945, 0.0323, 0.0206, 0.0134, 0.0209,
         0.0166],
        [0.0142, 0.0192, 0.0205, 0.0138, 0.0172, 0.0220, 0.8166, 0.0266, 0.0189,
         0.0312],
        [0.0135, 0.0232, 0.0343, 0.0191, 0.1012, 0.0203, 0.0145, 0.7093, 0.0278,
         0.0367],
        [0.0288, 0.7903, 0.0227, 0.0184, 0.0164, 0.0264, 0.0176, 0.0362, 0.0307,
         0.0125],
        [0.0096, 0.0200, 0.0144, 0.0286, 0.0189, 0.0121, 0.8317, 0.0208, 0.0193,
         0.0247],
        [0.0223, 0.0317, 0.0256, 0.4374, 0.1562, 0.1286, 0.0162, 0.1087, 0.0432,
         0.0302],
        [0.0271, 0.0152, 0.0282, 0.0227, 0.0197, 0.0218, 0.0177, 0.0232, 0.0170,
         0.8073],
        [0.0120, 0.0201, 0.0182, 0.0140, 0.0182, 0.0105, 0.0102, 0.8510, 0.0144,
         0.0314],
        [0.0175, 0.0373, 0.0194, 0.5510, 0.0255, 0.2719, 0.0184, 0.0163, 0.0159,
         0.0267],
        [0.0146, 0.0146, 0.8652, 0.0101, 0.0176, 0.0140, 0.0060, 0.0156, 0.0220,
         0.0203],
        [0.0146, 0.7589, 0.0135, 0.0133, 0.0128, 0.0153, 0.0250, 0.0214, 0.0143,
         0.1110],
        [0.0198, 0.0261, 0.0223, 0.4223, 0.0364, 0.3816, 0.0124, 0.0266, 0.0256,
         0.0270],
        [0.0165, 0.0120, 0.8746, 0.0087, 0.0121, 0.0166, 0.0086, 0.0138, 0.0217,
         0.0155],
        [0.1031, 0.0737, 0.3836, 0.0435, 0.1017, 0.0343, 0.0254, 0.1654, 0.0285,
         0.0407],
        [0.0287, 0.8068, 0.0152, 0.0221, 0.0197, 0.0171, 0.0208, 0.0230, 0.0229,
         0.0239],
        [0.0099, 0.0152, 0.8892, 0.0098, 0.0124, 0.0127, 0.0077, 0.0101, 0.0177,
         0.0153],
        [0.0198, 0.0385, 0.0503, 0.5083, 0.0170, 0.2415, 0.0197, 0.0187, 0.0596,
         0.0265],
        [0.0138, 0.0204, 0.0181, 0.0184, 0.0170, 0.0206, 0.8133, 0.0272, 0.0203,
         0.0309],
        [0.8620, 0.0156, 0.0159, 0.0243, 0.0102, 0.0085, 0.0163, 0.0266, 0.0091,
         0.0115],
        [0.0201, 0.0093, 0.0177, 0.0168, 0.0144, 0.0163, 0.0154, 0.0153, 0.0130,
         0.8616],
        [0.0211, 0.0284, 0.7936, 0.0300, 0.0152, 0.0183, 0.0089, 0.0155, 0.0368,
         0.0322],
        [0.0122, 0.0127, 0.0239, 0.0129, 0.0118, 0.0108, 0.0178, 0.0218, 0.8589,
         0.0172],
        [0.0063, 0.0123, 0.9101, 0.0068, 0.0097, 0.0100, 0.0065, 0.0089, 0.0134,
         0.0160],
        [0.0170, 0.0129, 0.0073, 0.0287, 0.0088, 0.8836, 0.0098, 0.0076, 0.0134,
         0.0110],
        [0.0122, 0.0201, 0.0141, 0.0194, 0.0410, 0.0187, 0.0305, 0.0202, 0.8001,
         0.0238],
        [0.0157, 0.0253, 0.0191, 0.5562, 0.0251, 0.2765, 0.0187, 0.0177, 0.0302,
         0.0155],
        [0.8241, 0.0116, 0.0227, 0.0186, 0.0141, 0.0133, 0.0225, 0.0343, 0.0172,
         0.0215],
        [0.0346, 0.0179, 0.0393, 0.1012, 0.0194, 0.7031, 0.0201, 0.0070, 0.0288,
         0.0285],
        [0.0165, 0.0319, 0.0202, 0.0140, 0.0191, 0.0166, 0.0222, 0.0259, 0.8169,
         0.0167],
        [0.0142, 0.0126, 0.0176, 0.0158, 0.0298, 0.0184, 0.0311, 0.0197, 0.8145,
         0.0262],
        [0.0257, 0.0107, 0.0173, 0.0105, 0.0248, 0.0107, 0.0399, 0.0258, 0.4656,
         0.3689],
        [0.0574, 0.0258, 0.0459, 0.0988, 0.3712, 0.1147, 0.0207, 0.1769, 0.0547,
         0.0339],
        [0.0178, 0.0286, 0.0196, 0.0309, 0.0269, 0.0150, 0.7909, 0.0225, 0.0213,
         0.0266],
        [0.0144, 0.0222, 0.0404, 0.0858, 0.0359, 0.0161, 0.0409, 0.6644, 0.0491,
         0.0308],
        [0.0378, 0.0230, 0.7593, 0.0409, 0.0093, 0.0154, 0.0098, 0.0075, 0.0788,
         0.0181],
        [0.0230, 0.0178, 0.0133, 0.0230, 0.0185, 0.8347, 0.0127, 0.0205, 0.0194,
         0.0170],
        [0.0162, 0.0179, 0.0158, 0.0183, 0.0265, 0.0345, 0.0109, 0.8175, 0.0270,
         0.0154],
        [0.3370, 0.0463, 0.0419, 0.0258, 0.0665, 0.0223, 0.0373, 0.0699, 0.0643,
         0.2886],
        [0.0095, 0.0284, 0.0135, 0.0201, 0.8622, 0.0068, 0.0199, 0.0086, 0.0165,
         0.0145],
        [0.0139, 0.0396, 0.0336, 0.0170, 0.7960, 0.0132, 0.0203, 0.0169, 0.0132,
         0.0362],
        [0.0123, 0.1247, 0.0187, 0.0167, 0.6821, 0.0128, 0.0279, 0.0167, 0.0438,
         0.0443],
        [0.0177, 0.8380, 0.0179, 0.0133, 0.0166, 0.0202, 0.0217, 0.0181, 0.0151,
         0.0216],
        [0.0164, 0.0366, 0.0558, 0.5812, 0.1055, 0.0381, 0.0390, 0.0613, 0.0357,
         0.0302],
        [0.0140, 0.0212, 0.0190, 0.0177, 0.0203, 0.0183, 0.0201, 0.0222, 0.8223,
         0.0249],
        [0.5233, 0.0660, 0.0957, 0.0347, 0.0373, 0.0149, 0.0358, 0.0262, 0.0453,
         0.1209],
        [0.0162, 0.0445, 0.0257, 0.2486, 0.0282, 0.5093, 0.0305, 0.0279, 0.0383,
         0.0308],
        [0.7676, 0.0112, 0.0670, 0.0375, 0.0075, 0.0133, 0.0304, 0.0303, 0.0176,
         0.0177],
        [0.0214, 0.0105, 0.0206, 0.0223, 0.0182, 0.0174, 0.0157, 0.0161, 0.0140,
         0.8437],
        [0.0193, 0.0224, 0.0117, 0.4531, 0.0179, 0.3899, 0.0102, 0.0296, 0.0297,
         0.0163]], device='cuda:0', grad_fn=<SoftmaxBackward>)
>> best accuracy: 84.54	best epoch: 20

>> final recovery rate: 79.75555555555556%
>> val epoch: 25
>> current accuracy: 80.54%
outputs: tensor([[0.0193, 0.0197, 0.1022, 0.3765, 0.3827, 0.0217, 0.0288, 0.0200, 0.0072,
         0.0218],
        [0.2676, 0.0176, 0.5812, 0.0184, 0.0186, 0.0204, 0.0080, 0.0270, 0.0309,
         0.0103],
        [0.0130, 0.0133, 0.0137, 0.0418, 0.0093, 0.8731, 0.0068, 0.0129, 0.0075,
         0.0086],
        [0.0204, 0.7714, 0.0314, 0.0238, 0.0270, 0.0503, 0.0206, 0.0196, 0.0258,
         0.0097],
        [0.0207, 0.0406, 0.0365, 0.0264, 0.0206, 0.0156, 0.0138, 0.0278, 0.7793,
         0.0187],
        [0.2578, 0.3944, 0.0453, 0.0212, 0.0627, 0.0420, 0.0467, 0.0247, 0.0212,
         0.0840],
        [0.7906, 0.0088, 0.0465, 0.0155, 0.0249, 0.0173, 0.0140, 0.0243, 0.0472,
         0.0109],
        [0.0106, 0.5808, 0.0139, 0.0213, 0.0265, 0.0347, 0.0096, 0.0270, 0.0062,
         0.2696],
        [0.0268, 0.1193, 0.0779, 0.0515, 0.0614, 0.0739, 0.0410, 0.0292, 0.0270,
         0.4920],
        [0.0128, 0.0181, 0.8829, 0.0119, 0.0119, 0.0100, 0.0045, 0.0184, 0.0169,
         0.0125],
        [0.6012, 0.0155, 0.1186, 0.0363, 0.0182, 0.0109, 0.0231, 0.0377, 0.1110,
         0.0277],
        [0.1053, 0.1053, 0.0316, 0.0168, 0.0317, 0.0277, 0.0233, 0.0519, 0.3784,
         0.2280],
        [0.6223, 0.0153, 0.1500, 0.0408, 0.0648, 0.0242, 0.0119, 0.0365, 0.0212,
         0.0130],
        [0.0143, 0.0233, 0.0725, 0.0146, 0.0338, 0.0237, 0.7576, 0.0127, 0.0293,
         0.0183],
        [0.0098, 0.0284, 0.7033, 0.0625, 0.1221, 0.0204, 0.0144, 0.0171, 0.0055,
         0.0165],
        [0.0135, 0.0260, 0.0327, 0.0231, 0.0340, 0.0167, 0.0129, 0.0324, 0.7943,
         0.0143],
        [0.0156, 0.0374, 0.0223, 0.0394, 0.7778, 0.0091, 0.0578, 0.0116, 0.0156,
         0.0135],
        [0.0302, 0.0287, 0.0228, 0.2834, 0.3468, 0.1530, 0.0132, 0.0380, 0.0561,
         0.0278],
        [0.0186, 0.0142, 0.0264, 0.0156, 0.0176, 0.0511, 0.0105, 0.0187, 0.0118,
         0.8154],
        [0.0096, 0.0123, 0.0387, 0.0171, 0.0248, 0.0314, 0.0113, 0.8254, 0.0146,
         0.0148],
        [0.0117, 0.0198, 0.0279, 0.8096, 0.0167, 0.0425, 0.0268, 0.0154, 0.0151,
         0.0145],
