noise type: uniform
noise level: 0.4
when_to_apply_epoch: 20
total clean data num: 27019
probability transition matrix:
[[0.6        0.04444444 0.04444444 0.04444444 0.04444444 0.04444444
  0.04444444 0.04444444 0.04444444 0.04444444]
 [0.04444444 0.6        0.04444444 0.04444444 0.04444444 0.04444444
  0.04444444 0.04444444 0.04444444 0.04444444]
 [0.04444444 0.04444444 0.6        0.04444444 0.04444444 0.04444444
  0.04444444 0.04444444 0.04444444 0.04444444]
 [0.04444444 0.04444444 0.04444444 0.6        0.04444444 0.04444444
  0.04444444 0.04444444 0.04444444 0.04444444]
 [0.04444444 0.04444444 0.04444444 0.04444444 0.6        0.04444444
  0.04444444 0.04444444 0.04444444 0.04444444]
 [0.04444444 0.04444444 0.04444444 0.04444444 0.04444444 0.6
  0.04444444 0.04444444 0.04444444 0.04444444]
 [0.04444444 0.04444444 0.04444444 0.04444444 0.04444444 0.04444444
  0.6        0.04444444 0.04444444 0.04444444]
 [0.04444444 0.04444444 0.04444444 0.04444444 0.04444444 0.04444444
  0.04444444 0.6        0.04444444 0.04444444]
 [0.04444444 0.04444444 0.04444444 0.04444444 0.04444444 0.04444444
  0.04444444 0.04444444 0.6        0.04444444]
 [0.04444444 0.04444444 0.04444444 0.04444444 0.04444444 0.04444444
  0.04444444 0.04444444 0.04444444 0.6       ]]
>> val epoch: 0
>> current accuracy: 39.879999999999995%
outputs: tensor([[0.0598, 0.2292, 0.0381, 0.0497, 0.0263, 0.0680, 0.0397, 0.0466, 0.0758,
         0.3667],
        [0.1762, 0.2068, 0.0671, 0.0648, 0.0522, 0.0701, 0.0519, 0.0673, 0.1256,
         0.1179],
        [0.0570, 0.0662, 0.1503, 0.0819, 0.1609, 0.0528, 0.1780, 0.1129, 0.0640,
         0.0761],
        [0.0729, 0.0741, 0.1052, 0.1084, 0.0679, 0.1104, 0.1127, 0.1505, 0.0685,
         0.1294],
        [0.1179, 0.1124, 0.0889, 0.1046, 0.0844, 0.0812, 0.0707, 0.0567, 0.2140,
         0.0692],
        [0.1165, 0.0761, 0.0850, 0.0388, 0.0765, 0.0615, 0.0518, 0.2519, 0.0686,
         0.1732],
        [0.0605, 0.0559, 0.0802, 0.0826, 0.0611, 0.1273, 0.0926, 0.2553, 0.0551,
         0.1295],
        [0.0525, 0.0226, 0.2741, 0.0727, 0.2079, 0.0780, 0.1074, 0.0854, 0.0619,
         0.0375],
        [0.0608, 0.0321, 0.1227, 0.1922, 0.1087, 0.1857, 0.1015, 0.1120, 0.0519,
         0.0325],
        [0.0509, 0.0309, 0.0769, 0.1264, 0.0386, 0.3529, 0.0714, 0.1670, 0.0293,
         0.0556],
        [0.1243, 0.0711, 0.0848, 0.0838, 0.0608, 0.0803, 0.0594, 0.0504, 0.2730,
         0.1121],
        [0.0564, 0.0426, 0.1188, 0.1577, 0.1475, 0.1151, 0.1697, 0.0903, 0.0569,
         0.0450],
        [0.0546, 0.0438, 0.1301, 0.1511, 0.0921, 0.1836, 0.1388, 0.0854, 0.0590,
         0.0614],
        [0.0799, 0.4393, 0.0272, 0.0201, 0.0288, 0.0212, 0.0222, 0.0230, 0.0707,
         0.2678],
        [0.0490, 0.0307, 0.0993, 0.1665, 0.0812, 0.2442, 0.1232, 0.1197, 0.0480,
         0.0381],
        [0.1278, 0.0781, 0.0995, 0.1377, 0.0728, 0.1486, 0.0742, 0.0782, 0.1289,
         0.0544],
        [0.3875, 0.0435, 0.0838, 0.0312, 0.0353, 0.0315, 0.0342, 0.0289, 0.2378,
         0.0862],
        [0.0528, 0.0335, 0.1727, 0.0945, 0.1852, 0.0790, 0.1850, 0.1079, 0.0494,
         0.0399],
        [0.2850, 0.0584, 0.0650, 0.0480, 0.0481, 0.0453, 0.0429, 0.0336, 0.2959,
         0.0778],
        [0.5403, 0.0565, 0.0545, 0.0255, 0.0318, 0.0257, 0.0268, 0.0180, 0.1828,
         0.0381],
        [0.0444, 0.0310, 0.1051, 0.1539, 0.1046, 0.1753, 0.1836, 0.1164, 0.0440,
         0.0418],
        [0.0659, 0.0966, 0.0621, 0.0572, 0.0460, 0.0776, 0.0780, 0.1090, 0.0540,
         0.3538],
        [0.1684, 0.1864, 0.0774, 0.0692, 0.0577, 0.0762, 0.0516, 0.0666, 0.1484,
         0.0979],
        [0.1487, 0.1645, 0.0357, 0.0336, 0.0457, 0.0214, 0.0267, 0.0151, 0.4082,
         0.1005],
        [0.1800, 0.1272, 0.0616, 0.0566, 0.0485, 0.0648, 0.0449, 0.0472, 0.2212,
         0.1480],
        [0.0957, 0.0306, 0.1613, 0.0769, 0.0791, 0.1427, 0.0647, 0.2184, 0.0481,
         0.0826],
        [0.0726, 0.0399, 0.1106, 0.1208, 0.0807, 0.1947, 0.0725, 0.1980, 0.0456,
         0.0647],
        [0.0602, 0.0560, 0.0905, 0.1271, 0.0950, 0.1605, 0.1484, 0.1160, 0.0583,
         0.0880],
        [0.0593, 0.0584, 0.1032, 0.1639, 0.0856, 0.1503, 0.1605, 0.0934, 0.0609,
         0.0645],
        [0.0683, 0.0461, 0.1193, 0.1127, 0.1163, 0.1423, 0.1367, 0.1374, 0.0618,
         0.0590],
        [0.2728, 0.0545, 0.1163, 0.0904, 0.0676, 0.0874, 0.0732, 0.0478, 0.1270,
         0.0631],
        [0.0551, 0.0283, 0.1802, 0.0784, 0.2062, 0.0524, 0.2138, 0.0808, 0.0643,
         0.0405],
        [0.0553, 0.0307, 0.1384, 0.1520, 0.1388, 0.1476, 0.1489, 0.1040, 0.0521,
         0.0321],
        [0.0559, 0.0311, 0.1465, 0.1062, 0.2299, 0.0617, 0.1903, 0.0996, 0.0494,
         0.0293],
        [0.2242, 0.2080, 0.0482, 0.0251, 0.0494, 0.0336, 0.0341, 0.0514, 0.1632,
         0.1628],
        [0.0474, 0.0271, 0.0938, 0.1443, 0.0541, 0.2736, 0.0928, 0.1805, 0.0342,
         0.0523],
        [0.0720, 0.1196, 0.0928, 0.1088, 0.0855, 0.0797, 0.0972, 0.0827, 0.1145,
         0.1472],
        [0.0724, 0.0876, 0.1304, 0.0821, 0.1046, 0.0773, 0.1286, 0.1577, 0.0627,
         0.0964],
        [0.2142, 0.0484, 0.0758, 0.0342, 0.0566, 0.0291, 0.0403, 0.0296, 0.3762,
         0.0956],
        [0.0571, 0.0292, 0.1414, 0.1626, 0.1529, 0.1474, 0.1378, 0.0871, 0.0518,
         0.0327],
        [0.1748, 0.0796, 0.0995, 0.1257, 0.0607, 0.1386, 0.0730, 0.0640, 0.1127,
         0.0714],
        [0.0419, 0.0258, 0.1111, 0.1656, 0.0812, 0.2635, 0.1268, 0.1080, 0.0378,
         0.0383],
        [0.0746, 0.0277, 0.1842, 0.1403, 0.1073, 0.2051, 0.0926, 0.0562, 0.0807,
         0.0310],
        [0.1316, 0.1689, 0.0730, 0.0605, 0.0580, 0.0536, 0.0554, 0.0645, 0.1706,
         0.1640],
        [0.0434, 0.0283, 0.2738, 0.0521, 0.2276, 0.0366, 0.1919, 0.0586, 0.0507,
         0.0371],
        [0.0755, 0.0484, 0.0941, 0.1215, 0.0566, 0.1986, 0.0688, 0.1785, 0.0605,
         0.0976],
        [0.1640, 0.1571, 0.0528, 0.0467, 0.0380, 0.0475, 0.0430, 0.0395, 0.2248,
         0.1866],
        [0.0992, 0.3875, 0.0417, 0.0359, 0.0421, 0.0402, 0.0404, 0.0513, 0.0635,
         0.1983],
        [0.2911, 0.1542, 0.0526, 0.0393, 0.0493, 0.0433, 0.0441, 0.0522, 0.0968,
         0.1772],
        [0.0646, 0.1103, 0.0831, 0.1151, 0.0803, 0.0964, 0.1251, 0.1341, 0.0710,
         0.1200],
        [0.0501, 0.0420, 0.1303, 0.1074, 0.1268, 0.1032, 0.2168, 0.1135, 0.0475,
         0.0626],
        [0.2029, 0.1166, 0.0796, 0.0392, 0.0656, 0.0512, 0.0457, 0.0715, 0.1858,
         0.1418],
        [0.1223, 0.1660, 0.0642, 0.0711, 0.0414, 0.0818, 0.0606, 0.0862, 0.0602,
         0.2461],
        [0.1025, 0.0768, 0.1178, 0.1364, 0.1103, 0.1008, 0.1039, 0.0543, 0.1322,
         0.0649],
        [0.0552, 0.0810, 0.0942, 0.1175, 0.0822, 0.0792, 0.2365, 0.0582, 0.0721,
         0.1238],
        [0.0567, 0.0285, 0.1799, 0.1644, 0.1699, 0.1026, 0.1529, 0.0555, 0.0620,
         0.0277],
        [0.0590, 0.0366, 0.1776, 0.0903, 0.1809, 0.0805, 0.1318, 0.1436, 0.0528,
         0.0469],
        [0.0689, 0.0317, 0.1494, 0.1945, 0.1505, 0.1241, 0.1435, 0.0567, 0.0536,
         0.0271],
        [0.0916, 0.0532, 0.0836, 0.0544, 0.0570, 0.1012, 0.0525, 0.2945, 0.0498,
         0.1622],
        [0.0747, 0.0315, 0.0989, 0.2298, 0.0788, 0.2337, 0.0824, 0.0842, 0.0560,
         0.0299],
        [0.1359, 0.0799, 0.1405, 0.1026, 0.1049, 0.0814, 0.0955, 0.0798, 0.1220,
         0.0574],
        [0.0551, 0.0386, 0.2012, 0.0886, 0.2037, 0.0700, 0.1592, 0.0895, 0.0577,
         0.0364],
        [0.0586, 0.0725, 0.0731, 0.0955, 0.0449, 0.1255, 0.0987, 0.1119, 0.0748,
         0.2447],
        [0.0725, 0.0842, 0.0889, 0.1070, 0.0544, 0.1341, 0.1139, 0.1507, 0.0485,
         0.1458],
        [0.1618, 0.2717, 0.0509, 0.0559, 0.0531, 0.0382, 0.0513, 0.0359, 0.1458,
         0.1355],
        [0.1878, 0.2195, 0.0310, 0.0243, 0.0334, 0.0196, 0.0269, 0.0123, 0.3254,
         0.1196],
        [0.0738, 0.0508, 0.1386, 0.1263, 0.1629, 0.0795, 0.1538, 0.0864, 0.0877,
         0.0402],
        [0.0522, 0.0486, 0.1199, 0.0988, 0.1117, 0.1004, 0.2020, 0.1383, 0.0560,
         0.0721],
        [0.0815, 0.3273, 0.0292, 0.0330, 0.0340, 0.0267, 0.0336, 0.0292, 0.0746,
         0.3309],
        [0.1920, 0.0425, 0.1197, 0.0334, 0.0743, 0.0529, 0.0359, 0.1911, 0.1159,
         0.1423],
        [0.0600, 0.0299, 0.2445, 0.0518, 0.2757, 0.0397, 0.1284, 0.0839, 0.0509,
         0.0353],
        [0.1400, 0.2712, 0.0542, 0.0301, 0.0525, 0.0366, 0.0332, 0.0552, 0.1048,
         0.2223]], device='cuda:0', grad_fn=<SoftmaxBackward>)
>> best accuracy: 39.879999999999995	best epoch: 0

>> final recovery rate: 60.04222222222222%
>> val epoch: 5
>> current accuracy: 63.480000000000004%
outputs: tensor([[0.0483, 0.0453, 0.1552, 0.0982, 0.1869, 0.0641, 0.0421, 0.2811, 0.0403,
         0.0385],
        [0.0447, 0.0317, 0.1615, 0.0481, 0.4000, 0.0788, 0.0687, 0.0843, 0.0487,
         0.0336],
        [0.0684, 0.0592, 0.0407, 0.0519, 0.0329, 0.0298, 0.0426, 0.0618, 0.1149,
         0.4978],
        [0.0869, 0.0549, 0.1885, 0.0954, 0.1416, 0.0320, 0.2191, 0.0665, 0.0828,
         0.0324],
        [0.0488, 0.0884, 0.0655, 0.2181, 0.0517, 0.1880, 0.0980, 0.0850, 0.0826,
         0.0738],
        [0.1317, 0.3343, 0.0565, 0.0551, 0.0546, 0.0707, 0.0792, 0.0523, 0.0713,
         0.0942],
        [0.1642, 0.0299, 0.1548, 0.0847, 0.0510, 0.0476, 0.0605, 0.0498, 0.3056,
         0.0519],
        [0.0508, 0.0483, 0.1254, 0.1227, 0.2903, 0.0602, 0.1483, 0.0544, 0.0574,
         0.0422],
        [0.0604, 0.0415, 0.0642, 0.0661, 0.0679, 0.0378, 0.5358, 0.0433, 0.0493,
         0.0336],
        [0.0413, 0.0344, 0.0305, 0.1966, 0.0290, 0.4961, 0.0416, 0.0572, 0.0442,
         0.0292],
        [0.0386, 0.0596, 0.0566, 0.0642, 0.0382, 0.0558, 0.0475, 0.1074, 0.0374,
         0.4947],
        [0.1008, 0.0236, 0.6002, 0.0402, 0.0657, 0.0401, 0.0290, 0.0399, 0.0272,
         0.0333],
        [0.0431, 0.0468, 0.0619, 0.2693, 0.0955, 0.2760, 0.0877, 0.0496, 0.0368,
         0.0331],
        [0.0744, 0.0297, 0.0449, 0.0710, 0.0762, 0.0547, 0.0335, 0.2721, 0.0676,
         0.2758],
        [0.0403, 0.0358, 0.0264, 0.0317, 0.0312, 0.0349, 0.0410, 0.0581, 0.6664,
         0.0341],
        [0.0816, 0.0512, 0.3267, 0.1756, 0.0321, 0.0783, 0.0986, 0.0458, 0.0544,
         0.0557],
        [0.1614, 0.0541, 0.2041, 0.1352, 0.0997, 0.0950, 0.0556, 0.1044, 0.0493,
         0.0411],
        [0.0376, 0.0353, 0.0744, 0.2038, 0.0489, 0.3218, 0.0423, 0.1155, 0.0828,
         0.0376],
        [0.0397, 0.1000, 0.0475, 0.0528, 0.0415, 0.0384, 0.0540, 0.0408, 0.0534,
         0.5318],
        [0.0489, 0.0349, 0.3063, 0.0826, 0.1963, 0.1031, 0.0773, 0.0550, 0.0485,
         0.0473],
        [0.0457, 0.0240, 0.0325, 0.0467, 0.0276, 0.0380, 0.0421, 0.0579, 0.6336,
         0.0517],
        [0.0431, 0.0754, 0.0563, 0.1228, 0.0908, 0.1400, 0.0814, 0.2618, 0.0522,
         0.0762],
        [0.0612, 0.5107, 0.0480, 0.0406, 0.0389, 0.0399, 0.0606, 0.0506, 0.1167,
         0.0329],
        [0.0583, 0.0740, 0.0658, 0.1127, 0.0561, 0.0844, 0.0918, 0.0891, 0.1344,
         0.2334],
        [0.0712, 0.0492, 0.0820, 0.1184, 0.0669, 0.0865, 0.0480, 0.1288, 0.2165,
         0.1325],
        [0.0349, 0.0364, 0.0641, 0.0810, 0.1333, 0.0395, 0.0367, 0.5011, 0.0401,
         0.0329],
        [0.1896, 0.0408, 0.0868, 0.0776, 0.0535, 0.0567, 0.0653, 0.0788, 0.2325,
         0.1184],
        [0.2071, 0.0738, 0.0625, 0.0759, 0.0614, 0.0555, 0.0439, 0.1078, 0.1967,
         0.1153],
        [0.0541, 0.5314, 0.0497, 0.0350, 0.0528, 0.0480, 0.0525, 0.0409, 0.0311,
         0.1044],
        [0.1106, 0.0350, 0.0756, 0.0741, 0.1615, 0.0352, 0.0285, 0.3244, 0.0846,
         0.0706],
        [0.0990, 0.0298, 0.3727, 0.0757, 0.0691, 0.1198, 0.0352, 0.0631, 0.0921,
         0.0435],
        [0.0352, 0.0471, 0.0445, 0.0951, 0.0245, 0.0422, 0.5898, 0.0408, 0.0384,
         0.0423],
        [0.5834, 0.0626, 0.0440, 0.0375, 0.0482, 0.0278, 0.0321, 0.0330, 0.0784,
         0.0530],
        [0.0514, 0.0495, 0.2108, 0.0978, 0.1568, 0.0437, 0.2308, 0.0682, 0.0522,
         0.0388],
        [0.0855, 0.0255, 0.2495, 0.0812, 0.1709, 0.1286, 0.0299, 0.1288, 0.0520,
         0.0480],
        [0.0714, 0.0551, 0.2026, 0.1965, 0.0484, 0.0842, 0.1965, 0.0597, 0.0368,
         0.0489],
        [0.0430, 0.0496, 0.0697, 0.3507, 0.0845, 0.1188, 0.1244, 0.0768, 0.0365,
         0.0460],
        [0.0464, 0.0384, 0.1227, 0.1304, 0.1736, 0.1845, 0.0362, 0.1824, 0.0430,
         0.0425],
        [0.0561, 0.2694, 0.0418, 0.0644, 0.0462, 0.0589, 0.0555, 0.0703, 0.2028,
         0.1346],
        [0.1023, 0.0673, 0.1167, 0.1362, 0.0412, 0.0501, 0.0478, 0.0861, 0.2712,
         0.0811],
        [0.6672, 0.0335, 0.0437, 0.0314, 0.0407, 0.0315, 0.0275, 0.0327, 0.0502,
         0.0416],
        [0.0618, 0.3372, 0.0356, 0.0328, 0.0328, 0.0425, 0.0379, 0.0327, 0.0465,
         0.3403],
        [0.0354, 0.0335, 0.0479, 0.0612, 0.0528, 0.0402, 0.0293, 0.6378, 0.0380,
         0.0241],
        [0.0710, 0.0351, 0.2241, 0.1830, 0.0862, 0.1936, 0.0541, 0.0817, 0.0339,
         0.0372],
        [0.0169, 0.0201, 0.0306, 0.0381, 0.0227, 0.0240, 0.0373, 0.0443, 0.7221,
         0.0440],
        [0.1866, 0.0384, 0.2741, 0.0367, 0.0834, 0.0436, 0.0735, 0.0519, 0.1832,
         0.0284],
        [0.0402, 0.0460, 0.0553, 0.3438, 0.0559, 0.2707, 0.0657, 0.0498, 0.0313,
         0.0414],
        [0.0281, 0.0256, 0.0358, 0.0507, 0.1725, 0.0337, 0.0528, 0.5290, 0.0526,
         0.0191],
        [0.0817, 0.2851, 0.0813, 0.0592, 0.1111, 0.0769, 0.0557, 0.0861, 0.1314,
         0.0316],
        [0.1030, 0.1363, 0.0660, 0.0692, 0.0391, 0.0699, 0.0667, 0.0587, 0.1789,
         0.2123],
        [0.4897, 0.0395, 0.0611, 0.0443, 0.0462, 0.0302, 0.0381, 0.0386, 0.1542,
         0.0582],
        [0.0772, 0.0394, 0.0455, 0.0578, 0.0404, 0.0473, 0.0422, 0.0635, 0.5368,
         0.0498],
        [0.3043, 0.0873, 0.0539, 0.0701, 0.0542, 0.0469, 0.0377, 0.0574, 0.1668,
         0.1214],
        [0.0485, 0.0349, 0.4426, 0.0652, 0.1264, 0.0898, 0.0694, 0.0553, 0.0327,
         0.0351],
        [0.0766, 0.0451, 0.0973, 0.0952, 0.2356, 0.1621, 0.1145, 0.1055, 0.0374,
         0.0307],
        [0.0494, 0.0571, 0.0679, 0.2517, 0.1148, 0.1063, 0.0773, 0.1329, 0.0870,
         0.0556],
        [0.0758, 0.0679, 0.0944, 0.3356, 0.0927, 0.0821, 0.0825, 0.0871, 0.0445,
         0.0375],
        [0.0514, 0.0369, 0.0335, 0.0663, 0.0402, 0.0330, 0.0333, 0.0894, 0.0724,
         0.5436],
        [0.0839, 0.4531, 0.0349, 0.0382, 0.0453, 0.0401, 0.0580, 0.0313, 0.0485,
         0.1667],
        [0.0289, 0.0284, 0.0510, 0.1032, 0.0413, 0.5825, 0.0395, 0.0515, 0.0409,
         0.0329],
        [0.0480, 0.0371, 0.0928, 0.0507, 0.0833, 0.0570, 0.4848, 0.0577, 0.0522,
         0.0364],
        [0.0381, 0.0592, 0.0647, 0.2997, 0.1080, 0.1399, 0.0468, 0.1297, 0.0445,
         0.0694],
        [0.0462, 0.0438, 0.0545, 0.1287, 0.1159, 0.1671, 0.3093, 0.0488, 0.0502,
         0.0357],
        [0.0413, 0.6577, 0.0375, 0.0319, 0.0352, 0.0304, 0.0531, 0.0410, 0.0289,
         0.0431],
        [0.0647, 0.1139, 0.0496, 0.1515, 0.0658, 0.0887, 0.0433, 0.2302, 0.0643,
         0.1280],
        [0.0811, 0.4188, 0.0499, 0.0592, 0.0373, 0.0440, 0.0521, 0.0527, 0.0956,
         0.1093],
        [0.0374, 0.0300, 0.0340, 0.0612, 0.3691, 0.0549, 0.1465, 0.1764, 0.0511,
         0.0394],
        [0.0490, 0.0763, 0.1339, 0.1034, 0.0688, 0.0462, 0.3701, 0.0761, 0.0360,
         0.0402],
        [0.0435, 0.0365, 0.1251, 0.1221, 0.1220, 0.1663, 0.0365, 0.2598, 0.0445,
         0.0438],
        [0.0498, 0.0916, 0.0569, 0.1054, 0.0529, 0.1382, 0.0595, 0.0928, 0.0554,
         0.2975],
        [0.0629, 0.0663, 0.2129, 0.2056, 0.0363, 0.1147, 0.0978, 0.0559, 0.0649,
         0.0828],
        [0.0630, 0.0452, 0.1866, 0.1146, 0.1592, 0.1159, 0.1338, 0.0996, 0.0452,
         0.0370]], device='cuda:0', grad_fn=<SoftmaxBackward>)
>> best accuracy: 63.480000000000004	best epoch: 5

>> final recovery rate: 60.04222222222222%
>> val epoch: 10
>> current accuracy: 69.5%
outputs: tensor([[0.0841, 0.0736, 0.1198, 0.0477, 0.0255, 0.3333, 0.0607, 0.1121, 0.0834,
         0.0598],
        [0.0617, 0.2258, 0.0388, 0.0533, 0.0480, 0.0567, 0.0436, 0.0453, 0.0838,
         0.3430],
        [0.6266, 0.0675, 0.0303, 0.0377, 0.0363, 0.0403, 0.0354, 0.0318, 0.0446,
         0.0493],
        [0.1957, 0.0500, 0.0814, 0.0419, 0.0482, 0.0409, 0.0526, 0.0585, 0.3184,
         0.1124],
        [0.0621, 0.1369, 0.0386, 0.0624, 0.0574, 0.0633, 0.0540, 0.0295, 0.0287,
         0.4671],
        [0.0302, 0.6725, 0.0358, 0.0415, 0.0621, 0.0370, 0.0378, 0.0382, 0.0268,
         0.0180],
        [0.0400, 0.0360, 0.1613, 0.1124, 0.1269, 0.2314, 0.1571, 0.0344, 0.0462,
         0.0542],
        [0.0537, 0.0548, 0.1809, 0.2730, 0.0725, 0.0827, 0.0541, 0.0657, 0.0575,
         0.1050],
        [0.1721, 0.3051, 0.0455, 0.0587, 0.0368, 0.0642, 0.0941, 0.0332, 0.0443,
         0.1460],
        [0.0431, 0.0836, 0.0368, 0.0529, 0.0513, 0.0437, 0.0415, 0.0320, 0.0747,
         0.5405],
        [0.3839, 0.0613, 0.1234, 0.0525, 0.0817, 0.0597, 0.0871, 0.0599, 0.0348,
         0.0557],
        [0.5211, 0.0455, 0.0990, 0.0406, 0.1106, 0.0364, 0.0399, 0.0368, 0.0287,
         0.0413],
        [0.0423, 0.0464, 0.0558, 0.1511, 0.1287, 0.2806, 0.0457, 0.1458, 0.0441,
         0.0593],
        [0.0782, 0.0551, 0.0264, 0.0863, 0.1202, 0.0495, 0.0469, 0.0771, 0.0544,
         0.4060],
        [0.0448, 0.0749, 0.0589, 0.0943, 0.1163, 0.1087, 0.0837, 0.1759, 0.1505,
         0.0919],
        [0.1594, 0.0612, 0.0556, 0.0661, 0.0526, 0.0623, 0.0395, 0.0543, 0.1498,
         0.2992],
        [0.0896, 0.0438, 0.0383, 0.0651, 0.0661, 0.0416, 0.0591, 0.0485, 0.2350,
         0.3129],
        [0.0641, 0.0376, 0.0372, 0.0794, 0.0583, 0.0481, 0.0881, 0.0710, 0.0542,
         0.4620],
        [0.0436, 0.0201, 0.1372, 0.0815, 0.0821, 0.4407, 0.0605, 0.0498, 0.0384,
         0.0462],
        [0.0537, 0.0563, 0.0414, 0.2893, 0.0466, 0.1109, 0.1126, 0.1106, 0.0526,
         0.1260],
        [0.0312, 0.0321, 0.0967, 0.0316, 0.0716, 0.0268, 0.6084, 0.0257, 0.0341,
         0.0418],
        [0.1068, 0.0378, 0.0435, 0.0353, 0.0404, 0.0354, 0.0345, 0.0443, 0.5797,
         0.0424],
        [0.0527, 0.0400, 0.0392, 0.3214, 0.0440, 0.3072, 0.0442, 0.0423, 0.0595,
         0.0495],
        [0.0587, 0.0398, 0.5176, 0.0620, 0.0869, 0.0492, 0.0567, 0.0374, 0.0308,
         0.0610],
        [0.2859, 0.0751, 0.1568, 0.0398, 0.0917, 0.0597, 0.0484, 0.0642, 0.1085,
         0.0699],
        [0.1318, 0.0392, 0.2506, 0.0792, 0.1285, 0.0643, 0.1081, 0.0895, 0.0539,
         0.0550],
        [0.4024, 0.1315, 0.0527, 0.0602, 0.0789, 0.0499, 0.0659, 0.0466, 0.0351,
         0.0768],
        [0.0815, 0.0640, 0.0563, 0.0912, 0.0475, 0.0536, 0.0580, 0.0473, 0.3633,
         0.1372],
        [0.0367, 0.0376, 0.0332, 0.0458, 0.0238, 0.0312, 0.6895, 0.0226, 0.0229,
         0.0567],
        [0.0597, 0.0283, 0.4948, 0.0582, 0.0500, 0.0574, 0.0722, 0.0785, 0.0438,
         0.0570],
        [0.0523, 0.0422, 0.0417, 0.1160, 0.0506, 0.3708, 0.0520, 0.1870, 0.0414,
         0.0460],
        [0.0363, 0.0356, 0.0666, 0.0796, 0.4678, 0.0551, 0.0280, 0.1779, 0.0283,
         0.0246],
        [0.0435, 0.6657, 0.0320, 0.0340, 0.0390, 0.0365, 0.0546, 0.0272, 0.0319,
         0.0355],
        [0.0742, 0.5855, 0.0318, 0.0441, 0.0597, 0.0342, 0.0524, 0.0593, 0.0300,
         0.0289],
        [0.0186, 0.0315, 0.0194, 0.0358, 0.0268, 0.0183, 0.0428, 0.0413, 0.7417,
         0.0238],
        [0.0276, 0.0449, 0.0360, 0.0370, 0.5866, 0.0448, 0.0371, 0.1238, 0.0370,
         0.0253],
        [0.0735, 0.1281, 0.0490, 0.0474, 0.0516, 0.0608, 0.0383, 0.0543, 0.4427,
         0.0542],
        [0.0458, 0.0410, 0.1245, 0.1699, 0.0586, 0.2342, 0.0583, 0.1807, 0.0392,
         0.0480],
        [0.0736, 0.0488, 0.0422, 0.0819, 0.3031, 0.0468, 0.0470, 0.2614, 0.0485,
         0.0467],
        [0.1045, 0.0368, 0.1536, 0.0904, 0.1701, 0.1297, 0.1954, 0.0557, 0.0293,
         0.0345],
        [0.0280, 0.0238, 0.0149, 0.7273, 0.0302, 0.0853, 0.0237, 0.0193, 0.0242,
         0.0233],
        [0.0408, 0.0718, 0.0672, 0.2066, 0.2602, 0.0989, 0.0838, 0.0956, 0.0378,
         0.0373],
        [0.0660, 0.0436, 0.0390, 0.0650, 0.0448, 0.0489, 0.0500, 0.0563, 0.0792,
         0.5073],
        [0.0644, 0.0521, 0.0361, 0.0825, 0.0708, 0.0463, 0.0411, 0.4890, 0.0409,
         0.0768],
        [0.0361, 0.1159, 0.0457, 0.0822, 0.0934, 0.0508, 0.0469, 0.0431, 0.3679,
         0.1181],
        [0.0462, 0.0397, 0.0226, 0.5509, 0.0437, 0.1611, 0.0564, 0.0276, 0.0191,
         0.0327],
        [0.0738, 0.0496, 0.3220, 0.0378, 0.0528, 0.0509, 0.2791, 0.0339, 0.0430,
         0.0571],
        [0.1518, 0.0439, 0.5049, 0.0265, 0.0466, 0.0369, 0.0609, 0.0421, 0.0410,
         0.0455],
        [0.0712, 0.0391, 0.2073, 0.3241, 0.0761, 0.0479, 0.1186, 0.0553, 0.0269,
         0.0334],
        [0.0409, 0.0399, 0.0613, 0.1016, 0.1572, 0.1144, 0.0672, 0.3355, 0.0449,
         0.0371],
        [0.0517, 0.0473, 0.0896, 0.1158, 0.0914, 0.0469, 0.4453, 0.0372, 0.0373,
         0.0374],
        [0.0191, 0.7122, 0.0334, 0.0331, 0.0361, 0.0356, 0.0345, 0.0265, 0.0321,
         0.0372],
        [0.0705, 0.0742, 0.0549, 0.1281, 0.1830, 0.1399, 0.0468, 0.2021, 0.0643,
         0.0361],
        [0.0424, 0.0421, 0.0532, 0.0477, 0.1169, 0.0407, 0.0622, 0.5194, 0.0444,
         0.0311],
        [0.0465, 0.0282, 0.0401, 0.0893, 0.0833, 0.0583, 0.0602, 0.0354, 0.0426,
         0.5161],
        [0.0440, 0.0415, 0.0452, 0.0500, 0.0585, 0.0414, 0.6005, 0.0369, 0.0343,
         0.0477],
        [0.5270, 0.0682, 0.0393, 0.0375, 0.0350, 0.0393, 0.0429, 0.0290, 0.0553,
         0.1264],
        [0.0591, 0.0375, 0.0386, 0.1643, 0.0314, 0.4369, 0.0829, 0.0134, 0.0620,
         0.0739],
        [0.0496, 0.0286, 0.0348, 0.1769, 0.0472, 0.4644, 0.0388, 0.0716, 0.0474,
         0.0408],
        [0.3449, 0.0458, 0.1340, 0.0895, 0.0659, 0.0519, 0.0435, 0.0887, 0.1017,
         0.0342],
        [0.0627, 0.0443, 0.0859, 0.0591, 0.0537, 0.0648, 0.0536, 0.4849, 0.0411,
         0.0498],
        [0.0428, 0.3993, 0.0468, 0.0389, 0.0369, 0.0533, 0.0391, 0.0489, 0.2385,
         0.0556],
        [0.0445, 0.0303, 0.3072, 0.0851, 0.2253, 0.0519, 0.1089, 0.0442, 0.0412,
         0.0613],
        [0.0348, 0.0375, 0.1100, 0.3887, 0.1043, 0.0747, 0.1379, 0.0498, 0.0289,
         0.0333],
        [0.0336, 0.0352, 0.0739, 0.4099, 0.0444, 0.2331, 0.0389, 0.0469, 0.0379,
         0.0463],
        [0.0313, 0.0267, 0.5403, 0.0306, 0.1502, 0.0421, 0.0671, 0.0259, 0.0370,
         0.0488],
        [0.3555, 0.0564, 0.2503, 0.0410, 0.0354, 0.0405, 0.0541, 0.0358, 0.0582,
         0.0729],
        [0.0750, 0.0325, 0.3423, 0.1068, 0.0548, 0.1257, 0.1165, 0.0345, 0.0416,
         0.0704],
        [0.0274, 0.0263, 0.0379, 0.0599, 0.6496, 0.0532, 0.0282, 0.0634, 0.0240,
         0.0302],
        [0.0461, 0.6447, 0.0335, 0.0356, 0.0465, 0.0329, 0.0345, 0.0272, 0.0398,
         0.0592],
        [0.0425, 0.0446, 0.0469, 0.0357, 0.0412, 0.0357, 0.0359, 0.0397, 0.6330,
         0.0448],
        [0.0507, 0.0303, 0.0427, 0.0300, 0.0340, 0.0392, 0.7078, 0.0236, 0.0187,
         0.0231]], device='cuda:0', grad_fn=<SoftmaxBackward>)
>> best accuracy: 69.5	best epoch: 10

>> final recovery rate: 60.04222222222222%
>> val epoch: 15
>> current accuracy: 75.06%
outputs: tensor([[0.6532, 0.0145, 0.0954, 0.0350, 0.0387, 0.0255, 0.0331, 0.0318, 0.0367,
         0.0359],
        [0.0219, 0.0239, 0.0538, 0.0355, 0.0530, 0.0310, 0.0482, 0.0567, 0.6305,
         0.0456],
        [0.0621, 0.0608, 0.1195, 0.1129, 0.0563, 0.0563, 0.2448, 0.1053, 0.0570,
         0.1248],
        [0.2655, 0.0969, 0.1300, 0.0757, 0.0377, 0.0596, 0.0571, 0.0698, 0.0568,
         0.1510],
        [0.0425, 0.0446, 0.0611, 0.0346, 0.0571, 0.0493, 0.5813, 0.0476, 0.0292,
         0.0527],
        [0.0221, 0.0353, 0.0257, 0.0414, 0.6784, 0.0450, 0.0473, 0.0306, 0.0357,
         0.0384],
        [0.0307, 0.0304, 0.0527, 0.0340, 0.0608, 0.0649, 0.0318, 0.6117, 0.0321,
         0.0510],
        [0.0321, 0.0597, 0.0877, 0.1088, 0.0633, 0.1507, 0.0837, 0.2801, 0.0735,
         0.0605],
        [0.0362, 0.0294, 0.0425, 0.0732, 0.0490, 0.0412, 0.6175, 0.0355, 0.0325,
         0.0431],
        [0.0250, 0.6897, 0.0595, 0.0523, 0.0269, 0.0329, 0.0306, 0.0188, 0.0194,
         0.0451],
        [0.4033, 0.0331, 0.0839, 0.1597, 0.0676, 0.0906, 0.0294, 0.0410, 0.0362,
         0.0551],
        [0.0220, 0.0388, 0.0672, 0.4644, 0.0779, 0.1704, 0.0347, 0.0572, 0.0344,
         0.0330],
        [0.0436, 0.5235, 0.0733, 0.0567, 0.0302, 0.0488, 0.0505, 0.0338, 0.0298,
         0.1097],
        [0.0353, 0.0549, 0.1437, 0.0779, 0.4085, 0.0679, 0.0542, 0.0694, 0.0387,
         0.0495],
        [0.0503, 0.0537, 0.0649, 0.2455, 0.1971, 0.0669, 0.1992, 0.0432, 0.0385,
         0.0407],
        [0.0423, 0.0506, 0.0449, 0.1211, 0.0532, 0.0467, 0.5033, 0.0422, 0.0451,
         0.0505],
        [0.0611, 0.3840, 0.0410, 0.0555, 0.0289, 0.0421, 0.0616, 0.0339, 0.1427,
         0.1492],
        [0.0397, 0.0550, 0.0739, 0.0405, 0.0290, 0.5410, 0.0449, 0.0541, 0.0648,
         0.0571],
        [0.3876, 0.0489, 0.1118, 0.0630, 0.0500, 0.0381, 0.1752, 0.0375, 0.0260,
         0.0618],
        [0.0833, 0.0444, 0.0477, 0.0522, 0.0326, 0.0324, 0.0502, 0.0508, 0.5525,
         0.0539],
        [0.5985, 0.0390, 0.0369, 0.0556, 0.0435, 0.0525, 0.0399, 0.0487, 0.0290,
         0.0565],
        [0.0472, 0.1030, 0.0799, 0.0487, 0.0377, 0.0427, 0.5073, 0.0368, 0.0542,
         0.0426],
        [0.0321, 0.0347, 0.0740, 0.0620, 0.4325, 0.0883, 0.0450, 0.1642, 0.0302,
         0.0371],
        [0.0273, 0.0402, 0.0456, 0.0503, 0.6495, 0.0366, 0.0460, 0.0260, 0.0365,
         0.0418],
        [0.0557, 0.0483, 0.0894, 0.0392, 0.0317, 0.0530, 0.0370, 0.0674, 0.1477,
         0.4307],
        [0.0542, 0.1030, 0.0388, 0.3266, 0.0334, 0.2725, 0.0543, 0.0229, 0.0384,
         0.0558],
        [0.0414, 0.0698, 0.0664, 0.0419, 0.0846, 0.0502, 0.0475, 0.0680, 0.4846,
         0.0456],
        [0.0484, 0.0490, 0.0773, 0.0391, 0.0603, 0.0359, 0.0380, 0.0506, 0.5576,
         0.0438],
        [0.0312, 0.0575, 0.1850, 0.1018, 0.1027, 0.1141, 0.0351, 0.2779, 0.0549,
         0.0397],
        [0.0302, 0.5911, 0.0580, 0.0438, 0.0483, 0.0432, 0.0356, 0.0334, 0.0409,
         0.0754],
        [0.0181, 0.0412, 0.3915, 0.0507, 0.0599, 0.1940, 0.0474, 0.0499, 0.0739,
         0.0733],
        [0.0355, 0.0638, 0.0507, 0.1234, 0.0674, 0.3570, 0.0253, 0.2077, 0.0395,
         0.0298],
        [0.0291, 0.0482, 0.1217, 0.2207, 0.0540, 0.2923, 0.0250, 0.0742, 0.0715,
         0.0633],
        [0.0407, 0.0545, 0.0524, 0.0991, 0.1273, 0.1177, 0.0843, 0.3144, 0.0487,
         0.0611],
        [0.1824, 0.0972, 0.1062, 0.0659, 0.0439, 0.0890, 0.2241, 0.0371, 0.0836,
         0.0706],
        [0.0288, 0.0737, 0.0897, 0.1056, 0.0852, 0.2558, 0.0376, 0.2354, 0.0542,
         0.0339],
        [0.0399, 0.0261, 0.0696, 0.0434, 0.0316, 0.0409, 0.0281, 0.0467, 0.0294,
         0.6443],
        [0.0688, 0.0403, 0.1422, 0.0330, 0.5491, 0.0437, 0.0320, 0.0324, 0.0319,
         0.0265],
        [0.0431, 0.0697, 0.1756, 0.0449, 0.0334, 0.0346, 0.4590, 0.0654, 0.0326,
         0.0417],
        [0.0685, 0.4305, 0.0498, 0.0571, 0.0169, 0.0363, 0.0596, 0.0441, 0.0902,
         0.1470],
        [0.1252, 0.0587, 0.0884, 0.0626, 0.1414, 0.0821, 0.0526, 0.2828, 0.0410,
         0.0652],
        [0.0668, 0.0814, 0.1481, 0.0743, 0.1855, 0.0884, 0.1401, 0.1088, 0.0332,
         0.0735],
        [0.6339, 0.0172, 0.0926, 0.0407, 0.0463, 0.0246, 0.0527, 0.0275, 0.0231,
         0.0413],
        [0.0115, 0.0526, 0.1110, 0.5065, 0.0631, 0.0548, 0.0214, 0.1207, 0.0313,
         0.0271],
        [0.0691, 0.5390, 0.0454, 0.0497, 0.0335, 0.0489, 0.0428, 0.0213, 0.0324,
         0.1178],
        [0.0614, 0.0540, 0.0538, 0.0569, 0.0351, 0.0705, 0.0586, 0.4508, 0.0411,
         0.1178],
        [0.0702, 0.0276, 0.0322, 0.0609, 0.0323, 0.0229, 0.0295, 0.0514, 0.6404,
         0.0326],
        [0.4869, 0.0279, 0.0447, 0.0547, 0.0385, 0.0461, 0.0308, 0.0639, 0.1429,
         0.0636],
        [0.6593, 0.0204, 0.0721, 0.0455, 0.0507, 0.0296, 0.0343, 0.0304, 0.0235,
         0.0344],
        [0.0266, 0.0525, 0.0983, 0.3373, 0.0924, 0.1695, 0.0358, 0.1007, 0.0466,
         0.0404],
        [0.0483, 0.0674, 0.0655, 0.3554, 0.0577, 0.0917, 0.1858, 0.0408, 0.0359,
         0.0515],
        [0.2754, 0.0533, 0.0650, 0.0581, 0.0306, 0.0749, 0.0412, 0.0579, 0.0917,
         0.2520],
        [0.0310, 0.0230, 0.5683, 0.0845, 0.0466, 0.0311, 0.0580, 0.0460, 0.0588,
         0.0527],
        [0.0637, 0.0397, 0.0953, 0.1457, 0.2506, 0.0526, 0.0694, 0.2077, 0.0379,
         0.0375],
        [0.0392, 0.0532, 0.0577, 0.0457, 0.1074, 0.0887, 0.0512, 0.4542, 0.0554,
         0.0472],
        [0.0594, 0.0234, 0.0639, 0.0415, 0.0480, 0.0388, 0.0305, 0.0638, 0.1100,
         0.5208],
        [0.1983, 0.0278, 0.4081, 0.0750, 0.0436, 0.0343, 0.0531, 0.0547, 0.0412,
         0.0639],
        [0.0863, 0.0209, 0.0790, 0.0475, 0.0347, 0.0408, 0.0493, 0.0354, 0.0346,
         0.5713],
        [0.0699, 0.2772, 0.0892, 0.0776, 0.0830, 0.0333, 0.0923, 0.0602, 0.0831,
         0.1342],
        [0.0752, 0.1658, 0.0551, 0.0659, 0.0351, 0.0450, 0.0509, 0.0584, 0.3252,
         0.1234],
        [0.0425, 0.0879, 0.0591, 0.1407, 0.0420, 0.2240, 0.0935, 0.1054, 0.0413,
         0.1634],
        [0.0523, 0.0388, 0.0452, 0.0495, 0.0513, 0.5286, 0.0560, 0.0582, 0.0749,
         0.0454],
        [0.0257, 0.0422, 0.0507, 0.0289, 0.0335, 0.0280, 0.6932, 0.0362, 0.0276,
         0.0342],
        [0.0380, 0.0528, 0.0442, 0.2071, 0.0531, 0.2926, 0.0613, 0.1341, 0.0562,
         0.0605],
        [0.0314, 0.0446, 0.0300, 0.6115, 0.0367, 0.0898, 0.0292, 0.0407, 0.0205,
         0.0654],
        [0.0708, 0.1981, 0.0544, 0.0574, 0.0342, 0.0415, 0.0540, 0.0463, 0.3313,
         0.1120],
        [0.1623, 0.0857, 0.1067, 0.2497, 0.0557, 0.0479, 0.1011, 0.0610, 0.0487,
         0.0813],
        [0.0428, 0.6337, 0.0728, 0.0407, 0.0208, 0.0507, 0.0449, 0.0322, 0.0258,
         0.0357],
        [0.0304, 0.0439, 0.0552, 0.0417, 0.0658, 0.0560, 0.0492, 0.5745, 0.0385,
         0.0449],
        [0.1775, 0.0822, 0.1016, 0.1508, 0.0401, 0.0638, 0.0672, 0.0825, 0.1487,
         0.0858],
        [0.0647, 0.0325, 0.0481, 0.0398, 0.0716, 0.0337, 0.0327, 0.0458, 0.5861,
         0.0450],
        [0.0393, 0.0317, 0.0363, 0.3088, 0.3491, 0.0735, 0.0527, 0.0516, 0.0369,
         0.0201]], device='cuda:0', grad_fn=<SoftmaxBackward>)
>> best accuracy: 75.06	best epoch: 15

>> final recovery rate: 60.04222222222222%
>> val epoch: 20
>> current accuracy: 68.76%
outputs: tensor([[0.0420, 0.0322, 0.0476, 0.0377, 0.0417, 0.0500, 0.0716, 0.0476, 0.0538,
         0.5758],
        [0.0421, 0.0372, 0.1621, 0.0549, 0.2238, 0.0293, 0.3209, 0.0391, 0.0510,
         0.0397],
        [0.0372, 0.0613, 0.3415, 0.1955, 0.0422, 0.0228, 0.1180, 0.0428, 0.0603,
         0.0783],
        [0.0630, 0.0320, 0.0545, 0.2455, 0.0475, 0.2165, 0.0541, 0.0763, 0.0614,
         0.1491],
        [0.0242, 0.0418, 0.0335, 0.0294, 0.0221, 0.0245, 0.0427, 0.0372, 0.7169,
         0.0278],
        [0.0351, 0.0457, 0.0916, 0.3425, 0.0284, 0.0921, 0.0294, 0.0619, 0.0743,
         0.1989],
        [0.1447, 0.0517, 0.4734, 0.0409, 0.0321, 0.0305, 0.0607, 0.0457, 0.0520,
         0.0683],
        [0.0465, 0.5362, 0.0338, 0.0446, 0.0280, 0.0442, 0.0385, 0.0455, 0.0979,
         0.0848],
        [0.1173, 0.0495, 0.1497, 0.0553, 0.0797, 0.0408, 0.0638, 0.0593, 0.3329,
         0.0517],
        [0.5517, 0.0433, 0.0254, 0.0428, 0.0525, 0.0362, 0.0348, 0.0555, 0.0568,
         0.1010],
        [0.0327, 0.0472, 0.3095, 0.1322, 0.0392, 0.0461, 0.1720, 0.0513, 0.1063,
         0.0635],
        [0.0313, 0.0407, 0.6497, 0.0377, 0.0584, 0.0269, 0.0414, 0.0233, 0.0469,
         0.0437],
        [0.0292, 0.0309, 0.1232, 0.1849, 0.1268, 0.0355, 0.1759, 0.0542, 0.1928,
         0.0465],
        [0.0629, 0.0396, 0.4360, 0.0668, 0.0546, 0.0427, 0.0718, 0.0409, 0.1226,
         0.0621],
        [0.0518, 0.0381, 0.0392, 0.0744, 0.2284, 0.0443, 0.0637, 0.3780, 0.0457,
         0.0365],
        [0.0344, 0.0382, 0.0705, 0.2670, 0.1532, 0.1320, 0.1471, 0.0531, 0.0514,
         0.0531],
        [0.0360, 0.3321, 0.0387, 0.0518, 0.0396, 0.0544, 0.0338, 0.0512, 0.3142,
         0.0483],
        [0.0472, 0.0247, 0.1302, 0.2665, 0.1328, 0.1643, 0.0682, 0.0729, 0.0335,
         0.0597],
        [0.1004, 0.5322, 0.0260, 0.0409, 0.0312, 0.0381, 0.0366, 0.0482, 0.1088,
         0.0375],
        [0.0818, 0.1194, 0.0730, 0.1190, 0.0965, 0.2405, 0.0430, 0.0934, 0.0728,
         0.0607],
        [0.0211, 0.0266, 0.0189, 0.0229, 0.0193, 0.0184, 0.0320, 0.8061, 0.0184,
         0.0163],
        [0.0395, 0.0253, 0.0416, 0.6067, 0.0312, 0.1218, 0.0222, 0.0286, 0.0353,
         0.0478],
        [0.0416, 0.0598, 0.0484, 0.0700, 0.0525, 0.0595, 0.4759, 0.0696, 0.0410,
         0.0815],
        [0.0550, 0.0252, 0.0445, 0.1689, 0.0555, 0.1777, 0.0480, 0.2994, 0.0902,
         0.0357],
        [0.3839, 0.0307, 0.1494, 0.0632, 0.1559, 0.0314, 0.0731, 0.0366, 0.0371,
         0.0386],
        [0.0223, 0.6896, 0.0391, 0.0251, 0.0457, 0.0421, 0.0464, 0.0417, 0.0272,
         0.0206],
        [0.1488, 0.0626, 0.1047, 0.0540, 0.4368, 0.0377, 0.0509, 0.0318, 0.0287,
         0.0440],
        [0.0455, 0.0454, 0.0627, 0.0704, 0.0309, 0.0257, 0.6214, 0.0353, 0.0291,
         0.0336],
        [0.5052, 0.0359, 0.0726, 0.0694, 0.0713, 0.0371, 0.0500, 0.0403, 0.0883,
         0.0299],
        [0.0315, 0.0301, 0.0511, 0.0664, 0.0442, 0.0181, 0.6568, 0.0465, 0.0288,
         0.0265],
        [0.0328, 0.0384, 0.0299, 0.0362, 0.0443, 0.0373, 0.0375, 0.6928, 0.0327,
         0.0181],
        [0.0718, 0.5212, 0.0216, 0.0427, 0.0283, 0.0455, 0.0359, 0.0303, 0.0812,
         0.1215],
        [0.0231, 0.0473, 0.2658, 0.1629, 0.0534, 0.1922, 0.0335, 0.0569, 0.0617,
         0.1031],
        [0.6266, 0.0419, 0.0372, 0.0635, 0.0576, 0.0184, 0.0479, 0.0424, 0.0343,
         0.0301],
        [0.0659, 0.5130, 0.0317, 0.0584, 0.0707, 0.0388, 0.0430, 0.0526, 0.0651,
         0.0609],
        [0.0436, 0.0642, 0.1154, 0.1380, 0.2081, 0.0492, 0.1322, 0.1395, 0.0523,
         0.0577],
        [0.0634, 0.0336, 0.0447, 0.0533, 0.0368, 0.0607, 0.0685, 0.0943, 0.0487,
         0.4959],
        [0.0412, 0.0613, 0.0496, 0.0619, 0.0531, 0.0430, 0.0548, 0.0339, 0.0536,
         0.5477],
        [0.0270, 0.0605, 0.0224, 0.0271, 0.0241, 0.0311, 0.0411, 0.7198, 0.0253,
         0.0216],
        [0.0499, 0.0293, 0.0559, 0.0998, 0.0506, 0.4211, 0.1223, 0.0419, 0.0586,
         0.0705],
        [0.1730, 0.0332, 0.1522, 0.1290, 0.0739, 0.0688, 0.0503, 0.0624, 0.2053,
         0.0518],
        [0.1474, 0.0420, 0.2825, 0.0969, 0.1455, 0.0433, 0.0994, 0.0307, 0.0561,
         0.0563],
        [0.0721, 0.0459, 0.0473, 0.0356, 0.0821, 0.4643, 0.0605, 0.0378, 0.0749,
         0.0797],
        [0.0465, 0.0440, 0.0633, 0.2018, 0.0385, 0.3450, 0.0785, 0.0462, 0.0406,
         0.0957],
        [0.0356, 0.0656, 0.0404, 0.1096, 0.0383, 0.0198, 0.5877, 0.0373, 0.0382,
         0.0275],
        [0.0147, 0.0190, 0.0341, 0.0383, 0.0154, 0.0226, 0.0319, 0.0221, 0.7822,
         0.0196],
        [0.0537, 0.0403, 0.1321, 0.0735, 0.4261, 0.0442, 0.0648, 0.0914, 0.0356,
         0.0383],
        [0.0593, 0.6198, 0.0336, 0.0345, 0.0573, 0.0363, 0.0427, 0.0431, 0.0436,
         0.0298],
        [0.0506, 0.0468, 0.0968, 0.1532, 0.1597, 0.1095, 0.0998, 0.0743, 0.1785,
         0.0309],
        [0.3565, 0.0277, 0.0649, 0.0960, 0.0368, 0.0615, 0.0897, 0.0454, 0.1036,
         0.1178],
        [0.0583, 0.0398, 0.0143, 0.0455, 0.0265, 0.0337, 0.0305, 0.1158, 0.0256,
         0.6100],
        [0.0393, 0.0348, 0.0879, 0.1276, 0.1173, 0.3435, 0.0461, 0.0623, 0.0454,
         0.0959],
        [0.1260, 0.0584, 0.1536, 0.0800, 0.3298, 0.0690, 0.0573, 0.0285, 0.0502,
         0.0472],
        [0.0417, 0.0294, 0.1418, 0.1680, 0.0673, 0.0607, 0.3676, 0.0309, 0.0429,
         0.0495],
        [0.0305, 0.6336, 0.0281, 0.0439, 0.0352, 0.0561, 0.0362, 0.0505, 0.0278,
         0.0580],
        [0.0327, 0.0291, 0.0926, 0.1836, 0.0756, 0.3546, 0.0570, 0.0468, 0.0562,
         0.0717],
        [0.0213, 0.0492, 0.0326, 0.0369, 0.0375, 0.0326, 0.0376, 0.0395, 0.6959,
         0.0170],
        [0.0453, 0.1128, 0.0574, 0.0928, 0.1699, 0.0873, 0.2061, 0.1286, 0.0328,
         0.0667],
        [0.0302, 0.0446, 0.1602, 0.0557, 0.4630, 0.0328, 0.0716, 0.0374, 0.0377,
         0.0669],
        [0.0479, 0.5468, 0.0345, 0.0458, 0.0301, 0.0815, 0.0901, 0.0619, 0.0322,
         0.0293],
        [0.0544, 0.0295, 0.0192, 0.0490, 0.0320, 0.0210, 0.0666, 0.6817, 0.0218,
         0.0249],
        [0.0472, 0.0693, 0.1166, 0.0760, 0.3058, 0.1338, 0.0591, 0.0822, 0.0480,
         0.0619],
        [0.0256, 0.0302, 0.0470, 0.0723, 0.0491, 0.0143, 0.6378, 0.0370, 0.0412,
         0.0454],
        [0.0447, 0.0385, 0.0448, 0.0740, 0.0449, 0.4503, 0.0740, 0.0954, 0.0514,
         0.0818],
        [0.1020, 0.0335, 0.4079, 0.0425, 0.0474, 0.0387, 0.0503, 0.0463, 0.1843,
         0.0473],
        [0.0362, 0.0624, 0.0602, 0.0408, 0.0409, 0.0638, 0.0530, 0.1054, 0.4766,
         0.0607],
        [0.0377, 0.6612, 0.0216, 0.0300, 0.0430, 0.0290, 0.0330, 0.0290, 0.0287,
         0.0867],
        [0.2057, 0.0459, 0.1177, 0.0309, 0.0544, 0.0292, 0.3938, 0.0370, 0.0546,
         0.0308],
        [0.0407, 0.0406, 0.1354, 0.1325, 0.1604, 0.2723, 0.0444, 0.0589, 0.0496,
         0.0652],
        [0.1501, 0.0404, 0.3458, 0.0676, 0.0981, 0.0649, 0.0411, 0.0721, 0.0562,
         0.0638],
        [0.0650, 0.6571, 0.0219, 0.0269, 0.0355, 0.0345, 0.0418, 0.0333, 0.0496,
         0.0344],
        [0.6092, 0.0494, 0.0471, 0.0493, 0.0302, 0.0222, 0.0426, 0.0431, 0.0652,
         0.0416]], device='cuda:0', grad_fn=<SoftmaxBackward>)
>> best accuracy: 75.06	best epoch: 15

>> final recovery rate: 60.04222222222222%
>> val epoch: 25
>> current accuracy: 74.36%
outputs: tensor([[0.0635, 0.0413, 0.1607, 0.0926, 0.4158, 0.0741, 0.0333, 0.0297, 0.0562,
         0.0327],
        [0.0554, 0.0290, 0.0698, 0.0514, 0.0433, 0.0316, 0.6107, 0.0276, 0.0469,
         0.0343],
        [0.0534, 0.0397, 0.4262, 0.0270, 0.0520, 0.1091, 0.0534, 0.1338, 0.0654,
         0.0401],
        [0.0270, 0.6196, 0.0663, 0.0349, 0.0474, 0.0492, 0.0462, 0.0484, 0.0388,
         0.0221],
        [0.0420, 0.0682, 0.2298, 0.0622, 0.0396, 0.0445, 0.4246, 0.0355, 0.0303,
         0.0232],
        [0.0201, 0.0245, 0.0433, 0.0426, 0.0352, 0.0210, 0.0219, 0.0396, 0.7289,
         0.0229],
        [0.3722, 0.0546, 0.0854, 0.0541, 0.1910, 0.0412, 0.0513, 0.0400, 0.0786,
         0.0314],
        [0.0198, 0.0107, 0.0125, 0.0122, 0.0158, 0.0168, 0.0244, 0.0230, 0.8255,
         0.0392],
        [0.4859, 0.1054, 0.0989, 0.0470, 0.0368, 0.0344, 0.0567, 0.0452, 0.0552,
         0.0344],
        [0.0938, 0.0294, 0.0316, 0.0173, 0.0197, 0.0185, 0.0413, 0.6956, 0.0227,
         0.0300],
        [0.0495, 0.0323, 0.0529, 0.0504, 0.0360, 0.0350, 0.6032, 0.0426, 0.0448,
         0.0534],
        [0.0483, 0.0435, 0.0665, 0.0540, 0.5476, 0.0855, 0.0433, 0.0199, 0.0600,
         0.0313],
        [0.0573, 0.0548, 0.0255, 0.0503, 0.5656, 0.0918, 0.0325, 0.0351, 0.0589,
         0.0282],
        [0.1043, 0.0444, 0.0689, 0.0426, 0.1821, 0.1896, 0.2075, 0.0472, 0.0599,
         0.0535],
        [0.0944, 0.0457, 0.0584, 0.0700, 0.5277, 0.0696, 0.0292, 0.0347, 0.0456,
         0.0246],
        [0.0530, 0.0377, 0.0501, 0.0461, 0.0310, 0.0280, 0.6485, 0.0379, 0.0298,
         0.0378],
        [0.0571, 0.0397, 0.0533, 0.0253, 0.0230, 0.0281, 0.6783, 0.0395, 0.0321,
         0.0236],
        [0.5561, 0.0655, 0.0689, 0.0301, 0.0486, 0.0264, 0.0496, 0.0736, 0.0376,
         0.0437],
        [0.0514, 0.0399, 0.0760, 0.0595, 0.0426, 0.3823, 0.0324, 0.2193, 0.0686,
         0.0281],
        [0.0659, 0.3225, 0.0442, 0.0277, 0.0655, 0.0389, 0.0466, 0.0513, 0.2020,
         0.1353],
        [0.0546, 0.0560, 0.0847, 0.0288, 0.0333, 0.0580, 0.0313, 0.5754, 0.0454,
         0.0325],
