noise type: uniform
noise level: 0.0
when_to_apply_epoch: 25
total clean data num: 45000
probability transition matrix:
[[1. 0. 0. 0. 0. 0. 0. 0. 0. 0.]
 [0. 1. 0. 0. 0. 0. 0. 0. 0. 0.]
 [0. 0. 1. 0. 0. 0. 0. 0. 0. 0.]
 [0. 0. 0. 1. 0. 0. 0. 0. 0. 0.]
 [0. 0. 0. 0. 1. 0. 0. 0. 0. 0.]
 [0. 0. 0. 0. 0. 1. 0. 0. 0. 0.]
 [0. 0. 0. 0. 0. 0. 1. 0. 0. 0.]
 [0. 0. 0. 0. 0. 0. 0. 1. 0. 0.]
 [0. 0. 0. 0. 0. 0. 0. 0. 1. 0.]
 [0. 0. 0. 0. 0. 0. 0. 0. 0. 1.]]
>> val epoch: 0
>> current accuracy: 60.699999999999996%
outputs: tensor([[8.9417e-01, 5.7559e-04, 1.0107e-02, 5.6527e-03, 1.2903e-02, 1.4631e-03,
         9.1261e-04, 6.0882e-04, 7.1903e-02, 1.7009e-03],
        [1.1097e-02, 6.1385e-03, 3.8630e-02, 1.9588e-01, 3.5843e-01, 1.0438e-01,
         2.1284e-01, 5.9232e-02, 8.0764e-03, 5.2956e-03],
        [1.1519e-02, 1.0212e-01, 9.0425e-03, 2.8841e-02, 4.2454e-03, 2.3667e-02,
         5.5286e-03, 7.0355e-02, 1.0452e-03, 7.4364e-01],
        [1.2936e-02, 2.6258e-03, 4.2427e-01, 2.8299e-01, 4.1232e-02, 1.6172e-01,
         4.4647e-02, 2.6267e-02, 1.6470e-03, 1.6693e-03],
        [3.3000e-02, 8.8828e-01, 5.1766e-05, 5.1418e-05, 6.3737e-05, 1.3846e-05,
         6.6905e-05, 8.3195e-05, 5.7508e-03, 7.2640e-02],
        [6.8083e-03, 6.8326e-02, 2.7115e-03, 2.8584e-03, 5.1151e-04, 3.4405e-03,
         4.2900e-04, 6.2106e-03, 7.8577e-03, 9.0085e-01],
        [6.3719e-03, 3.6122e-04, 1.5954e-04, 8.8103e-05, 5.6897e-05, 3.2442e-05,
         2.5305e-05, 4.4337e-06, 9.9214e-01, 7.5960e-04],
        [2.9787e-02, 4.3642e-01, 1.4338e-03, 1.7238e-03, 3.9994e-04, 1.0619e-03,
         4.9674e-04, 9.5714e-04, 2.4702e-01, 2.8070e-01],
        [1.1071e-01, 3.5669e-01, 1.2206e-03, 3.8342e-03, 2.4837e-03, 1.3442e-03,
         1.1275e-03, 5.3718e-03, 4.1416e-03, 5.1308e-01],
        [1.0520e-02, 1.7964e-03, 4.5602e-01, 1.5948e-01, 6.5584e-02, 2.6373e-01,
         8.2017e-03, 3.0469e-02, 2.0326e-03, 2.1575e-03],
        [8.3204e-01, 2.4226e-03, 1.6884e-02, 1.0488e-02, 8.8605e-03, 2.4753e-03,
         2.0430e-03, 8.3878e-04, 1.1852e-01, 5.4315e-03],
        [1.7087e-02, 2.3542e-03, 6.1863e-01, 1.5843e-01, 4.5448e-02, 7.1351e-02,
         6.4500e-02, 9.1458e-03, 7.6800e-03, 5.3792e-03],
        [2.0911e-03, 2.0593e-04, 2.6394e-02, 4.2157e-01, 1.6432e-02, 3.8843e-01,
         8.7656e-02, 5.6594e-02, 1.9804e-04, 4.2815e-04],
        [5.7819e-01, 2.3061e-01, 2.1951e-02, 5.0903e-03, 1.2865e-02, 2.5492e-03,
         3.3771e-03, 4.1198e-03, 7.4107e-02, 6.7140e-02],
        [6.2630e-02, 5.1785e-03, 1.4835e-01, 1.6808e-01, 4.4956e-01, 8.6220e-02,
         2.6962e-02, 3.9260e-02, 1.0640e-02, 3.1227e-03],
        [1.2182e-01, 2.6837e-03, 3.4477e-02, 1.9538e-02, 4.0388e-03, 8.7631e-03,
         3.1207e-03, 7.7394e-04, 7.8605e-01, 1.8737e-02],
        [2.2069e-02, 1.3387e-01, 1.1074e-01, 2.8395e-01, 5.9618e-03, 1.2860e-01,
         1.2629e-01, 2.8557e-02, 7.0648e-03, 1.5289e-01],
        [6.2727e-03, 2.6793e-03, 2.6976e-01, 1.8448e-01, 5.9466e-02, 3.6428e-01,
         2.0277e-02, 8.8931e-02, 6.8421e-04, 3.1696e-03],
        [1.0579e-02, 1.3322e-03, 1.5005e-01, 3.3154e-02, 4.7446e-01, 1.4145e-02,
         3.0900e-01, 3.7918e-03, 2.4126e-03, 1.0695e-03],
        [3.7965e-02, 2.7971e-01, 4.7820e-02, 2.7268e-01, 1.5078e-02, 4.7497e-02,
         1.9338e-01, 1.9365e-02, 2.6834e-02, 5.9668e-02],
        [4.0425e-01, 2.6510e-02, 2.2138e-01, 3.8740e-02, 1.6025e-01, 1.6947e-02,
         2.8436e-02, 3.9971e-02, 5.6977e-02, 6.5423e-03],
        [1.9157e-02, 5.7370e-02, 7.2177e-02, 6.2451e-02, 1.5260e-02, 1.1920e-01,
         1.6329e-02, 4.1499e-01, 1.1851e-03, 2.2188e-01],
        [7.9584e-04, 9.2741e-05, 4.1978e-04, 4.0099e-04, 1.1732e-01, 8.9101e-04,
         2.2505e-04, 8.7964e-01, 8.9385e-06, 2.0144e-04],
        [7.3495e-04, 2.1703e-02, 1.4859e-05, 3.2300e-05, 5.9627e-06, 3.3321e-05,
         1.1504e-05, 5.9857e-05, 2.5151e-03, 9.7489e-01],
        [1.0298e-02, 1.7580e-03, 1.7424e-01, 3.5730e-01, 2.8718e-03, 1.0958e-01,
         3.0566e-01, 3.1889e-03, 2.6696e-02, 8.4035e-03],
        [6.5349e-03, 1.9949e-01, 5.0194e-03, 1.0889e-02, 7.3880e-04, 5.9467e-03,
         5.4283e-03, 6.1537e-03, 1.9463e-03, 7.5786e-01],
        [4.9109e-03, 1.8994e-03, 7.8406e-02, 1.4649e-01, 1.0477e-01, 3.6842e-01,
         7.0143e-03, 2.8109e-01, 3.1390e-03, 3.8633e-03],
        [9.6743e-02, 2.6720e-03, 2.7645e-02, 2.9953e-02, 2.7899e-02, 2.3976e-02,
         1.4272e-03, 6.2904e-03, 7.5155e-01, 3.1841e-02],
        [5.0513e-02, 3.0538e-01, 6.7557e-03, 1.8272e-02, 1.5190e-03, 5.9058e-03,
         1.2122e-02, 5.7083e-03, 1.0121e-02, 5.8371e-01],
        [6.1462e-03, 1.4955e-03, 1.9068e-01, 1.1677e-01, 3.0936e-01, 8.3251e-02,
         1.2454e-01, 1.6655e-01, 2.9526e-04, 9.0932e-04],
        [1.3151e-03, 1.6914e-04, 2.1034e-02, 1.8160e-01, 4.1187e-03, 7.6305e-01,
         9.7627e-03, 1.6432e-02, 1.4497e-03, 1.0717e-03],
        [2.0936e-02, 5.7131e-04, 1.3666e-01, 1.5151e-01, 1.5843e-01, 2.0024e-01,
         2.0886e-02, 3.0863e-01, 8.9565e-04, 1.2518e-03],
        [6.4153e-01, 3.2693e-02, 5.1466e-02, 4.2918e-02, 7.2263e-02, 1.2925e-02,
         1.3016e-02, 4.1189e-02, 6.6114e-02, 2.5884e-02],
        [2.2080e-02, 1.7538e-02, 2.2574e-01, 4.8015e-02, 9.1321e-02, 1.8415e-01,
         9.5611e-03, 3.8174e-01, 2.0360e-03, 1.7816e-02],
        [6.5138e-03, 1.2590e-03, 1.6106e-01, 3.5965e-01, 1.9856e-02, 3.3200e-01,
         8.5289e-02, 2.9947e-02, 2.0288e-03, 2.3972e-03],
        [2.6588e-03, 7.1703e-04, 2.8598e-03, 6.1886e-03, 1.5601e-01, 1.0713e-02,
         2.0243e-03, 8.1783e-01, 7.1753e-05, 9.2030e-04],
        [2.7425e-01, 4.4994e-03, 1.6304e-01, 2.8761e-02, 7.0767e-03, 6.2758e-03,
         1.0634e-02, 1.1054e-03, 4.9841e-01, 5.9447e-03],
        [2.0593e-03, 3.6677e-04, 2.1903e-02, 2.2450e-02, 7.0814e-01, 4.7681e-02,
         1.0468e-02, 1.8595e-01, 3.0915e-04, 6.7234e-04],
        [3.9500e-04, 3.5169e-01, 1.9724e-05, 5.9419e-05, 1.0489e-04, 1.0067e-04,
         1.9896e-04, 1.8772e-04, 1.1184e-04, 6.4713e-01],
        [2.2522e-02, 2.7074e-02, 2.7300e-01, 2.8426e-01, 4.0909e-03, 1.1707e-01,
         1.2523e-01, 1.0968e-02, 1.4262e-02, 1.2152e-01],
        [4.9910e-02, 1.3386e-02, 2.0113e-01, 1.6418e-01, 2.4421e-02, 1.7569e-02,
         4.5500e-01, 2.4559e-03, 6.5556e-02, 6.3988e-03],
        [2.8494e-01, 1.0008e-02, 3.0827e-03, 1.4460e-03, 5.5434e-03, 3.3879e-04,
         3.9132e-04, 7.1928e-04, 6.6671e-01, 2.6823e-02],
        [8.9234e-01, 4.1926e-03, 2.7327e-02, 1.0206e-02, 1.7774e-02, 2.6383e-03,
         2.4747e-03, 2.9046e-03, 3.6334e-02, 3.8054e-03],
        [1.5853e-02, 6.9915e-03, 2.3045e-01, 3.1080e-01, 1.1168e-01, 1.4172e-01,
         6.2520e-02, 1.1212e-01, 2.3477e-03, 5.5322e-03],
        [8.4232e-03, 9.0241e-02, 1.5194e-02, 8.4195e-02, 7.7924e-03, 2.2469e-02,
         7.1652e-01, 8.0521e-03, 9.9662e-04, 4.6114e-02],
        [9.8437e-02, 4.2031e-02, 4.3044e-02, 3.9445e-02, 3.3465e-01, 1.4784e-02,
         3.0300e-03, 4.1242e-01, 4.9675e-03, 7.1959e-03],
        [2.2422e-03, 5.9697e-04, 1.8856e-02, 7.1393e-02, 6.5349e-01, 8.7772e-02,
         6.6661e-02, 9.7400e-02, 3.7226e-04, 1.2145e-03],
        [3.3520e-04, 4.6094e-05, 6.4188e-04, 1.6439e-03, 6.0818e-01, 3.6411e-03,
         1.2779e-03, 3.8417e-01, 1.1665e-05, 5.1493e-05],
        [3.6149e-04, 8.3435e-05, 9.4208e-03, 6.7807e-03, 8.0656e-04, 4.5916e-04,
         9.8166e-01, 4.8808e-05, 1.7965e-04, 1.9983e-04],
        [7.9754e-01, 1.2510e-03, 2.7461e-02, 1.1392e-02, 1.7129e-02, 3.2032e-03,
         2.6167e-03, 8.9238e-04, 1.3518e-01, 3.3306e-03],
        [5.6724e-03, 3.2636e-03, 6.5388e-03, 1.8278e-02, 3.7087e-02, 3.2475e-02,
         2.0476e-03, 8.5313e-01, 5.4341e-04, 4.0961e-02],
        [9.1814e-03, 4.4346e-03, 1.8708e-02, 2.4410e-01, 6.6729e-02, 3.4100e-01,
         1.8698e-02, 2.7740e-01, 7.0396e-03, 1.2716e-02],
        [1.2859e-01, 4.8506e-02, 8.0674e-03, 1.8374e-02, 5.6754e-02, 1.7328e-02,
         2.2377e-03, 5.9145e-01, 5.9750e-03, 1.2272e-01],
        [1.5877e-03, 2.7481e-03, 4.8547e-03, 2.1185e-02, 1.3156e-03, 6.8469e-04,
         9.6408e-01, 6.9423e-05, 2.7450e-03, 7.2659e-04],
        [2.6131e-02, 2.3628e-03, 4.5882e-01, 9.8141e-02, 1.7453e-01, 6.6407e-02,
         1.4511e-01, 1.9983e-02, 3.7114e-03, 4.8062e-03],
        [1.6068e-02, 1.2118e-02, 3.8825e-01, 2.2812e-01, 3.6141e-02, 2.0031e-01,
         3.4017e-02, 4.9122e-02, 6.1708e-03, 2.9677e-02],
        [1.0217e-03, 4.9365e-05, 1.6069e-03, 1.8107e-03, 2.5065e-02, 6.6466e-03,
         1.8060e-04, 9.6315e-01, 5.7067e-05, 4.1500e-04],
        [2.0267e-01, 1.4535e-02, 2.7690e-02, 1.3293e-02, 1.0447e-02, 3.8313e-03,
         8.6553e-03, 9.9516e-04, 7.1339e-01, 4.4933e-03],
        [2.8308e-02, 5.1222e-03, 5.3789e-02, 3.4736e-01, 6.4972e-03, 4.6595e-01,
         2.8077e-02, 4.2886e-02, 5.9768e-03, 1.6032e-02],
        [2.9678e-02, 7.2799e-01, 6.0687e-03, 8.6660e-03, 1.6767e-03, 2.6571e-03,
         1.3993e-02, 8.8360e-04, 1.4047e-01, 6.7924e-02],
        [3.8285e-02, 3.2243e-01, 9.9880e-03, 1.3353e-02, 2.0091e-03, 6.2574e-03,
         2.8259e-03, 7.9812e-03, 3.4585e-01, 2.5102e-01],
        [9.2113e-01, 5.6539e-03, 2.2711e-03, 1.8088e-03, 2.0685e-03, 2.9354e-04,
         5.2058e-04, 3.8128e-04, 5.2831e-02, 1.3040e-02],
        [5.9443e-01, 3.9565e-03, 1.3702e-01, 5.6083e-02, 6.6382e-03, 7.8643e-03,
         2.6517e-02, 9.4543e-04, 1.6259e-01, 3.9533e-03],
        [6.7844e-03, 5.8813e-04, 2.6377e-02, 2.5624e-02, 8.9502e-01, 1.5611e-02,
         2.1640e-02, 5.3294e-03, 2.6865e-03, 3.3536e-04],
        [8.5099e-01, 2.3292e-02, 1.8381e-02, 7.9010e-03, 2.2711e-02, 1.7145e-03,
         1.7755e-03, 1.2540e-02, 1.1916e-02, 4.8775e-02],
        [5.7178e-03, 3.1954e-03, 1.3634e-01, 2.7694e-01, 3.2052e-01, 1.0233e-01,
         1.0508e-01, 4.6040e-02, 1.3114e-03, 2.5247e-03],
        [5.3044e-02, 8.5945e-04, 6.8560e-01, 1.5030e-01, 7.7847e-03, 4.4584e-02,
         4.8790e-02, 2.9637e-03, 5.2687e-03, 8.1386e-04],
        [2.8934e-02, 1.2054e-02, 1.9531e-01, 4.4637e-02, 4.4570e-02, 7.0494e-02,
         8.1806e-03, 5.7557e-01, 7.1552e-04, 1.9538e-02],
        [5.4887e-03, 1.7463e-03, 6.8405e-02, 1.1453e-01, 6.4725e-03, 4.6149e-01,
         7.2823e-03, 3.2421e-01, 8.0744e-04, 9.5658e-03],
        [5.7123e-03, 9.0854e-01, 9.2618e-04, 2.1350e-03, 1.2127e-03, 5.2070e-04,
         5.7365e-02, 1.6407e-04, 6.1430e-03, 1.7279e-02],
        [7.0508e-04, 7.1975e-04, 6.4752e-03, 4.9936e-02, 1.0227e-02, 5.5664e-03,
         9.2474e-01, 4.9083e-04, 5.1137e-04, 6.2922e-04],
        [1.4660e-03, 4.3724e-04, 3.1030e-02, 1.1162e-01, 3.7320e-01, 1.1573e-02,
         4.6525e-01, 4.4353e-03, 5.5372e-04, 4.3161e-04]],
       device='cuda:0', grad_fn=<SoftmaxBackward>)
>> best accuracy: 60.699999999999996	best epoch: 0

>> final recovery rate: 100.0%
>> val epoch: 5
>> current accuracy: 82.34%
outputs: tensor([[6.1079e-04, 2.4856e-04, 3.0916e-02, 3.3154e-02, 6.8019e-04, 9.3080e-01,
         7.6946e-04, 2.5589e-03, 1.1785e-04, 1.4087e-04],
        [8.6695e-04, 1.9917e-04, 1.5559e-05, 8.8009e-05, 1.9094e-06, 4.8434e-06,
         1.1584e-06, 4.7171e-06, 1.6573e-03, 9.9716e-01],
        [1.2284e-02, 8.5124e-06, 1.1932e-02, 5.8551e-02, 9.0337e-01, 1.2458e-02,
         5.3235e-04, 5.4944e-04, 2.6720e-04, 5.1089e-05],
        [5.0569e-04, 6.5839e-07, 1.5932e-07, 3.9017e-08, 8.2013e-09, 7.8482e-09,
         3.2831e-08, 5.1908e-09, 9.9949e-01, 6.9681e-07],
        [1.0543e-04, 5.8338e-05, 9.9147e-03, 4.8795e-03, 3.7585e-04, 4.5448e-04,
         9.8309e-01, 1.6917e-05, 1.0679e-03, 3.5490e-05],
        [5.1672e-03, 8.0043e-01, 1.0433e-04, 9.6175e-05, 4.1215e-05, 3.1189e-05,
         6.8897e-06, 8.4898e-05, 5.7848e-02, 1.3619e-01],
        [9.4350e-03, 6.7663e-03, 1.7465e-01, 1.2999e-01, 1.4698e-01, 2.9349e-01,
         4.8206e-02, 1.7371e-01, 7.3095e-03, 9.4589e-03],
        [7.2080e-02, 5.1876e-04, 8.8269e-01, 1.5140e-02, 1.1336e-02, 1.6201e-03,
         1.3293e-02, 9.4728e-04, 1.8241e-03, 5.4774e-04],
        [3.1762e-04, 9.8664e-01, 6.1686e-06, 9.3616e-06, 8.9855e-07, 3.1062e-06,
         1.5384e-05, 6.3279e-07, 2.7766e-03, 1.0233e-02],
        [2.7346e-03, 8.2272e-05, 8.5532e-01, 7.6849e-02, 5.0007e-02, 3.4647e-03,
         1.0042e-02, 5.4468e-04, 8.8286e-04, 7.0837e-05],
        [1.8050e-04, 1.3001e-05, 1.2115e-03, 5.5884e-04, 1.1949e-01, 8.4997e-03,
         1.4682e-05, 8.7001e-01, 1.3225e-05, 7.3339e-06],
        [5.3929e-04, 1.1873e-04, 1.3849e-02, 1.8229e-01, 6.8377e-01, 1.0338e-01,
         1.2063e-02, 3.4784e-03, 1.7767e-04, 3.3177e-04],
        [2.3680e-05, 1.5519e-06, 6.8815e-06, 1.5052e-05, 1.5557e-03, 2.8592e-03,
         2.1000e-07, 9.9553e-01, 2.2540e-06, 1.0864e-06],
        [9.5907e-01, 2.9669e-04, 5.4776e-03, 1.4970e-04, 1.0044e-04, 2.2019e-05,
         5.8701e-05, 2.7840e-05, 3.3605e-02, 1.1905e-03],
        [1.4104e-03, 5.4172e-06, 1.8869e-04, 1.9841e-04, 4.7096e-03, 9.3067e-03,
         1.5804e-06, 9.8411e-01, 6.3152e-06, 6.3992e-05],
        [4.2407e-04, 2.9054e-04, 9.4740e-06, 1.0833e-05, 1.5863e-06, 1.9343e-06,
         9.7415e-07, 2.1449e-06, 6.3597e-05, 9.9919e-01],
        [8.1538e-05, 7.6274e-06, 3.2996e-03, 2.0333e-04, 3.2027e-02, 2.6871e-02,
         9.7301e-06, 9.3748e-01, 4.7384e-06, 1.4070e-05],
        [3.3820e-04, 2.2321e-06, 2.3808e-02, 1.4631e-03, 9.7412e-01, 1.3231e-04,
         2.4858e-05, 4.5444e-05, 6.2759e-05, 6.5971e-06],
        [1.3066e-02, 1.1656e-05, 1.5735e-04, 9.6885e-06, 3.7577e-06, 1.5594e-06,
         4.8232e-06, 2.7443e-06, 9.8670e-01, 4.6034e-05],
        [4.7695e-03, 1.4638e-02, 3.3339e-03, 8.1761e-03, 4.7903e-01, 5.1327e-02,
         1.3973e-02, 4.2189e-01, 6.0557e-04, 2.2562e-03],
        [9.8949e-01, 1.8344e-04, 1.0151e-03, 4.5904e-04, 3.9781e-05, 1.0487e-04,
         5.0928e-05, 5.0994e-05, 1.0301e-03, 7.5772e-03],
        [1.8631e-02, 8.8759e-04, 5.8181e-01, 7.4637e-02, 5.6546e-03, 3.0609e-01,
         4.1894e-03, 4.7275e-03, 2.7718e-03, 6.0453e-04],
        [1.4820e-04, 1.6069e-04, 2.8917e-03, 8.8997e-01, 6.7924e-03, 8.8234e-02,
         5.3680e-03, 5.8847e-03, 2.8417e-04, 2.6369e-04],
        [9.4890e-03, 2.4590e-04, 5.8581e-06, 1.0323e-05, 9.9386e-07, 1.7754e-06,
         2.8496e-07, 4.8590e-06, 3.0231e-03, 9.8722e-01],
        [9.7168e-04, 1.9427e-03, 1.2504e-02, 1.3244e-02, 1.3526e-02, 8.9327e-03,
         9.4540e-01, 3.6977e-04, 5.3906e-04, 2.5669e-03],
        [1.9670e-03, 3.6007e-01, 3.8122e-06, 2.6454e-05, 2.5457e-06, 6.8867e-06,
         2.0035e-06, 9.9912e-06, 3.9196e-03, 6.3399e-01],
        [1.0701e-04, 9.0012e-06, 6.6457e-04, 4.6797e-04, 9.6738e-01, 2.0389e-03,
         7.7189e-06, 2.9285e-02, 2.9086e-05, 1.4650e-05],
        [3.7319e-01, 1.2015e-03, 2.6943e-03, 1.0760e-03, 3.9359e-04, 1.7615e-04,
         1.5659e-04, 1.0889e-03, 5.9487e-01, 2.5143e-02],
        [1.7743e-02, 1.2511e-02, 3.2429e-03, 5.6984e-03, 3.0368e-04, 5.8064e-04,
         1.7948e-04, 1.3575e-03, 8.6523e-04, 9.5752e-01],
        [1.0606e-05, 1.8344e-05, 1.8759e-03, 3.9438e-02, 1.9339e-03, 7.8249e-03,
         9.4842e-01, 4.3898e-04, 9.0160e-06, 3.3368e-05],
        [6.2319e-03, 1.0997e-03, 4.2464e-02, 2.3505e-02, 3.6077e-01, 7.2255e-02,
         4.4844e-01, 4.4175e-02, 4.3646e-04, 6.3143e-04],
        [3.5983e-03, 9.4073e-04, 7.7303e-03, 6.2516e-01, 3.2112e-03, 2.3713e-01,
         5.3341e-03, 5.5682e-02, 5.6496e-02, 4.7213e-03],
        [4.5670e-05, 5.6696e-05, 4.9283e-04, 5.3476e-03, 4.5812e-05, 9.9312e-01,
         6.4744e-04, 1.4495e-04, 6.5731e-05, 3.6995e-05],
        [2.4839e-03, 7.0592e-03, 2.2461e-02, 4.8795e-03, 5.4517e-04, 1.6259e-03,
         9.5376e-01, 3.4905e-04, 9.6189e-04, 5.8748e-03],
        [8.0777e-05, 3.1229e-05, 6.4119e-03, 1.1994e-03, 2.5029e-03, 4.0866e-05,
         9.8966e-01, 3.3192e-06, 4.5404e-05, 2.6586e-05],
        [3.1201e-04, 8.7542e-04, 1.2986e-05, 8.1660e-06, 5.5387e-07, 3.4261e-06,
         5.9489e-07, 9.6778e-07, 1.0634e-05, 9.9878e-01],
        [3.0481e-03, 2.3972e-04, 2.6530e-03, 2.0238e-02, 2.2519e-02, 6.7435e-02,
         1.0494e-03, 8.8055e-01, 1.9015e-03, 3.6931e-04],
        [1.0561e-03, 3.7314e-05, 9.1704e-01, 1.7528e-02, 5.4148e-02, 3.2514e-03,
         5.7554e-03, 8.7800e-04, 2.2115e-04, 8.0263e-05],
        [7.6260e-05, 1.9398e-06, 2.3134e-04, 1.5633e-05, 1.4837e-04, 1.1747e-03,
         1.0878e-06, 9.9835e-01, 4.9380e-07, 4.7563e-06],
        [2.5452e-03, 2.0721e-04, 1.7329e-02, 7.8651e-02, 2.1803e-02, 2.6704e-01,
         9.9606e-03, 6.0203e-01, 1.7484e-04, 2.6036e-04],
        [6.8110e-07, 3.3346e-07, 4.3749e-05, 1.1157e-05, 9.9994e-01, 1.9611e-06,
         3.2399e-06, 4.7539e-07, 3.8772e-07, 2.5657e-07],
        [7.7212e-01, 6.3643e-02, 1.4418e-04, 8.7076e-05, 2.8576e-05, 1.7612e-05,
         1.4440e-05, 3.4893e-04, 6.2141e-03, 1.5738e-01],
        [7.6319e-03, 1.3125e-04, 9.3315e-01, 4.5542e-02, 2.5464e-03, 3.5513e-03,
         4.4861e-04, 1.6975e-03, 5.0962e-03, 2.0783e-04],
        [9.0404e-01, 2.4029e-03, 3.5264e-03, 1.1352e-03, 1.8743e-04, 7.4940e-05,
         1.8221e-03, 2.1305e-04, 8.4970e-02, 1.6317e-03],
        [3.6344e-03, 2.1295e-04, 2.3686e-01, 4.7763e-02, 8.2051e-02, 2.5344e-01,
         3.4172e-01, 1.1801e-02, 2.1812e-02, 7.0434e-04],
        [3.7761e-05, 2.4646e-06, 1.5264e-03, 3.9138e-02, 1.0596e-02, 9.4777e-01,
         1.6311e-04, 7.5905e-04, 2.2457e-06, 3.2452e-06],
        [1.5709e-05, 5.5844e-06, 4.2965e-03, 8.1600e-04, 3.2832e-05, 5.6199e-04,
         9.9420e-01, 2.2249e-06, 6.4237e-05, 3.4517e-06],
        [2.5046e-04, 8.5650e-06, 4.4956e-03, 4.7303e-03, 9.8941e-01, 4.3398e-04,
         1.3724e-04, 3.0960e-04, 1.8605e-04, 3.5852e-05],
        [5.1771e-04, 3.8179e-01, 7.1132e-06, 1.2193e-05, 3.2504e-06, 4.1502e-06,
         6.1264e-07, 7.1230e-05, 2.1007e-04, 6.1738e-01],
        [1.3023e-06, 9.9958e-01, 7.4482e-08, 1.6524e-07, 3.7007e-09, 1.8575e-07,
         1.4275e-07, 2.2118e-08, 3.8234e-04, 3.8634e-05],
        [2.2052e-03, 1.6792e-03, 8.3853e-01, 1.7649e-02, 3.0892e-02, 2.1842e-02,
         8.5263e-02, 6.4906e-04, 8.6873e-04, 4.1953e-04],
        [1.1231e-05, 9.0872e-01, 6.1756e-07, 3.8765e-07, 4.1665e-08, 5.1556e-07,
         3.3076e-07, 1.3510e-07, 3.6129e-05, 9.1229e-02],
        [1.3119e-01, 2.4682e-02, 1.6101e-04, 3.2996e-04, 2.0705e-05, 4.4190e-05,
         1.7287e-04, 1.8925e-04, 3.3333e-03, 8.3988e-01],
        [1.2214e-02, 3.8018e-04, 4.2318e-03, 1.6988e-02, 3.4755e-03, 6.6681e-02,
         2.4813e-04, 8.9069e-01, 2.3721e-03, 2.7238e-03],
        [7.4350e-02, 9.1173e-03, 4.5918e-02, 1.6002e-01, 7.5209e-02, 1.1274e-01,
         1.0412e-01, 3.0688e-01, 4.1894e-02, 6.9758e-02],
        [8.8717e-01, 2.7858e-04, 1.0169e-01, 3.1364e-03, 2.3542e-03, 2.8698e-04,
         6.2508e-04, 2.8620e-04, 3.6001e-03, 5.6850e-04],
        [3.7943e-03, 9.0484e-01, 1.4266e-04, 2.8608e-04, 7.0730e-06, 5.7544e-04,
         1.1209e-04, 2.6641e-05, 1.6440e-03, 8.8571e-02],
        [1.6700e-01, 7.6261e-01, 5.1096e-05, 1.7056e-05, 6.6219e-06, 3.8974e-06,
         2.4181e-05, 1.4447e-05, 6.8518e-02, 1.7565e-03],
        [2.7315e-05, 3.8547e-08, 9.9996e-01, 4.1873e-06, 2.7272e-06, 6.9272e-06,
         1.2361e-06, 5.3671e-07, 2.9252e-07, 5.4262e-08],
        [2.1451e-01, 1.7215e-04, 4.6415e-04, 5.6837e-04, 3.5920e-04, 3.1058e-05,
         2.3416e-05, 6.4184e-05, 7.8065e-01, 3.1537e-03],
        [4.4353e-04, 2.2664e-05, 1.3634e-02, 5.4549e-02, 8.6838e-04, 9.2656e-01,
         3.4265e-03, 9.3571e-05, 3.5892e-04, 4.2261e-05],
        [9.9670e-01, 4.2532e-06, 2.6408e-03, 3.9650e-05, 2.8670e-04, 1.7396e-05,
         5.9530e-06, 3.1606e-05, 2.3832e-04, 3.1746e-05],
        [1.2377e-06, 9.9997e-01, 7.4537e-10, 1.7553e-09, 3.1903e-10, 5.6602e-09,
         5.1091e-10, 3.5909e-09, 3.2020e-07, 2.5991e-05],
        [1.5074e-05, 2.9154e-06, 1.3315e-04, 9.9822e-01, 6.0131e-05, 1.0981e-03,
         4.3580e-04, 2.3727e-05, 5.1402e-06, 3.8679e-06],
        [8.9974e-03, 2.3613e-03, 3.5511e-03, 7.6774e-02, 3.5969e-03, 2.5394e-01,
         2.4220e-04, 6.3899e-01, 9.2651e-03, 2.2765e-03],
        [1.5024e-06, 4.8372e-06, 1.7089e-04, 1.0984e-03, 1.3358e-04, 1.2305e-03,
         9.9735e-01, 1.2268e-06, 3.0499e-06, 3.3842e-06],
        [4.1442e-03, 1.0669e-04, 1.8257e-02, 3.2173e-02, 5.9008e-01, 1.0525e-01,
         7.7792e-04, 2.4895e-01, 2.1604e-04, 4.1462e-05],
        [1.3755e-05, 3.5576e-06, 3.7244e-04, 9.9265e-01, 1.6216e-04, 2.3667e-03,
         4.2848e-03, 1.1412e-04, 2.7935e-05, 1.5765e-06],
        [3.3249e-05, 2.0926e-06, 2.1076e-02, 1.0098e-01, 2.4707e-03, 1.4625e-02,
         8.6078e-01, 1.6400e-05, 1.5836e-05, 1.4621e-06],
        [5.3613e-05, 3.6389e-06, 3.5311e-03, 9.8008e-01, 1.7591e-03, 1.2485e-02,
         1.7734e-03, 2.6059e-04, 5.2630e-05, 2.0277e-06],
        [6.8961e-04, 5.2133e-05, 6.0319e-02, 3.2725e-01, 4.8902e-01, 6.3926e-02,
         5.5391e-02, 2.9154e-03, 2.8082e-04, 1.5561e-04],
        [4.0495e-03, 9.7759e-01, 7.8835e-04, 6.5800e-04, 6.8084e-04, 2.7515e-04,
         3.7371e-03, 8.0695e-06, 1.9575e-04, 1.2013e-02]],
       device='cuda:0', grad_fn=<SoftmaxBackward>)
>> best accuracy: 82.34	best epoch: 5

>> final recovery rate: 100.0%
>> val epoch: 10
>> current accuracy: 85.54%
outputs: tensor([[6.4681e-04, 7.3857e-06, 1.1974e-02, 1.8734e-02, 5.9456e-01, 1.2213e-01,
         1.3835e-02, 2.3785e-01, 2.5360e-04, 1.1087e-05],
        [1.0092e-08, 1.0000e+00, 3.8208e-11, 9.5606e-10, 1.1125e-10, 2.0149e-10,
         3.0703e-10, 8.8433e-11, 3.5045e-08, 7.1333e-07],
        [3.2983e-03, 3.3197e-03, 8.8383e-03, 7.4092e-01, 1.0204e-03, 2.0174e-01,
         2.8586e-03, 1.3226e-02, 2.4224e-03, 2.2358e-02],
        [2.6327e-05, 9.4661e-01, 2.1206e-05, 4.8514e-05, 9.3327e-07, 8.1413e-05,
         1.1168e-03, 6.9498e-07, 5.0813e-02, 1.2855e-03],
        [1.3337e-04, 1.6574e-05, 3.2766e-04, 4.3738e-04, 6.6501e-04, 2.9115e-05,
         9.9774e-01, 9.1705e-06, 6.1572e-04, 3.0700e-05],
        [1.8356e-01, 6.0794e-05, 1.2949e-01, 9.4459e-04, 3.3066e-05, 2.5986e-05,
         6.8128e-01, 9.3926e-06, 4.4363e-03, 1.5298e-04],
        [1.0500e-04, 1.4667e-05, 9.0547e-06, 2.1499e-05, 1.4616e-04, 4.8431e-04,
         6.6528e-07, 9.9919e-01, 5.6184e-06, 2.5016e-05],
        [1.5999e-03, 5.1098e-04, 4.0807e-02, 7.1115e-02, 2.3326e-02, 6.7605e-02,
         5.5630e-04, 7.9379e-01, 9.5729e-05, 5.9560e-04],
        [4.2707e-04, 5.8995e-05, 3.1677e-03, 7.9998e-03, 9.4581e-01, 6.9923e-03,
         3.0050e-04, 3.5027e-02, 1.3569e-04, 7.8098e-05],
        [2.0636e-06, 1.9733e-05, 3.2864e-05, 2.8761e-04, 3.4125e-06, 9.9957e-01,
         2.3986e-05, 3.5346e-05, 1.6877e-05, 8.4587e-06],
        [8.6440e-04, 7.6998e-03, 1.8629e-05, 1.0539e-04, 6.8687e-06, 1.7960e-06,
         4.0050e-05, 1.2365e-05, 1.6387e-01, 8.2738e-01],
        [9.6937e-06, 1.0337e-04, 1.3613e-03, 3.9415e-02, 4.6721e-03, 9.5337e-01,
         7.4466e-04, 2.1770e-04, 2.5673e-05, 7.9261e-05],
        [7.6343e-06, 1.0627e-03, 3.6911e-06, 2.5612e-06, 4.3496e-07, 2.8142e-07,
         1.0877e-06, 2.1095e-07, 2.4103e-06, 9.9892e-01],
        [4.3732e-03, 9.7609e-05, 7.0701e-01, 5.3728e-02, 8.6848e-02, 8.3384e-03,
         1.3232e-01, 6.0855e-03, 8.5586e-04, 3.5009e-04],
        [3.6461e-05, 1.0156e-05, 1.0678e-04, 3.8327e-04, 2.2175e-03, 1.2158e-03,
         2.1949e-05, 9.9598e-01, 1.9007e-05, 5.1914e-06],
        [7.2007e-02, 9.5686e-03, 6.3233e-03, 4.2616e-03, 1.4627e-04, 9.9302e-05,
         8.8694e-01, 9.2644e-05, 1.8864e-02, 1.6969e-03],
        [2.3670e-03, 4.5617e-07, 2.2803e-05, 6.6406e-07, 8.1896e-07, 4.0434e-08,
         2.4534e-07, 2.0204e-08, 9.9760e-01, 5.7153e-06],
        [7.4593e-05, 5.2586e-04, 2.0249e-02, 1.7216e-01, 4.2012e-01, 3.7991e-01,
         4.9390e-03, 2.8551e-04, 1.5125e-03, 2.2317e-04],
        [9.1611e-03, 5.5889e-04, 1.3248e-02, 6.6289e-01, 7.9861e-03, 2.0114e-01,
         5.5270e-03, 9.7010e-02, 9.8375e-04, 1.4899e-03],
        [1.3509e-02, 8.8161e-01, 3.6308e-03, 4.3745e-03, 2.9329e-04, 4.2250e-04,
         1.0331e-03, 1.5134e-04, 4.9676e-02, 4.5297e-02],
        [2.4575e-01, 5.8446e-03, 8.4750e-02, 7.8827e-02, 5.7976e-02, 4.1752e-02,
         4.0989e-01, 5.9066e-02, 5.9503e-03, 1.0197e-02],
        [9.9746e-01, 2.6580e-06, 8.9731e-04, 2.7486e-04, 1.9520e-05, 2.2881e-05,
         1.9309e-04, 1.5289e-05, 9.8125e-04, 1.3630e-04],
        [2.8415e-06, 2.3462e-05, 1.1337e-04, 9.9001e-01, 2.0870e-04, 6.4811e-03,
         2.9892e-03, 1.1642e-04, 5.2564e-05, 3.4309e-06],
        [2.3117e-01, 1.6709e-01, 7.9556e-02, 1.2482e-01, 1.8631e-03, 3.4374e-02,
         1.2050e-01, 5.5879e-03, 2.0295e-01, 3.2090e-02],
        [4.5412e-06, 3.2085e-08, 2.8281e-02, 2.2537e-03, 9.6454e-01, 3.5104e-04,
         4.5553e-03, 1.3587e-05, 4.7374e-07, 5.0148e-08],
        [4.0839e-05, 5.9414e-06, 4.1688e-08, 9.2547e-08, 1.3658e-09, 7.9879e-09,
         7.3407e-08, 2.2322e-09, 9.1964e-06, 9.9994e-01],
        [8.8746e-09, 9.9984e-01, 3.9968e-10, 3.0280e-08, 1.0143e-09, 3.9974e-09,
         1.8066e-08, 2.3521e-09, 1.0682e-07, 1.5932e-04],
        [2.1416e-03, 5.9069e-04, 4.7032e-03, 5.2696e-02, 2.4409e-03, 2.1617e-02,
         4.5973e-03, 9.0245e-01, 1.3611e-03, 7.4010e-03],
        [1.5618e-04, 3.6029e-05, 1.1886e-03, 3.3717e-04, 2.7940e-05, 5.4728e-06,
         9.9332e-01, 1.0721e-06, 4.9158e-03, 1.2688e-05],
        [4.5836e-03, 3.8003e-05, 2.1816e-01, 2.9713e-01, 3.2601e-01, 1.3997e-01,
         2.5024e-03, 1.0898e-02, 5.8811e-04, 1.0710e-04],
        [7.5510e-08, 3.0196e-08, 1.9929e-06, 3.4619e-07, 1.7107e-04, 5.1791e-05,
         5.1016e-08, 9.9977e-01, 1.1391e-08, 1.1104e-08],
        [2.6526e-06, 1.1074e-07, 2.9358e-06, 3.4034e-06, 9.0146e-06, 4.6393e-05,
         6.1805e-08, 9.9994e-01, 2.8220e-07, 1.1418e-07],
        [2.8282e-07, 5.9033e-08, 1.1448e-05, 1.2792e-03, 1.6977e-04, 9.9851e-01,
         6.7804e-06, 2.0096e-05, 1.1061e-07, 5.9277e-08],
        [7.1019e-06, 1.0723e-09, 9.9959e-01, 2.7413e-06, 4.7048e-07, 2.0842e-07,
         3.9468e-04, 2.2228e-08, 1.9788e-07, 2.0261e-08],
        [1.6005e-06, 1.2936e-05, 9.9574e-05, 1.5041e-03, 1.4372e-05, 9.9833e-01,
         8.0947e-06, 2.2736e-05, 2.1874e-06, 6.7790e-06],
        [9.9174e-01, 3.9034e-05, 3.7573e-03, 1.4402e-03, 2.8499e-05, 7.4082e-05,
         2.1416e-04, 2.2640e-05, 2.3168e-03, 3.6363e-04],
        [2.0433e-04, 3.6943e-05, 4.3665e-04, 3.9097e-03, 1.7880e-02, 3.0663e-02,
         5.9191e-05, 9.4661e-01, 1.4345e-04, 5.6935e-05],
        [2.7699e-06, 2.4497e-07, 6.6154e-04, 9.2097e-03, 9.8179e-01, 8.0540e-03,
         2.5705e-04, 2.7257e-05, 9.0035e-07, 5.3177e-07],
        [3.3159e-08, 9.9998e-01, 5.7840e-10, 9.2284e-10, 2.3929e-10, 2.7395e-10,
         1.0822e-09, 2.2081e-10, 1.4875e-07, 1.9358e-05],
        [3.4420e-02, 1.2828e-03, 1.5036e-02, 3.6396e-03, 2.1084e-03, 2.7531e-03,
         4.9985e-03, 8.3700e-01, 9.3187e-02, 5.5783e-03],
        [3.7741e-08, 1.0000e+00, 2.8158e-11, 9.1152e-10, 4.2220e-10, 1.0560e-10,
         3.1045e-11, 2.9827e-10, 1.6307e-07, 1.9903e-06],
        [1.0260e-02, 8.0231e-05, 3.1089e-02, 5.6471e-01, 1.9566e-01, 1.8392e-01,
         8.4897e-03, 3.0520e-03, 2.6416e-03, 9.7252e-05],
        [1.0217e-03, 2.9809e-02, 7.5612e-01, 4.1288e-02, 3.8091e-04, 3.5853e-02,
         1.0675e-01, 4.5309e-04, 2.9947e-03, 2.5334e-02],
        [8.9268e-02, 3.4921e-05, 8.5573e-01, 4.5794e-03, 1.3124e-03, 1.5509e-03,
         4.6310e-02, 8.1654e-04, 1.8338e-04, 2.1249e-04],
        [1.2994e-02, 1.5562e-02, 2.0581e-02, 7.8010e-02, 4.8958e-03, 2.0503e-02,
         1.1545e-02, 6.4875e-01, 4.6556e-03, 1.8250e-01],
        [5.3061e-07, 1.3079e-06, 5.6732e-06, 9.9879e-01, 1.6596e-05, 1.1205e-03,
         4.5173e-05, 1.9046e-05, 2.7918e-06, 7.2821e-07],
        [8.7412e-07, 6.4106e-05, 9.2395e-09, 5.5622e-07, 1.7594e-08, 4.9438e-08,
         2.1738e-08, 3.2651e-08, 4.5364e-06, 9.9993e-01],
        [5.4248e-09, 1.0000e+00, 1.7484e-11, 1.6172e-10, 4.8028e-11, 2.4309e-11,
         5.4137e-11, 1.0191e-11, 9.8992e-08, 5.8848e-07],
        [4.2564e-04, 7.6132e-06, 6.5416e-05, 5.8948e-04, 1.5110e-04, 2.0181e-03,
         1.5462e-05, 9.9671e-01, 3.6508e-06, 1.1362e-05],
        [3.5244e-05, 6.0780e-08, 1.6622e-03, 3.6828e-04, 9.9788e-01, 2.0869e-05,
         3.4845e-05, 1.2146e-06, 1.8061e-06, 1.2575e-07],
        [3.9137e-06, 9.9891e-01, 4.0544e-08, 7.1748e-07, 1.4342e-08, 3.7364e-08,
         1.8047e-07, 8.4087e-09, 7.5271e-05, 1.0075e-03],
        [2.8643e-05, 6.2526e-05, 2.5212e-05, 2.3443e-04, 3.7341e-05, 1.5937e-03,
         1.0392e-05, 9.9797e-01, 1.3064e-05, 2.8924e-05],
        [5.3746e-06, 8.5140e-07, 7.1671e-04, 9.9597e-01, 1.0856e-03, 1.3815e-03,
         8.2613e-04, 1.2654e-05, 3.9555e-06, 5.4916e-07],
        [3.8841e-04, 8.9124e-05, 1.8720e-04, 1.0020e-03, 1.4746e-03, 1.5376e-02,
         5.3450e-05, 9.7963e-01, 9.6758e-04, 8.3225e-04],
        [8.7565e-01, 7.9057e-05, 1.1183e-01, 7.2707e-03, 1.2820e-03, 1.0987e-03,
         1.8287e-03, 1.0560e-04, 4.4843e-04, 4.0662e-04],
        [9.9615e-01, 1.3996e-05, 5.8710e-05, 2.1989e-06, 1.0265e-05, 1.3636e-07,
         5.8609e-07, 5.1669e-07, 3.7526e-03, 1.1486e-05],
        [1.0889e-03, 1.6653e-03, 1.2382e-02, 4.5900e-01, 4.0015e-03, 2.7161e-01,
         7.7473e-04, 2.4054e-01, 7.0361e-03, 1.8969e-03],
        [4.4863e-02, 8.9588e-03, 1.4548e-03, 1.2797e-02, 2.0552e-04, 1.1153e-03,
         8.4899e-04, 2.4531e-04, 5.4107e-01, 3.8845e-01],
        [9.0876e-06, 1.8356e-06, 2.0133e-02, 1.8179e-04, 1.3521e-02, 5.2946e-03,
         1.9190e-05, 9.6084e-01, 1.5137e-06, 1.5281e-06],
        [2.8480e-05, 1.7547e-05, 1.5609e-04, 3.4286e-04, 4.7150e-01, 5.7435e-03,
         3.1553e-05, 5.2217e-01, 9.5543e-06, 2.2877e-06],
        [1.8956e-02, 2.2614e-02, 1.8427e-03, 9.1778e-03, 5.6767e-03, 2.1279e-03,
         1.0430e-03, 8.3768e-01, 2.7288e-03, 9.8151e-02],
        [1.0728e-02, 1.9813e-03, 4.1063e-02, 3.5889e-01, 1.1134e-01, 1.0931e-01,
         1.5229e-01, 1.7010e-01, 2.4815e-03, 4.1820e-02],
        [1.5700e-04, 8.9045e-07, 7.2445e-03, 2.9961e-04, 9.9040e-01, 8.9289e-04,
         9.2406e-05, 8.9933e-04, 1.3421e-05, 4.1236e-06],
        [8.6648e-03, 6.7825e-04, 3.2342e-01, 1.9399e-02, 2.2417e-02, 2.2740e-02,
         1.6461e-02, 5.8470e-01, 7.0687e-04, 8.1819e-04],
        [3.7678e-04, 3.2542e-05, 3.1539e-03, 3.6738e-02, 1.5709e-04, 9.5751e-01,
         1.7418e-03, 1.2156e-04, 1.4726e-04, 1.5798e-05],
        [9.9970e-01, 1.3787e-08, 2.9733e-04, 2.1952e-07, 6.3363e-07, 2.4957e-08,
         1.0695e-07, 4.9703e-09, 3.1169e-06, 1.7981e-07],
        [9.8283e-01, 3.0698e-05, 1.0281e-03, 6.6305e-06, 5.7694e-06, 6.6716e-07,
         3.3923e-06, 5.2626e-06, 7.4604e-03, 8.6316e-03],
        [1.1719e-05, 2.0409e-05, 5.1438e-04, 9.8069e-01, 9.4396e-04, 1.7625e-02,
         5.9005e-05, 8.0700e-05, 1.8665e-05, 3.9985e-05],
        [9.8396e-01, 6.5507e-03, 4.5600e-04, 1.6165e-04, 8.4817e-05, 1.3120e-05,
         3.0471e-05, 1.1370e-04, 6.6708e-04, 7.9663e-03],
        [1.9693e-05, 9.7461e-07, 6.1621e-03, 1.8420e-03, 2.2305e-05, 9.9185e-01,
         1.2472e-05, 8.5860e-05, 6.8530e-06, 6.8001e-07],
        [6.2569e-06, 9.2702e-05, 8.9194e-05, 1.4513e-04, 5.1687e-06, 2.4521e-06,
         9.9954e-01, 2.6490e-07, 8.9664e-05, 2.6251e-05],
        [1.3577e-02, 1.9080e-02, 2.6653e-01, 1.7745e-03, 5.7658e-04, 1.8451e-03,
         5.0825e-03, 7.3134e-05, 6.9060e-01, 8.6165e-04]],
       device='cuda:0', grad_fn=<SoftmaxBackward>)
>> best accuracy: 85.54	best epoch: 10

>> final recovery rate: 100.0%
>> val epoch: 15
>> current accuracy: 88.38000000000001%
outputs: tensor([[7.9460e-01, 1.9847e-03, 1.8532e-02, 1.6458e-01, 5.3959e-04, 3.2980e-03,
         8.7368e-04, 7.6298e-05, 5.8716e-04, 1.4926e-02],
        [9.9886e-01, 4.1583e-06, 1.0762e-03, 1.0852e-05, 1.3780e-05, 5.9512e-07,
         7.4342e-07, 9.7128e-07, 2.1917e-05, 1.0633e-05],
        [7.3774e-05, 2.7163e-04, 8.3998e-05, 4.3445e-05, 1.8097e-06, 7.4102e-05,
         3.8857e-04, 3.0427e-06, 2.5550e-03, 9.9650e-01],
        [1.8663e-04, 8.6935e-05, 2.7123e-02, 1.2342e-02, 1.1976e-04, 3.5601e-04,
         9.5869e-01, 9.1642e-06, 6.2564e-04, 4.6233e-04],
        [2.7266e-04, 2.1732e-04, 3.1069e-01, 2.2651e-01, 3.0570e-02, 6.8155e-02,
         3.6730e-03, 3.5944e-01, 8.3567e-05, 3.8690e-04],
        [9.0021e-01, 1.4049e-04, 9.4053e-03, 3.9524e-03, 2.2348e-02, 2.3903e-04,
         5.4897e-04, 3.1978e-04, 5.9331e-02, 3.5047e-03],
        [4.0578e-05, 7.9449e-06, 5.4604e-01, 3.3492e-01, 8.6003e-02, 3.0159e-02,
         1.0657e-04, 2.7073e-03, 8.4408e-06, 5.6263e-06],
        [4.8129e-08, 1.7961e-08, 4.4375e-07, 1.5427e-07, 4.1381e-05, 1.7821e-05,
         9.7263e-09, 9.9994e-01, 2.9447e-08, 3.3037e-08],
        [2.7033e-06, 7.7347e-07, 2.3331e-08, 7.3724e-09, 1.7430e-10, 1.1700e-09,
         6.0506e-09, 5.8304e-10, 7.7643e-06, 9.9999e-01],
        [1.0948e-08, 1.1417e-08, 4.0492e-06, 2.1589e-07, 3.0663e-08, 1.0346e-08,
         1.0000e+00, 5.9667e-10, 2.9348e-08, 4.0204e-08],
        [1.1649e-04, 7.1072e-06, 2.7726e-06, 3.9445e-07, 2.0809e-08, 1.1355e-06,
         7.4069e-07, 2.4797e-08, 9.9986e-01, 1.2406e-05],
        [1.0928e-03, 7.1434e-05, 1.3942e-03, 7.0981e-03, 3.6954e-02, 3.5716e-02,
         1.3359e-03, 9.0502e-01, 2.7879e-03, 8.5303e-03],
        [1.2595e-03, 4.5076e-04, 1.3260e-01, 4.3623e-01, 1.9794e-01, 2.2549e-01,
         4.1975e-04, 3.7813e-03, 5.6443e-04, 1.2666e-03],
        [1.2347e-05, 3.7821e-07, 4.1496e-05, 9.6204e-04, 4.7150e-04, 9.5148e-01,
         3.3449e-06, 4.7031e-02, 1.5212e-07, 1.4840e-06],
        [2.0541e-03, 1.0734e-04, 7.1683e-03, 5.4049e-03, 7.3611e-01, 2.1359e-02,
         3.1314e-03, 2.2232e-01, 7.2010e-04, 1.6215e-03],
        [9.8291e-07, 9.9999e-01, 2.3017e-08, 1.1393e-06, 1.0088e-08, 6.3420e-08,
         4.6017e-07, 1.6914e-08, 3.4317e-07, 5.5673e-06],
        [9.9793e-01, 2.6278e-06, 1.5157e-03, 1.8391e-05, 3.7229e-05, 4.5358e-06,
         4.4477e-06, 1.5096e-05, 4.5284e-05, 4.3069e-04],
        [5.2611e-03, 4.0788e-01, 1.2861e-03, 6.4368e-03, 1.7150e-04, 3.1806e-04,
         1.1826e-04, 1.5275e-03, 1.5423e-03, 5.7546e-01],
        [1.9722e-04, 8.6824e-05, 3.2541e-05, 2.7151e-05, 2.0188e-04, 7.9019e-05,
         8.2177e-06, 9.9929e-01, 4.7099e-05, 2.6561e-05],
        [8.7452e-04, 9.9617e-01, 8.1233e-07, 5.4007e-06, 2.8401e-06, 1.2641e-06,
         4.2625e-07, 2.4447e-05, 7.2377e-04, 2.1946e-03],
        [8.6054e-05, 3.4605e-06, 3.0967e-08, 5.3746e-09, 2.6291e-09, 5.2870e-09,
         6.8396e-08, 1.5132e-09, 9.9990e-01, 8.0600e-06],
        [9.1450e-03, 2.0546e-03, 1.7697e-02, 3.0672e-01, 4.6958e-01, 4.3846e-02,
         6.9445e-02, 1.1737e-02, 5.5694e-02, 1.4084e-02],
        [1.2509e-03, 2.0239e-04, 1.1670e-02, 5.9614e-01, 3.4720e-01, 1.8433e-02,
         8.7718e-03, 1.4538e-02, 5.5119e-04, 1.2435e-03],
        [9.7421e-09, 1.6344e-09, 4.7482e-06, 1.4933e-05, 8.6665e-07, 9.9998e-01,
         3.1074e-07, 3.2845e-06, 3.0393e-09, 1.2626e-08],
        [7.8643e-04, 1.4240e-05, 3.4696e-01, 3.1558e-02, 8.2318e-02, 8.3784e-03,
         5.2966e-01, 2.6772e-04, 1.9648e-05, 4.4260e-05],
        [1.3840e-04, 7.4439e-05, 1.4355e-02, 5.7881e-01, 3.8946e-01, 1.0879e-02,
         9.1572e-04, 5.1181e-03, 2.2528e-05, 2.2332e-04],
        [9.0016e-06, 1.4261e-07, 1.6413e-05, 5.0633e-05, 9.9979e-01, 1.3128e-04,
         6.0394e-07, 5.2213e-06, 5.7194e-07, 4.2478e-08],
        [4.0213e-05, 6.9084e-05, 5.0640e-03, 9.7142e-01, 1.0346e-03, 2.0856e-02,
         1.0081e-04, 1.3724e-03, 1.2009e-05, 3.3675e-05],
        [3.3413e-05, 9.6904e-05, 6.1720e-04, 1.6875e-03, 2.9112e-05, 2.2694e-05,
         9.9736e-01, 9.2168e-07, 1.3230e-04, 1.5812e-05],
        [9.9836e-01, 1.0012e-05, 1.4944e-03, 1.6397e-05, 1.2783e-05, 1.0214e-06,
         1.1702e-06, 3.7563e-07, 9.8896e-05, 7.7407e-06],
        [4.3601e-07, 7.8897e-07, 4.8028e-08, 1.4924e-08, 7.0329e-10, 6.6005e-09,
         1.1990e-08, 1.2999e-07, 1.2769e-07, 1.0000e+00],
        [1.1326e-02, 1.8545e-03, 7.4529e-05, 7.1800e-04, 4.1453e-06, 1.3015e-05,
         4.8268e-06, 4.7460e-06, 9.8581e-01, 1.9276e-04],
        [2.1752e-05, 8.2321e-06, 5.8482e-04, 2.0870e-01, 3.5753e-04, 7.9017e-01,
         9.4775e-05, 6.3240e-05, 8.0762e-07, 6.4427e-06],
        [1.2680e-03, 2.0908e-04, 1.2789e-04, 2.9535e-04, 1.0449e-04, 3.3096e-05,
         3.5100e-05, 1.1352e-04, 3.0359e-04, 9.9751e-01],
        [4.4028e-04, 5.2284e-05, 8.1508e-02, 2.7728e-03, 3.3477e-02, 1.8439e-02,
         8.5389e-01, 9.0554e-03, 3.0635e-05, 3.2898e-04],
        [1.3255e-04, 1.4187e-06, 4.4269e-07, 5.6248e-06, 9.6193e-07, 1.3944e-06,
         1.5763e-07, 1.6670e-06, 9.9982e-01, 3.9512e-05],
        [1.3046e-05, 9.4979e-06, 5.7317e-04, 9.3656e-01, 1.2964e-04, 6.2332e-02,
         2.4455e-04, 7.3654e-05, 2.7448e-06, 6.0461e-05],
        [4.0318e-05, 8.5778e-07, 3.1248e-04, 4.8185e-05, 9.9937e-01, 6.7803e-05,
         2.3993e-05, 1.3106e-04, 1.9556e-06, 7.6391e-07],
        [1.1560e-04, 6.0609e-05, 2.3914e-07, 1.4132e-07, 1.1182e-08, 8.6238e-08,
         3.7769e-08, 2.7625e-08, 9.9980e-01, 2.3902e-05],
        [3.4019e-06, 5.2005e-07, 5.6238e-05, 1.7366e-05, 7.9718e-06, 8.6034e-05,
         8.5222e-07, 9.9983e-01, 4.2673e-08, 9.0377e-07],
        [1.5061e-03, 6.2019e-04, 6.2132e-04, 2.9372e-03, 4.0503e-03, 1.6882e-03,
         3.1374e-05, 9.8187e-01, 5.7690e-03, 9.0737e-04],
        [1.9153e-02, 5.2508e-07, 9.7863e-01, 2.1082e-04, 1.8702e-03, 6.9673e-05,
         2.7357e-05, 2.1392e-05, 1.3353e-05, 2.7453e-06],
        [3.3834e-04, 6.6870e-04, 1.8477e-02, 9.6423e-01, 9.0040e-03, 2.0348e-03,
         3.0935e-03, 3.8661e-04, 1.6280e-03, 1.3835e-04],
        [4.2047e-07, 2.4741e-07, 1.0536e-04, 4.2650e-05, 3.7273e-06, 8.3366e-07,
         9.9984e-01, 1.4320e-07, 1.6424e-06, 1.2290e-06],
        [3.7289e-07, 9.9957e-01, 4.1283e-08, 3.0959e-07, 1.3467e-08, 7.0615e-08,
         7.8304e-08, 1.5534e-08, 7.3328e-08, 4.3155e-04],
        [1.3339e-07, 2.0275e-07, 3.6357e-05, 2.5322e-06, 3.0079e-07, 1.2888e-06,
         9.9996e-01, 6.2135e-08, 6.2453e-08, 1.4508e-07],
        [1.5308e-08, 7.4759e-09, 5.1408e-08, 1.5551e-07, 2.7328e-05, 2.8020e-05,
         2.5566e-09, 9.9994e-01, 2.4126e-09, 2.7162e-09],
        [3.2315e-08, 9.9997e-01, 5.1802e-10, 1.0232e-08, 8.9131e-10, 9.5087e-10,
         7.0229e-10, 1.8790e-08, 3.7880e-07, 3.2447e-05],
        [2.8702e-04, 2.2434e-05, 2.3885e-02, 1.7987e-03, 1.7765e-03, 1.3335e-03,
         9.7072e-01, 5.6104e-06, 1.2798e-04, 4.6038e-05],
        [9.9855e-01, 8.6194e-06, 8.7260e-04, 2.6633e-05, 1.0478e-05, 2.3725e-06,
         9.2118e-07, 1.4564e-06, 4.9083e-04, 3.4356e-05],
        [6.4632e-06, 9.9946e-01, 8.3739e-07, 2.3027e-07, 3.8025e-08, 8.7138e-08,
         2.9485e-07, 1.4773e-07, 2.0687e-06, 5.2774e-04],
        [1.9467e-04, 2.6558e-04, 4.4188e-04, 9.8735e-01, 1.0770e-04, 4.2631e-03,
         1.2042e-04, 1.1872e-04, 6.8936e-03, 2.4611e-04],
        [9.3917e-01, 1.5456e-04, 1.4912e-03, 3.6422e-05, 6.4974e-03, 1.0913e-05,
         5.1440e-06, 6.0403e-05, 5.2409e-02, 1.5995e-04],
        [8.5349e-06, 1.3326e-06, 9.0401e-04, 9.3776e-01, 1.4381e-04, 6.0958e-02,
         7.3906e-05, 1.4522e-04, 4.1930e-07, 2.7078e-06],
        [1.0749e-05, 8.6561e-07, 1.2516e-04, 1.5044e-02, 1.9185e-04, 9.8390e-01,
         3.7531e-06, 7.1705e-04, 6.5851e-07, 2.6721e-06],
        [2.7856e-06, 4.7238e-06, 8.1089e-07, 3.2526e-06, 4.6676e-07, 2.7902e-07,
         7.3599e-07, 9.7351e-07, 1.3804e-05, 9.9997e-01],
        [5.6003e-12, 1.0000e+00, 1.5892e-12, 1.8460e-11, 2.2321e-13, 1.7806e-11,
         1.0822e-11, 2.6467e-12, 3.8529e-12, 2.9792e-08],
        [3.2560e-04, 4.0750e-05, 4.3958e-04, 7.4292e-04, 1.2094e-03, 1.9083e-03,
         2.3851e-05, 9.9497e-01, 7.3693e-05, 2.6520e-04],
        [7.1699e-03, 4.1137e-04, 5.4854e-04, 2.1025e-03, 6.4703e-02, 2.3596e-04,
         1.7627e-03, 2.5312e-04, 9.1182e-01, 1.0997e-02],
        [6.8901e-06, 1.6655e-07, 5.1787e-04, 7.1686e-05, 9.9937e-01, 4.4956e-06,
         2.7781e-05, 2.1797e-06, 1.3223e-06, 4.0868e-07],
        [3.7487e-04, 3.9869e-06, 9.9854e-01, 1.1735e-04, 5.0423e-06, 2.1463e-04,
         6.7994e-04, 2.4523e-05, 3.3837e-05, 7.9334e-06],
        [2.2126e-07, 4.8566e-10, 1.0000e+00, 8.3260e-07, 1.8336e-07, 2.0881e-07,
         4.1291e-07, 6.9475e-08, 2.0094e-08, 7.1837e-09],
        [1.4446e-05, 9.6725e-06, 9.4367e-04, 2.3199e-03, 7.3724e-02, 1.5517e-01,
         4.9640e-04, 7.6722e-01, 6.6945e-06, 9.2324e-05],
        [1.7222e-08, 9.9999e-01, 1.9483e-08, 3.5358e-08, 7.9751e-10, 2.6619e-09,
         8.7690e-09, 5.1216e-10, 2.3534e-06, 8.0328e-06],
