noise type: uniform
noise level: 0.8
when_to_apply_epoch: 25
total clean data num: 10608
probability transition matrix:
[[0.2        0.08888889 0.08888889 0.08888889 0.08888889 0.08888889
  0.08888889 0.08888889 0.08888889 0.08888889]
 [0.08888889 0.2        0.08888889 0.08888889 0.08888889 0.08888889
  0.08888889 0.08888889 0.08888889 0.08888889]
 [0.08888889 0.08888889 0.2        0.08888889 0.08888889 0.08888889
  0.08888889 0.08888889 0.08888889 0.08888889]
 [0.08888889 0.08888889 0.08888889 0.2        0.08888889 0.08888889
  0.08888889 0.08888889 0.08888889 0.08888889]
 [0.08888889 0.08888889 0.08888889 0.08888889 0.2        0.08888889
  0.08888889 0.08888889 0.08888889 0.08888889]
 [0.08888889 0.08888889 0.08888889 0.08888889 0.08888889 0.2
  0.08888889 0.08888889 0.08888889 0.08888889]
 [0.08888889 0.08888889 0.08888889 0.08888889 0.08888889 0.08888889
  0.2        0.08888889 0.08888889 0.08888889]
 [0.08888889 0.08888889 0.08888889 0.08888889 0.08888889 0.08888889
  0.08888889 0.2        0.08888889 0.08888889]
 [0.08888889 0.08888889 0.08888889 0.08888889 0.08888889 0.08888889
  0.08888889 0.08888889 0.2        0.08888889]
 [0.08888889 0.08888889 0.08888889 0.08888889 0.08888889 0.08888889
  0.08888889 0.08888889 0.08888889 0.2       ]]
>> val epoch: 0
>> current accuracy: 37.96666666666667%
outputs: tensor([[0.0955, 0.1466, 0.0650, 0.0928, 0.1124, 0.0924, 0.1118, 0.0960, 0.0913,
         0.0961],
        [0.1144, 0.0962, 0.0920, 0.1277, 0.0933, 0.1062, 0.0796, 0.1233, 0.0923,
         0.0750],
        [0.1107, 0.0944, 0.0887, 0.1457, 0.0990, 0.0937, 0.0745, 0.1250, 0.0927,
         0.0756],
        [0.1130, 0.0822, 0.1123, 0.1613, 0.0985, 0.0815, 0.0800, 0.1243, 0.0796,
         0.0672],
        [0.1046, 0.1051, 0.0819, 0.1238, 0.1047, 0.0962, 0.0849, 0.1190, 0.0947,
         0.0852],
        [0.0947, 0.1488, 0.0644, 0.0923, 0.1119, 0.0922, 0.1118, 0.0964, 0.0911,
         0.0964],
        [0.1042, 0.0978, 0.0776, 0.1227, 0.1378, 0.0821, 0.1091, 0.1031, 0.0855,
         0.0801],
        [0.1014, 0.1035, 0.0836, 0.1186, 0.1043, 0.0975, 0.0856, 0.1232, 0.0928,
         0.0895],
        [0.1185, 0.0901, 0.0911, 0.1520, 0.0986, 0.0948, 0.0737, 0.1154, 0.0929,
         0.0729],
        [0.1069, 0.0985, 0.0853, 0.1385, 0.1022, 0.0931, 0.0779, 0.1241, 0.0936,
         0.0800],
        [0.1057, 0.0993, 0.0890, 0.1116, 0.1142, 0.0921, 0.1162, 0.1060, 0.0836,
         0.0823],
        [0.0855, 0.1047, 0.0763, 0.1126, 0.1118, 0.0862, 0.0851, 0.1530, 0.0872,
         0.0978],
        [0.1180, 0.0828, 0.1047, 0.1572, 0.1019, 0.0849, 0.0809, 0.1146, 0.0842,
         0.0708],
        [0.1113, 0.1031, 0.0849, 0.1250, 0.1055, 0.0962, 0.0880, 0.1055, 0.0953,
         0.0852],
        [0.1161, 0.0963, 0.0884, 0.1319, 0.1026, 0.0986, 0.0826, 0.1090, 0.0941,
         0.0806],
        [0.1116, 0.0906, 0.0979, 0.1526, 0.0984, 0.0877, 0.0745, 0.1260, 0.0879,
         0.0727],
        [0.1209, 0.0880, 0.0891, 0.1585, 0.1019, 0.0919, 0.0733, 0.1095, 0.0935,
         0.0735],
        [0.1078, 0.1023, 0.0936, 0.1175, 0.1031, 0.0934, 0.1027, 0.1085, 0.0882,
         0.0830],
        [0.1150, 0.0954, 0.1040, 0.1331, 0.0912, 0.0991, 0.0817, 0.1203, 0.0881,
         0.0721],
        [0.0930, 0.1002, 0.0812, 0.1182, 0.1124, 0.0880, 0.0869, 0.1367, 0.0895,
         0.0940],
        [0.1043, 0.0915, 0.0840, 0.1477, 0.1173, 0.0821, 0.0853, 0.1216, 0.0861,
         0.0799],
        [0.0949, 0.1481, 0.0646, 0.0924, 0.1121, 0.0922, 0.1118, 0.0964, 0.0911,
         0.0964],
        [0.0964, 0.1446, 0.0655, 0.0934, 0.1128, 0.0927, 0.1113, 0.0959, 0.0916,
         0.0958],
        [0.1144, 0.0911, 0.0844, 0.1562, 0.1111, 0.0844, 0.0779, 0.1082, 0.0932,
         0.0792],
        [0.0961, 0.0962, 0.0812, 0.1237, 0.1226, 0.0860, 0.0887, 0.1298, 0.0872,
         0.0886],
        [0.1083, 0.0999, 0.0857, 0.1276, 0.0978, 0.1033, 0.0777, 0.1230, 0.0945,
         0.0823],
        [0.1030, 0.0918, 0.0816, 0.1382, 0.1380, 0.0771, 0.1002, 0.1077, 0.0845,
         0.0779],
        [0.1045, 0.0994, 0.0854, 0.1344, 0.0945, 0.0982, 0.0741, 0.1365, 0.0936,
         0.0793],
        [0.1185, 0.0953, 0.0909, 0.1397, 0.0976, 0.0991, 0.0775, 0.1109, 0.0941,
         0.0764],
        [0.1217, 0.0796, 0.1229, 0.1542, 0.0870, 0.0902, 0.0808, 0.1201, 0.0799,
         0.0635],
        [0.1186, 0.0868, 0.0880, 0.1673, 0.1061, 0.0847, 0.0734, 0.1054, 0.0929,
         0.0769],
        [0.0902, 0.0987, 0.0913, 0.1113, 0.0856, 0.1087, 0.0741, 0.1730, 0.0852,
         0.0819],
        [0.1051, 0.1026, 0.0812, 0.1336, 0.1086, 0.0880, 0.0833, 0.1144, 0.0949,
         0.0884],
        [0.0972, 0.1098, 0.0802, 0.1135, 0.1091, 0.0925, 0.0893, 0.1199, 0.0935,
         0.0949],
        [0.0950, 0.1463, 0.0662, 0.0929, 0.1101, 0.0934, 0.1102, 0.0963, 0.0924,
         0.0972],
        [0.0934, 0.1047, 0.0879, 0.1113, 0.0987, 0.0992, 0.0840, 0.1378, 0.0905,
         0.0925],
        [0.1063, 0.0930, 0.1089, 0.1174, 0.0907, 0.1018, 0.0908, 0.1303, 0.0835,
         0.0772],
        [0.1064, 0.0982, 0.0861, 0.1399, 0.1021, 0.0908, 0.0776, 0.1227, 0.0939,
         0.0823],
        [0.1119, 0.0974, 0.0866, 0.1399, 0.1027, 0.0932, 0.0795, 0.1121, 0.0950,
         0.0816],
        [0.1123, 0.0959, 0.0884, 0.1397, 0.0961, 0.0988, 0.0756, 0.1207, 0.0949,
         0.0776],
        [0.0995, 0.0892, 0.0834, 0.1359, 0.1448, 0.0761, 0.1070, 0.1105, 0.0803,
         0.0734],
        [0.1148, 0.0863, 0.0834, 0.1737, 0.1113, 0.0797, 0.0703, 0.1120, 0.0914,
         0.0770],
        [0.1088, 0.0945, 0.0859, 0.1232, 0.1263, 0.0867, 0.1116, 0.1022, 0.0836,
         0.0773],
        [0.0947, 0.1472, 0.0659, 0.0922, 0.1099, 0.0935, 0.1112, 0.0959, 0.0921,
         0.0974],
        [0.0995, 0.1152, 0.0743, 0.1093, 0.1191, 0.0878, 0.1020, 0.1083, 0.0905,
         0.0939],
        [0.0947, 0.1475, 0.0659, 0.0926, 0.1097, 0.0934, 0.1106, 0.0962, 0.0922,
         0.0973],
        [0.1094, 0.0987, 0.0967, 0.1163, 0.1026, 0.0946, 0.1105, 0.1063, 0.0850,
         0.0798],
        [0.0861, 0.0947, 0.0826, 0.1264, 0.1147, 0.0831, 0.0784, 0.1573, 0.0844,
         0.0922]], device='cuda:0', grad_fn=<SoftmaxBackward>)
>> best accuracy: 37.96666666666667	best epoch: 0

>> final recovery rate: 19.644444444444446%
>> val epoch: 5
>> current accuracy: 82.16666666666667%
outputs: tensor([[0.1062, 0.0932, 0.1026, 0.1227, 0.0971, 0.1010, 0.1030, 0.0920, 0.0869,
         0.0954],
        [0.1881, 0.0829, 0.0742, 0.1069, 0.1044, 0.0975, 0.0828, 0.0873, 0.0953,
         0.0807],
        [0.0955, 0.0816, 0.0945, 0.1860, 0.1069, 0.1023, 0.0854, 0.0869, 0.0845,
         0.0763],
        [0.0921, 0.0921, 0.1331, 0.1167, 0.1052, 0.0983, 0.0924, 0.0924, 0.0901,
         0.0876],
        [0.0851, 0.0898, 0.0795, 0.0963, 0.1015, 0.1053, 0.0823, 0.1017, 0.0881,
         0.1704],
        [0.0927, 0.0914, 0.0819, 0.0892, 0.1036, 0.1056, 0.0832, 0.1812, 0.0757,
         0.0955],
        [0.0961, 0.0776, 0.0920, 0.1844, 0.1059, 0.1050, 0.0840, 0.0837, 0.0951,
         0.0763],
        [0.0988, 0.0683, 0.0881, 0.2174, 0.1107, 0.1038, 0.0762, 0.0756, 0.0936,
         0.0675],
        [0.0850, 0.0884, 0.0811, 0.1023, 0.0938, 0.1055, 0.0811, 0.1040, 0.0828,
         0.1761],
        [0.0850, 0.0798, 0.0880, 0.1108, 0.1044, 0.0923, 0.0715, 0.0786, 0.2060,
         0.0836],
        [0.0979, 0.0936, 0.1364, 0.1063, 0.0989, 0.0964, 0.0996, 0.0940, 0.0872,
         0.0897],
        [0.0902, 0.0860, 0.1111, 0.1573, 0.1005, 0.0954, 0.0879, 0.0881, 0.0846,
         0.0990],
        [0.0978, 0.1063, 0.0959, 0.1054, 0.1118, 0.1020, 0.0971, 0.0976, 0.0929,
         0.0934],
        [0.1070, 0.1077, 0.0869, 0.0988, 0.0958, 0.0965, 0.1308, 0.0928, 0.0912,
         0.0925],
        [0.1001, 0.1683, 0.0820, 0.0907, 0.0852, 0.0961, 0.0859, 0.1047, 0.0896,
         0.0974],
        [0.2151, 0.0823, 0.0666, 0.1049, 0.1148, 0.0919, 0.0741, 0.0724, 0.1026,
         0.0753],
        [0.0905, 0.1040, 0.0867, 0.0977, 0.1724, 0.1032, 0.0816, 0.0989, 0.0807,
         0.0843],
        [0.1382, 0.0953, 0.0826, 0.1097, 0.1062, 0.1022, 0.0852, 0.0832, 0.1119,
         0.0854],
        [0.2022, 0.0919, 0.0741, 0.0967, 0.1000, 0.0953, 0.0864, 0.0828, 0.0861,
         0.0845],
        [0.0859, 0.0906, 0.0797, 0.0982, 0.0954, 0.1085, 0.0835, 0.0970, 0.0829,
         0.1784],
        [0.2197, 0.0826, 0.0704, 0.1056, 0.1049, 0.0890, 0.0807, 0.0778, 0.0898,
         0.0795],
        [0.0960, 0.1288, 0.0890, 0.0975, 0.1162, 0.0988, 0.0868, 0.0950, 0.0923,
         0.0996],
        [0.1024, 0.1750, 0.0848, 0.0913, 0.0973, 0.0954, 0.0857, 0.0939, 0.0883,
         0.0859],
        [0.2144, 0.0882, 0.0726, 0.1028, 0.0960, 0.0844, 0.0866, 0.0838, 0.0841,
         0.0871],
        [0.0945, 0.0923, 0.0913, 0.1113, 0.0891, 0.0981, 0.0903, 0.1296, 0.0990,
         0.1045],
        [0.0942, 0.0943, 0.0858, 0.0936, 0.1185, 0.1059, 0.0830, 0.1551, 0.0793,
         0.0904],
        [0.0951, 0.0734, 0.0912, 0.2031, 0.1094, 0.1047, 0.0795, 0.0796, 0.0929,
         0.0711],
        [0.1080, 0.0974, 0.0968, 0.1003, 0.0929, 0.1478, 0.0875, 0.0946, 0.0874,
         0.0873],
        [0.0983, 0.0910, 0.0949, 0.1491, 0.0983, 0.1057, 0.0910, 0.0900, 0.0970,
         0.0848],
        [0.0966, 0.0835, 0.0935, 0.1649, 0.1000, 0.1073, 0.0870, 0.0877, 0.1004,
         0.0793],
        [0.0943, 0.0906, 0.0845, 0.0983, 0.1172, 0.1061, 0.0806, 0.1630, 0.0763,
         0.0890],
        [0.2189, 0.0871, 0.0725, 0.0993, 0.0946, 0.0828, 0.0953, 0.0801, 0.0858,
         0.0835],
        [0.0883, 0.0835, 0.0931, 0.1153, 0.1011, 0.0928, 0.0743, 0.0814, 0.1838,
         0.0866],
        [0.0916, 0.0830, 0.0848, 0.1087, 0.1109, 0.0946, 0.0730, 0.0800, 0.1902,
         0.0833],
        [0.0880, 0.0949, 0.0846, 0.1134, 0.1095, 0.1054, 0.0846, 0.0968, 0.0805,
         0.1424],
        [0.0893, 0.1055, 0.0839, 0.0961, 0.1248, 0.1056, 0.0815, 0.0954, 0.0831,
         0.1347],
        [0.0873, 0.0945, 0.0909, 0.0894, 0.0919, 0.1632, 0.0855, 0.0886, 0.0981,
         0.1106],
        [0.0836, 0.0879, 0.0813, 0.1131, 0.0991, 0.1072, 0.0812, 0.0909, 0.0776,
         0.1779],
        [0.0902, 0.1057, 0.0874, 0.0962, 0.1828, 0.1025, 0.0723, 0.0962, 0.0798,
         0.0869],
        [0.1065, 0.2177, 0.0780, 0.0847, 0.0845, 0.0908, 0.0793, 0.0852, 0.0932,
         0.0802],
        [0.0986, 0.0846, 0.0774, 0.0877, 0.0809, 0.1027, 0.0865, 0.2032, 0.0763,
         0.1023],
        [0.0870, 0.0920, 0.0810, 0.1005, 0.1041, 0.1068, 0.0804, 0.0947, 0.0817,
         0.1719],
        [0.0962, 0.1195, 0.0991, 0.1062, 0.0891, 0.0998, 0.0964, 0.0971, 0.1000,
         0.0965],
        [0.0917, 0.1015, 0.0803, 0.1004, 0.1093, 0.1032, 0.1415, 0.0969, 0.0857,
         0.0896],
        [0.2174, 0.0869, 0.0683, 0.1040, 0.1091, 0.0888, 0.0763, 0.0762, 0.0945,
         0.0785],
        [0.1484, 0.0951, 0.0802, 0.1065, 0.0994, 0.0976, 0.0969, 0.0860, 0.0857,
         0.1042],
        [0.0930, 0.0777, 0.0975, 0.2046, 0.1041, 0.0952, 0.0840, 0.0862, 0.0823,
         0.0755],
        [0.0995, 0.0848, 0.0969, 0.1847, 0.1002, 0.0954, 0.0907, 0.0921, 0.0753,
         0.0803]], device='cuda:0', grad_fn=<SoftmaxBackward>)
>> best accuracy: 82.16666666666667	best epoch: 5

>> final recovery rate: 19.644444444444446%
