noise type: uniform
noise level: 0.4
when_to_apply_epoch: 20
total clean data num: 32467
probability transition matrix:
[[0.6        0.04444444 0.04444444 0.04444444 0.04444444 0.04444444
  0.04444444 0.04444444 0.04444444 0.04444444]
 [0.04444444 0.6        0.04444444 0.04444444 0.04444444 0.04444444
  0.04444444 0.04444444 0.04444444 0.04444444]
 [0.04444444 0.04444444 0.6        0.04444444 0.04444444 0.04444444
  0.04444444 0.04444444 0.04444444 0.04444444]
 [0.04444444 0.04444444 0.04444444 0.6        0.04444444 0.04444444
  0.04444444 0.04444444 0.04444444 0.04444444]
 [0.04444444 0.04444444 0.04444444 0.04444444 0.6        0.04444444
  0.04444444 0.04444444 0.04444444 0.04444444]
 [0.04444444 0.04444444 0.04444444 0.04444444 0.04444444 0.6
  0.04444444 0.04444444 0.04444444 0.04444444]
 [0.04444444 0.04444444 0.04444444 0.04444444 0.04444444 0.04444444
  0.6        0.04444444 0.04444444 0.04444444]
 [0.04444444 0.04444444 0.04444444 0.04444444 0.04444444 0.04444444
  0.04444444 0.6        0.04444444 0.04444444]
 [0.04444444 0.04444444 0.04444444 0.04444444 0.04444444 0.04444444
  0.04444444 0.04444444 0.6        0.04444444]
 [0.04444444 0.04444444 0.04444444 0.04444444 0.04444444 0.04444444
  0.04444444 0.04444444 0.04444444 0.6       ]]
>> val epoch: 0
>> current accuracy: 98.35000000000001%
outputs: tensor([[0.0456, 0.0357, 0.0201, 0.7378, 0.0198, 0.0239, 0.0337, 0.0258, 0.0211,
         0.0364],
        [0.0221, 0.6457, 0.0289, 0.0360, 0.0498, 0.0269, 0.0647, 0.0497, 0.0287,
         0.0475],
        [0.5756, 0.0672, 0.0393, 0.0752, 0.0303, 0.0494, 0.0526, 0.0408, 0.0289,
         0.0407],
        [0.0292, 0.0529, 0.0301, 0.0828, 0.0266, 0.0258, 0.0607, 0.6230, 0.0291,
         0.0399],
        [0.0344, 0.0323, 0.0176, 0.7757, 0.0195, 0.0208, 0.0296, 0.0251, 0.0143,
         0.0307],
        [0.0196, 0.6747, 0.0288, 0.0320, 0.0429, 0.0259, 0.0594, 0.0398, 0.0290,
         0.0477],
        [0.0577, 0.0592, 0.0403, 0.0781, 0.0457, 0.0526, 0.0507, 0.0243, 0.0489,
         0.5425],
        [0.0439, 0.0655, 0.0393, 0.0958, 0.0421, 0.0413, 0.0761, 0.3816, 0.0560,
         0.1585],
        [0.0509, 0.0578, 0.0403, 0.0709, 0.0546, 0.0433, 0.0480, 0.0263, 0.0428,
         0.5650],
        [0.0526, 0.0695, 0.0498, 0.0764, 0.0712, 0.0654, 0.0569, 0.0292, 0.0720,
         0.4571],
        [0.0309, 0.5365, 0.0309, 0.0377, 0.0895, 0.0278, 0.1151, 0.0309, 0.0403,
         0.0604],
        [0.0293, 0.0515, 0.0476, 0.0666, 0.0253, 0.0295, 0.0664, 0.6167, 0.0282,
         0.0390],
        [0.0194, 0.0295, 0.0297, 0.0882, 0.6707, 0.0208, 0.0504, 0.0278, 0.0291,
         0.0345],
        [0.0280, 0.0510, 0.0409, 0.0848, 0.0266, 0.0304, 0.0667, 0.6050, 0.0272,
         0.0394],
        [0.5883, 0.0684, 0.0310, 0.0444, 0.0272, 0.0657, 0.0517, 0.0386, 0.0336,
         0.0510],
        [0.0282, 0.6207, 0.0309, 0.0470, 0.0477, 0.0329, 0.0812, 0.0248, 0.0423,
         0.0442],
        [0.0305, 0.0468, 0.0380, 0.0796, 0.0283, 0.0286, 0.0649, 0.6135, 0.0286,
         0.0411],
        [0.0399, 0.0510, 0.0343, 0.0702, 0.0592, 0.0274, 0.6002, 0.0298, 0.0411,
         0.0468],
        [0.0677, 0.0674, 0.0366, 0.0819, 0.0471, 0.0516, 0.0448, 0.0277, 0.4965,
         0.0786],
        [0.0243, 0.5983, 0.0304, 0.0413, 0.0534, 0.0334, 0.0717, 0.0655, 0.0315,
         0.0501],
        [0.0450, 0.0567, 0.0465, 0.0674, 0.0507, 0.0450, 0.0539, 0.0291, 0.0568,
         0.5490],
        [0.0570, 0.0813, 0.0395, 0.0600, 0.0192, 0.6028, 0.0380, 0.0226, 0.0369,
         0.0427],
        [0.0593, 0.0876, 0.0611, 0.0739, 0.0412, 0.0419, 0.0474, 0.0722, 0.4376,
         0.0778],
        [0.6263, 0.0629, 0.0287, 0.0404, 0.0297, 0.0555, 0.0563, 0.0403, 0.0210,
         0.0388],
        [0.0267, 0.0511, 0.0347, 0.0790, 0.0243, 0.0280, 0.0620, 0.6331, 0.0237,
         0.0375],
        [0.0596, 0.0780, 0.5306, 0.0804, 0.0217, 0.0468, 0.0635, 0.0353, 0.0349,
         0.0492],
        [0.0280, 0.5919, 0.0271, 0.0371, 0.0756, 0.0263, 0.0892, 0.0330, 0.0387,
         0.0532],
        [0.0605, 0.0669, 0.0530, 0.0931, 0.0545, 0.0572, 0.0515, 0.0275, 0.0762,
         0.4596],
        [0.0162, 0.0253, 0.0243, 0.0757, 0.7149, 0.0172, 0.0511, 0.0217, 0.0268,
         0.0268],
        [0.6179, 0.0653, 0.0313, 0.0438, 0.0260, 0.0568, 0.0488, 0.0319, 0.0292,
         0.0488],
        [0.0624, 0.1090, 0.4322, 0.0933, 0.0241, 0.0547, 0.0604, 0.0324, 0.0673,
         0.0644],
        [0.0386, 0.0345, 0.0178, 0.7666, 0.0180, 0.0230, 0.0289, 0.0232, 0.0185,
         0.0308],
        [0.0757, 0.2545, 0.1289, 0.0509, 0.0783, 0.0458, 0.0919, 0.0380, 0.1722,
         0.0639],
        [0.0226, 0.6188, 0.0326, 0.0375, 0.0468, 0.0297, 0.0669, 0.0637, 0.0303,
         0.0511],
        [0.0413, 0.0474, 0.0313, 0.0879, 0.0632, 0.0262, 0.5830, 0.0278, 0.0443,
         0.0477],
        [0.0211, 0.6725, 0.0286, 0.0303, 0.0521, 0.0229, 0.0657, 0.0288, 0.0312,
         0.0468],
        [0.0448, 0.0493, 0.0320, 0.0737, 0.0505, 0.0249, 0.6161, 0.0282, 0.0365,
         0.0440],
        [0.0371, 0.0571, 0.0661, 0.1333, 0.3110, 0.0348, 0.0546, 0.0366, 0.0637,
         0.2057],
        [0.0851, 0.0730, 0.4831, 0.0754, 0.0252, 0.0463, 0.0729, 0.0286, 0.0576,
         0.0530],
        [0.0268, 0.0497, 0.0294, 0.0685, 0.0254, 0.0279, 0.0638, 0.6408, 0.0293,
         0.0385],
        [0.0688, 0.1033, 0.5079, 0.0703, 0.0265, 0.0373, 0.0621, 0.0241, 0.0500,
         0.0497],
        [0.0600, 0.0840, 0.0372, 0.0490, 0.0182, 0.5965, 0.0386, 0.0223, 0.0525,
         0.0417],
        [0.0282, 0.5833, 0.0278, 0.0391, 0.0797, 0.0272, 0.0936, 0.0302, 0.0381,
         0.0529],
        [0.0197, 0.0344, 0.0344, 0.0923, 0.6327, 0.0247, 0.0541, 0.0328, 0.0301,
         0.0446],
        [0.0564, 0.0847, 0.0315, 0.0517, 0.0192, 0.6063, 0.0416, 0.0227, 0.0491,
         0.0366],
        [0.5569, 0.0680, 0.0374, 0.0554, 0.0266, 0.0897, 0.0590, 0.0379, 0.0255,
         0.0435],
        [0.0698, 0.0703, 0.5478, 0.0646, 0.0210, 0.0470, 0.0628, 0.0302, 0.0434,
         0.0432],
        [0.0217, 0.6675, 0.0342, 0.0321, 0.0421, 0.0346, 0.0592, 0.0261, 0.0387,
         0.0438]], device='cuda:0', grad_fn=<SoftmaxBackward>)
>> best accuracy: 98.35000000000001	best epoch: 0

>> final recovery rate: 60.12407407407407%
