noise type: uniform
noise level: 0.4
when_to_apply_epoch: 20
total clean data num: 32418
probability transition matrix:
[[0.6        0.04444444 0.04444444 0.04444444 0.04444444 0.04444444
  0.04444444 0.04444444 0.04444444 0.04444444]
 [0.04444444 0.6        0.04444444 0.04444444 0.04444444 0.04444444
  0.04444444 0.04444444 0.04444444 0.04444444]
 [0.04444444 0.04444444 0.6        0.04444444 0.04444444 0.04444444
  0.04444444 0.04444444 0.04444444 0.04444444]
 [0.04444444 0.04444444 0.04444444 0.6        0.04444444 0.04444444
  0.04444444 0.04444444 0.04444444 0.04444444]
 [0.04444444 0.04444444 0.04444444 0.04444444 0.6        0.04444444
  0.04444444 0.04444444 0.04444444 0.04444444]
 [0.04444444 0.04444444 0.04444444 0.04444444 0.04444444 0.6
  0.04444444 0.04444444 0.04444444 0.04444444]
 [0.04444444 0.04444444 0.04444444 0.04444444 0.04444444 0.04444444
  0.6        0.04444444 0.04444444 0.04444444]
 [0.04444444 0.04444444 0.04444444 0.04444444 0.04444444 0.04444444
  0.04444444 0.6        0.04444444 0.04444444]
 [0.04444444 0.04444444 0.04444444 0.04444444 0.04444444 0.04444444
  0.04444444 0.04444444 0.6        0.04444444]
 [0.04444444 0.04444444 0.04444444 0.04444444 0.04444444 0.04444444
  0.04444444 0.04444444 0.04444444 0.6       ]]
>> val epoch: 0
>> current accuracy: 97.61666666666666%
outputs: tensor([[0.0497, 0.0579, 0.0275, 0.1003, 0.0274, 0.0408, 0.0647, 0.5398, 0.0263,
         0.0655],
        [0.0427, 0.0497, 0.0240, 0.0758, 0.0255, 0.0441, 0.0556, 0.6133, 0.0257,
         0.0436],
        [0.5590, 0.0377, 0.0559, 0.0773, 0.0261, 0.0417, 0.0823, 0.0514, 0.0312,
         0.0374],
        [0.0367, 0.0388, 0.0367, 0.6599, 0.0320, 0.0484, 0.0456, 0.0395, 0.0188,
         0.0435],
        [0.0331, 0.5962, 0.0176, 0.0897, 0.0212, 0.0362, 0.0684, 0.0279, 0.0351,
         0.0746],
        [0.0802, 0.0271, 0.0280, 0.0441, 0.0306, 0.0680, 0.1114, 0.0404, 0.4994,
         0.0707],
        [0.0728, 0.0308, 0.0240, 0.0413, 0.0302, 0.0643, 0.1058, 0.0409, 0.5267,
         0.0631],
        [0.0757, 0.0304, 0.0262, 0.0417, 0.0302, 0.0732, 0.1056, 0.0418, 0.5116,
         0.0637],
        [0.0351, 0.0420, 0.0513, 0.6201, 0.0345, 0.0432, 0.0594, 0.0343, 0.0382,
         0.0419],
        [0.0410, 0.0353, 0.6125, 0.0764, 0.0364, 0.0296, 0.0636, 0.0352, 0.0313,
         0.0386],
        [0.0452, 0.0798, 0.0360, 0.1274, 0.2548, 0.0900, 0.1086, 0.0544, 0.0837,
         0.1201],
        [0.0546, 0.0401, 0.0256, 0.0861, 0.0288, 0.0376, 0.0419, 0.0307, 0.0428,
         0.6118],
        [0.0515, 0.0505, 0.0272, 0.0888, 0.0263, 0.0426, 0.0600, 0.5761, 0.0255,
         0.0514],
        [0.0324, 0.0536, 0.0374, 0.1194, 0.5011, 0.0530, 0.0778, 0.0385, 0.0426,
         0.0443],
        [0.6217, 0.0333, 0.0296, 0.0514, 0.0180, 0.0344, 0.1142, 0.0393, 0.0213,
         0.0368],
        [0.0411, 0.0418, 0.0318, 0.1700, 0.0381, 0.4520, 0.1016, 0.0458, 0.0311,
         0.0468],
        [0.0433, 0.4430, 0.0293, 0.1433, 0.0191, 0.0427, 0.0734, 0.0646, 0.0424,
         0.0988],
        [0.0341, 0.0633, 0.0316, 0.1111, 0.4896, 0.0535, 0.0836, 0.0412, 0.0449,
         0.0472],
        [0.6384, 0.0331, 0.0277, 0.0485, 0.0210, 0.0342, 0.0931, 0.0348, 0.0227,
         0.0465],
        [0.0340, 0.0328, 0.0315, 0.0395, 0.0321, 0.6743, 0.0541, 0.0409, 0.0208,
         0.0400],
        [0.0338, 0.0622, 0.0339, 0.1230, 0.4731, 0.0555, 0.0867, 0.0408, 0.0448,
         0.0461],
        [0.0547, 0.0389, 0.0257, 0.0780, 0.0266, 0.0490, 0.0408, 0.0356, 0.0404,
         0.6101],
        [0.0410, 0.0471, 0.0302, 0.1529, 0.0295, 0.0389, 0.0599, 0.5201, 0.0211,
         0.0593],
        [0.0428, 0.0804, 0.0371, 0.1328, 0.4053, 0.0591, 0.0863, 0.0570, 0.0441,
         0.0551],
        [0.0342, 0.0367, 0.5974, 0.0650, 0.0437, 0.0405, 0.0644, 0.0420, 0.0383,
         0.0379],
        [0.0498, 0.2917, 0.0226, 0.1468, 0.1020, 0.0539, 0.0981, 0.0835, 0.0520,
         0.0998],
        [0.0305, 0.0360, 0.0364, 0.6826, 0.0330, 0.0408, 0.0479, 0.0305, 0.0195,
         0.0428],
        [0.0338, 0.5787, 0.0159, 0.1011, 0.0245, 0.0362, 0.0659, 0.0311, 0.0408,
         0.0720],
        [0.0480, 0.0831, 0.0325, 0.0966, 0.4219, 0.0547, 0.0889, 0.0501, 0.0559,
         0.0685],
        [0.0451, 0.0520, 0.0256, 0.0795, 0.0257, 0.0412, 0.0598, 0.5897, 0.0261,
         0.0554],
        [0.0714, 0.0290, 0.0289, 0.0371, 0.0347, 0.0852, 0.1197, 0.0420, 0.4955,
         0.0564],
        [0.0387, 0.0350, 0.6198, 0.0619, 0.0406, 0.0397, 0.0606, 0.0350, 0.0341,
         0.0346],
        [0.0373, 0.0604, 0.0363, 0.1280, 0.4677, 0.0578, 0.0785, 0.0482, 0.0455,
         0.0403],
        [0.0809, 0.0270, 0.0286, 0.0477, 0.0330, 0.0634, 0.1112, 0.0431, 0.5018,
         0.0633],
        [0.6696, 0.0282, 0.0288, 0.0428, 0.0186, 0.0306, 0.0897, 0.0346, 0.0234,
         0.0336],
        [0.0274, 0.0304, 0.0180, 0.0352, 0.0257, 0.7077, 0.0672, 0.0337, 0.0165,
         0.0382],
        [0.0364, 0.0607, 0.0223, 0.0369, 0.0223, 0.0977, 0.6128, 0.0349, 0.0270,
         0.0490],
        [0.5225, 0.0509, 0.0395, 0.0684, 0.0284, 0.0342, 0.1179, 0.0471, 0.0453,
         0.0458],
        [0.0553, 0.0414, 0.0252, 0.0712, 0.0264, 0.0396, 0.0431, 0.0343, 0.0436,
         0.6199],
        [0.0320, 0.0266, 0.0231, 0.0331, 0.0282, 0.7196, 0.0489, 0.0364, 0.0172,
         0.0351],
        [0.0920, 0.0285, 0.0342, 0.0430, 0.0331, 0.0756, 0.1138, 0.0487, 0.4663,
         0.0648],
        [0.0244, 0.0360, 0.0380, 0.6746, 0.0388, 0.0424, 0.0475, 0.0330, 0.0214,
         0.0438],
        [0.6225, 0.0356, 0.0307, 0.0529, 0.0218, 0.0294, 0.1082, 0.0389, 0.0257,
         0.0343],
        [0.0361, 0.5538, 0.0167, 0.1058, 0.0280, 0.0387, 0.0707, 0.0327, 0.0485,
         0.0689],
        [0.0569, 0.0799, 0.0243, 0.0492, 0.0188, 0.0448, 0.6065, 0.0293, 0.0296,
         0.0608],
        [0.0601, 0.0441, 0.0293, 0.0912, 0.0349, 0.0478, 0.0462, 0.0372, 0.0437,
         0.5654],
        [0.0353, 0.0416, 0.5681, 0.0632, 0.0492, 0.0536, 0.0719, 0.0408, 0.0374,
         0.0388],
        [0.0346, 0.0352, 0.0316, 0.6827, 0.0329, 0.0472, 0.0467, 0.0285, 0.0195,
         0.0411]], device='cuda:0', grad_fn=<SoftmaxBackward>)
>> best accuracy: 97.61666666666666	best epoch: 0

>> final recovery rate: 60.03333333333334%
>> val epoch: 5
>> current accuracy: 98.63333333333333%
outputs: tensor([[0.6067, 0.0457, 0.0720, 0.0528, 0.0397, 0.0328, 0.0243, 0.0433, 0.0311,
         0.0515],
        [0.0588, 0.0334, 0.0454, 0.0464, 0.0408, 0.0331, 0.0302, 0.0523, 0.5867,
         0.0729],
        [0.0299, 0.0275, 0.0361, 0.0355, 0.0481, 0.0443, 0.0285, 0.0386, 0.0375,
         0.6740],
        [0.0311, 0.0288, 0.0745, 0.0372, 0.0435, 0.0616, 0.5945, 0.0453, 0.0296,
         0.0537],
        [0.0348, 0.0461, 0.0226, 0.5644, 0.0407, 0.1046, 0.0352, 0.0502, 0.0263,
         0.0752],
        [0.0473, 0.0407, 0.0299, 0.0283, 0.6509, 0.0491, 0.0372, 0.0465, 0.0285,
         0.0415],
        [0.0513, 0.0377, 0.0273, 0.0497, 0.0324, 0.0376, 0.0345, 0.6507, 0.0234,
         0.0554],
        [0.0349, 0.0332, 0.0380, 0.0410, 0.0692, 0.0360, 0.6147, 0.0495, 0.0395,
         0.0439],
        [0.0411, 0.0383, 0.0213, 0.0248, 0.7150, 0.0375, 0.0306, 0.0343, 0.0204,
         0.0368],
        [0.0353, 0.0351, 0.0405, 0.0433, 0.0900, 0.0520, 0.5582, 0.0515, 0.0366,
         0.0576],
        [0.0617, 0.0573, 0.0250, 0.5378, 0.0433, 0.0911, 0.0354, 0.0452, 0.0357,
         0.0674],
        [0.0530, 0.0405, 0.0235, 0.5729, 0.0433, 0.0779, 0.0419, 0.0549, 0.0248,
         0.0672],
        [0.6547, 0.0346, 0.0261, 0.0398, 0.0447, 0.0407, 0.0322, 0.0276, 0.0296,
         0.0700],
        [0.1007, 0.0440, 0.0260, 0.4955, 0.0258, 0.1026, 0.0347, 0.0535, 0.0426,
         0.0746],
        [0.0480, 0.0270, 0.0209, 0.6211, 0.0338, 0.0797, 0.0229, 0.0734, 0.0185,
         0.0547],
        [0.0327, 0.0349, 0.0397, 0.0395, 0.0666, 0.0610, 0.5833, 0.0499, 0.0395,
         0.0529],
        [0.0206, 0.0252, 0.0200, 0.0160, 0.0242, 0.7863, 0.0264, 0.0301, 0.0186,
         0.0326],
        [0.0360, 0.0325, 0.0523, 0.0356, 0.0329, 0.0754, 0.6390, 0.0383, 0.0172,
         0.0408],
        [0.0546, 0.6153, 0.0288, 0.0300, 0.0453, 0.0561, 0.0388, 0.0496, 0.0355,
         0.0462],
        [0.0417, 0.0370, 0.0331, 0.0256, 0.0443, 0.0377, 0.0194, 0.0557, 0.6220,
         0.0835],
        [0.0439, 0.0276, 0.0241, 0.0259, 0.6782, 0.0436, 0.0361, 0.0515, 0.0202,
         0.0489],
        [0.0410, 0.0374, 0.0272, 0.0212, 0.7096, 0.0417, 0.0351, 0.0268, 0.0203,
         0.0398],
        [0.0600, 0.0558, 0.0295, 0.0281, 0.6208, 0.0504, 0.0352, 0.0468, 0.0255,
         0.0479],
        [0.0325, 0.0286, 0.0450, 0.0302, 0.0375, 0.0437, 0.6737, 0.0439, 0.0280,
         0.0368],
        [0.0365, 0.0455, 0.6072, 0.0211, 0.0435, 0.0357, 0.0249, 0.0409, 0.0749,
         0.0698],
        [0.0526, 0.6521, 0.0378, 0.0296, 0.0411, 0.0446, 0.0423, 0.0230, 0.0278,
         0.0491],
        [0.0342, 0.0390, 0.0241, 0.0222, 0.0401, 0.0396, 0.0155, 0.0433, 0.6841,
         0.0578],
        [0.0345, 0.0344, 0.0477, 0.0337, 0.0713, 0.0628, 0.5884, 0.0510, 0.0348,
         0.0414],
        [0.0707, 0.0598, 0.5614, 0.0406, 0.0469, 0.0527, 0.0396, 0.0524, 0.0150,
         0.0609],
        [0.0486, 0.6687, 0.0356, 0.0304, 0.0369, 0.0448, 0.0374, 0.0214, 0.0300,
         0.0463],
        [0.0500, 0.6550, 0.0376, 0.0321, 0.0364, 0.0460, 0.0494, 0.0231, 0.0246,
         0.0459],
        [0.0293, 0.0288, 0.0434, 0.0340, 0.0438, 0.0493, 0.6607, 0.0450, 0.0277,
         0.0379],
        [0.0492, 0.6629, 0.0373, 0.0303, 0.0381, 0.0452, 0.0393, 0.0224, 0.0289,
         0.0464],
        [0.0523, 0.0358, 0.0353, 0.0462, 0.0301, 0.0294, 0.0183, 0.0431, 0.6310,
         0.0785],
        [0.0360, 0.0296, 0.0253, 0.0296, 0.0265, 0.7235, 0.0280, 0.0282, 0.0238,
         0.0496],
        [0.0521, 0.6488, 0.0374, 0.0307, 0.0418, 0.0459, 0.0379, 0.0229, 0.0299,
         0.0527],
        [0.0723, 0.0533, 0.4618, 0.0456, 0.0881, 0.0506, 0.0301, 0.0832, 0.0443,
         0.0708],
        [0.0355, 0.0416, 0.0562, 0.0385, 0.0672, 0.1036, 0.5107, 0.0544, 0.0385,
         0.0538],
        [0.0692, 0.0544, 0.0266, 0.0243, 0.1194, 0.0364, 0.0320, 0.0521, 0.5403,
         0.0453],
        [0.0464, 0.6866, 0.0261, 0.0335, 0.0388, 0.0419, 0.0320, 0.0201, 0.0281,
         0.0465],
        [0.0255, 0.0224, 0.0302, 0.0318, 0.0418, 0.0322, 0.0214, 0.0387, 0.0299,
         0.7261],
        [0.0272, 0.0273, 0.0220, 0.0199, 0.0279, 0.7464, 0.0261, 0.0348, 0.0277,
         0.0407],
        [0.0284, 0.0219, 0.0330, 0.0295, 0.0373, 0.0287, 0.0217, 0.0339, 0.0253,
         0.7402],
        [0.2713, 0.0273, 0.0592, 0.0397, 0.0761, 0.0837, 0.2973, 0.0519, 0.0266,
         0.0669],
        [0.0413, 0.0366, 0.0219, 0.0648, 0.0252, 0.0366, 0.0324, 0.6771, 0.0212,
         0.0429],
        [0.0456, 0.0467, 0.6145, 0.0321, 0.0419, 0.0443, 0.0358, 0.0477, 0.0402,
         0.0512],
        [0.0307, 0.0644, 0.5235, 0.0273, 0.1208, 0.0419, 0.0218, 0.0562, 0.0456,
         0.0678],
        [0.0503, 0.0447, 0.0166, 0.6328, 0.0287, 0.0824, 0.0288, 0.0356, 0.0271,
         0.0530]], device='cuda:0', grad_fn=<SoftmaxBackward>)
>> best accuracy: 98.63333333333333	best epoch: 5

>> final recovery rate: 60.03333333333334%
>> val epoch: 10
>> current accuracy: 96.83333333333334%
outputs: tensor([[0.0279, 0.0326, 0.0414, 0.0137, 0.0388, 0.7438, 0.0112, 0.0390, 0.0244,
         0.0271],
        [0.0356, 0.0351, 0.0639, 0.0673, 0.0334, 0.0411, 0.0476, 0.0488, 0.5594,
         0.0678],
        [0.0145, 0.0351, 0.0938, 0.0228, 0.0294, 0.0170, 0.0208, 0.7205, 0.0212,
         0.0248],
        [0.0290, 0.0344, 0.0459, 0.6609, 0.0423, 0.0457, 0.0154, 0.0418, 0.0402,
         0.0445],
        [0.0223, 0.0208, 0.0240, 0.0287, 0.7121, 0.0218, 0.0300, 0.0840, 0.0378,
         0.0184],
        [0.0280, 0.0294, 0.0421, 0.0491, 0.0264, 0.0305, 0.6739, 0.0445, 0.0345,
         0.0416],
        [0.0607, 0.0307, 0.0512, 0.0574, 0.0620, 0.0292, 0.0387, 0.0476, 0.0490,
         0.5735],
        [0.0555, 0.5949, 0.0518, 0.0312, 0.0265, 0.0492, 0.0379, 0.0643, 0.0502,
         0.0386],
        [0.0613, 0.0282, 0.0197, 0.0257, 0.0474, 0.0399, 0.0261, 0.0416, 0.0324,
         0.6776],
        [0.0498, 0.5510, 0.0672, 0.0400, 0.0393, 0.0595, 0.0399, 0.0649, 0.0457,
         0.0427],
        [0.0426, 0.0328, 0.0785, 0.2217, 0.0389, 0.0860, 0.0507, 0.0442, 0.0302,
         0.3744],
        [0.1232, 0.0449, 0.0385, 0.0355, 0.0845, 0.0140, 0.2257, 0.0467, 0.2949,
         0.0921],
        [0.0403, 0.0562, 0.0923, 0.0197, 0.0443, 0.0602, 0.0183, 0.1218, 0.5301,
         0.0169],
        [0.0238, 0.0249, 0.0248, 0.0104, 0.0184, 0.0288, 0.0110, 0.8174, 0.0188,
         0.0217],
        [0.0208, 0.0442, 0.0306, 0.0247, 0.0369, 0.7206, 0.0346, 0.0290, 0.0294,
         0.0291],
        [0.0336, 0.0383, 0.0465, 0.0306, 0.0285, 0.5803, 0.0209, 0.0309, 0.0890,
         0.1014],
        [0.0776, 0.0762, 0.0994, 0.0576, 0.0538, 0.0745, 0.0893, 0.1015, 0.3466,
         0.0235],
        [0.0333, 0.0304, 0.0462, 0.0415, 0.0617, 0.0422, 0.0401, 0.0944, 0.5898,
         0.0204],
        [0.0332, 0.0286, 0.0330, 0.0240, 0.0431, 0.0119, 0.6666, 0.0914, 0.0216,
         0.0468],
        [0.0351, 0.5795, 0.0663, 0.0259, 0.0321, 0.0531, 0.0385, 0.0972, 0.0361,
         0.0361],
        [0.0266, 0.0105, 0.0676, 0.0185, 0.6216, 0.0421, 0.0509, 0.0630, 0.0895,
         0.0096],
        [0.0608, 0.0343, 0.0250, 0.0266, 0.0567, 0.0534, 0.0617, 0.0489, 0.6129,
         0.0196],
        [0.0310, 0.0357, 0.0945, 0.0338, 0.0396, 0.6292, 0.0196, 0.0470, 0.0342,
         0.0354],
        [0.0210, 0.0393, 0.0610, 0.5931, 0.0766, 0.0231, 0.0326, 0.0577, 0.0307,
         0.0649],
        [0.0369, 0.0232, 0.0340, 0.0314, 0.0250, 0.0293, 0.0204, 0.0420, 0.0203,
         0.7376],
        [0.5378, 0.0192, 0.0403, 0.0687, 0.0230, 0.0352, 0.0724, 0.0446, 0.0797,
         0.0792],
        [0.0584, 0.5887, 0.0500, 0.0410, 0.0350, 0.0482, 0.0363, 0.0586, 0.0480,
         0.0359],
        [0.0236, 0.0298, 0.0276, 0.0251, 0.7774, 0.0153, 0.0279, 0.0293, 0.0213,
         0.0227],
        [0.0287, 0.0370, 0.5535, 0.0206, 0.0200, 0.0209, 0.0443, 0.2169, 0.0156,
         0.0424],
        [0.0219, 0.0301, 0.0472, 0.0707, 0.0368, 0.0270, 0.6578, 0.0453, 0.0204,
         0.0429],
        [0.6416, 0.0302, 0.0432, 0.0635, 0.0212, 0.0382, 0.0530, 0.0387, 0.0308,
         0.0395],
        [0.0402, 0.5903, 0.0547, 0.0266, 0.0385, 0.0625, 0.0292, 0.0730, 0.0431,
         0.0418],
        [0.0555, 0.6494, 0.0453, 0.0311, 0.0233, 0.0392, 0.0294, 0.0517, 0.0383,
         0.0368],
        [0.0806, 0.0845, 0.0622, 0.3744, 0.0942, 0.0579, 0.0101, 0.0762, 0.0558,
         0.1041],
        [0.0358, 0.0284, 0.0507, 0.6300, 0.0295, 0.0786, 0.0172, 0.0312, 0.0347,
         0.0638],
        [0.0499, 0.0358, 0.5640, 0.1199, 0.1106, 0.0117, 0.0386, 0.0240, 0.0229,
         0.0226],
        [0.0318, 0.0533, 0.0309, 0.6739, 0.0295, 0.0439, 0.0184, 0.0483, 0.0240,
         0.0462],
        [0.0301, 0.0129, 0.0563, 0.0407, 0.0504, 0.0362, 0.0321, 0.6421, 0.0122,
         0.0870],
        [0.0584, 0.0118, 0.0206, 0.0688, 0.5080, 0.0284, 0.0667, 0.1287, 0.0383,
         0.0704],
        [0.0489, 0.5797, 0.0690, 0.0412, 0.0287, 0.0481, 0.0392, 0.0540, 0.0520,
         0.0393],
        [0.0202, 0.3423, 0.0912, 0.0483, 0.0295, 0.0970, 0.0928, 0.0797, 0.0812,
         0.1178],
        [0.0571, 0.0535, 0.0711, 0.0678, 0.0559, 0.5095, 0.0389, 0.0410, 0.0497,
         0.0555],
        [0.0428, 0.0350, 0.0546, 0.0121, 0.0214, 0.0446, 0.0427, 0.1376, 0.5917,
         0.0177],
        [0.0397, 0.0216, 0.0508, 0.0508, 0.0295, 0.0295, 0.6254, 0.0535, 0.0237,
         0.0754],
        [0.0758, 0.0519, 0.0489, 0.0169, 0.0669, 0.4155, 0.0787, 0.1148, 0.0548,
         0.0757],
        [0.6179, 0.0155, 0.0275, 0.0347, 0.0344, 0.0679, 0.0322, 0.0586, 0.0613,
         0.0499],
        [0.0219, 0.0540, 0.0385, 0.0448, 0.6301, 0.0232, 0.0490, 0.0637, 0.0398,
         0.0350],
        [0.6322, 0.0148, 0.0331, 0.0738, 0.0417, 0.0208, 0.0281, 0.0219, 0.0584,
         0.0753]], device='cuda:0', grad_fn=<SoftmaxBackward>)
>> best accuracy: 98.63333333333333	best epoch: 5

>> final recovery rate: 60.03333333333334%
>> val epoch: 15
>> current accuracy: 91.98333333333333%
outputs: tensor([[0.0526, 0.4207, 0.0435, 0.0256, 0.0827, 0.0922, 0.0228, 0.1162, 0.0366,
         0.1072],
        [0.1037, 0.0574, 0.0205, 0.4796, 0.0290, 0.1822, 0.0140, 0.0355, 0.0290,
         0.0490],
        [0.0679, 0.0560, 0.2831, 0.0904, 0.0609, 0.0516, 0.0867, 0.0765, 0.0965,
         0.1305],
        [0.0371, 0.0485, 0.0160, 0.0202, 0.0142, 0.0428, 0.0390, 0.7234, 0.0287,
         0.0300],
        [0.0117, 0.0003, 0.8997, 0.0016, 0.0657, 0.0021, 0.0051, 0.0017, 0.0093,
         0.0028],
        [0.0509, 0.1955, 0.4416, 0.0084, 0.0139, 0.1141, 0.0369, 0.0599, 0.0410,
         0.0377],
        [0.0800, 0.0269, 0.0953, 0.0614, 0.3829, 0.0382, 0.0372, 0.1058, 0.1091,
         0.0631],
        [0.0442, 0.0145, 0.0419, 0.0705, 0.0368, 0.0067, 0.5763, 0.1224, 0.0544,
         0.0323],
        [0.0315, 0.0112, 0.3032, 0.1150, 0.0600, 0.0150, 0.0378, 0.4108, 0.0077,
         0.0078],
        [0.0105, 0.2459, 0.0083, 0.0015, 0.0382, 0.2054, 0.0333, 0.0235, 0.3645,
         0.0690],
        [0.0082, 0.0124, 0.0010, 0.0056, 0.0031, 0.0236, 0.0027, 0.0047, 0.0043,
         0.9345],
        [0.0195, 0.6926, 0.0674, 0.0230, 0.0495, 0.0359, 0.0334, 0.0178, 0.0357,
         0.0254],
        [0.0251, 0.0394, 0.0064, 0.7091, 0.0033, 0.1384, 0.0102, 0.0419, 0.0154,
         0.0107],
        [0.0265, 0.0287, 0.0712, 0.0250, 0.0164, 0.0448, 0.0336, 0.0789, 0.6402,
         0.0345],
        [0.0777, 0.0341, 0.0206, 0.6809, 0.0214, 0.0499, 0.0215, 0.0362, 0.0319,
         0.0259],
        [0.0313, 0.6528, 0.0401, 0.0594, 0.0447, 0.0311, 0.0262, 0.0129, 0.0485,
         0.0531],
        [0.1374, 0.0525, 0.0338, 0.0256, 0.0347, 0.5299, 0.0355, 0.0419, 0.0846,
         0.0242],
        [0.0427, 0.1018, 0.2267, 0.1903, 0.1579, 0.0874, 0.1316, 0.0350, 0.0156,
         0.0111],
        [0.0278, 0.0230, 0.1650, 0.0227, 0.0133, 0.0401, 0.6635, 0.0267, 0.0024,
         0.0153],
        [0.4189, 0.0599, 0.0619, 0.3428, 0.0068, 0.0025, 0.0527, 0.0055, 0.0142,
         0.0349],
        [0.0211, 0.0054, 0.0014, 0.0350, 0.0055, 0.8480, 0.0004, 0.0165, 0.0206,
         0.0460],
        [0.0098, 0.0316, 0.0089, 0.0036, 0.8961, 0.0037, 0.0080, 0.0038, 0.0277,
         0.0068],
        [0.2943, 0.0188, 0.0091, 0.0537, 0.0222, 0.0589, 0.2743, 0.0620, 0.0848,
         0.1218],
        [0.0317, 0.0393, 0.0609, 0.0777, 0.0784, 0.0570, 0.0438, 0.4669, 0.0728,
         0.0714],
        [0.0323, 0.0218, 0.0277, 0.0416, 0.0137, 0.0435, 0.0132, 0.0286, 0.7085,
         0.0692],
        [0.0365, 0.6577, 0.0365, 0.0455, 0.0329, 0.0656, 0.0374, 0.0194, 0.0309,
         0.0376],
        [0.0341, 0.0412, 0.0683, 0.0477, 0.0346, 0.6306, 0.0100, 0.0577, 0.0259,
         0.0499],
        [0.0715, 0.0301, 0.0304, 0.0989, 0.0785, 0.0523, 0.3611, 0.0696, 0.1140,
         0.0935],
        [0.0033, 0.0148, 0.8641, 0.0158, 0.0059, 0.0152, 0.0028, 0.0167, 0.0245,
         0.0368],
        [0.0176, 0.0496, 0.0031, 0.0037, 0.0083, 0.1451, 0.0054, 0.5507, 0.1666,
         0.0498],
        [0.0296, 0.0242, 0.0210, 0.0248, 0.0341, 0.0513, 0.0121, 0.0464, 0.0309,
         0.7256],
        [0.0384, 0.0357, 0.0463, 0.0749, 0.0757, 0.0739, 0.0852, 0.0375, 0.4634,
         0.0690],
        [0.0144, 0.0137, 0.0649, 0.3662, 0.0052, 0.0381, 0.1458, 0.1321, 0.0241,
         0.1957],
        [0.1594, 0.0654, 0.0167, 0.0438, 0.2555, 0.1167, 0.0033, 0.0623, 0.0476,
         0.2295],
        [0.7792, 0.0178, 0.0094, 0.0494, 0.0112, 0.0314, 0.0206, 0.0111, 0.0119,
         0.0580],
        [0.0156, 0.6023, 0.0157, 0.0128, 0.2164, 0.0177, 0.0160, 0.0590, 0.0275,
         0.0170],
        [0.0436, 0.0071, 0.0185, 0.0244, 0.8152, 0.0186, 0.0016, 0.0283, 0.0087,
         0.0341],
        [0.0306, 0.0217, 0.0015, 0.0091, 0.0078, 0.0088, 0.0204, 0.0172, 0.8532,
         0.0298],
        [0.0223, 0.0185, 0.0445, 0.0389, 0.0150, 0.0434, 0.0437, 0.0362, 0.0294,
         0.7081],
        [0.0201, 0.0400, 0.0463, 0.0426, 0.0571, 0.1307, 0.0211, 0.0303, 0.0236,
         0.5882],
        [0.0167, 0.0037, 0.0163, 0.0240, 0.8779, 0.0116, 0.0081, 0.0067, 0.0328,
         0.0021],
        [0.0358, 0.0301, 0.0447, 0.1070, 0.0228, 0.0214, 0.5968, 0.0685, 0.0183,
         0.0547],
        [0.0269, 0.6393, 0.0516, 0.0460, 0.0437, 0.0444, 0.0501, 0.0347, 0.0186,
         0.0447],
        [0.0510, 0.0051, 0.0101, 0.0185, 0.3562, 0.2056, 0.1272, 0.0446, 0.0735,
         0.1083],
        [0.0017, 0.0572, 0.1594, 0.0025, 0.7504, 0.0050, 0.0008, 0.0023, 0.0121,
         0.0085],
        [0.0507, 0.0307, 0.2203, 0.0232, 0.0434, 0.0088, 0.0025, 0.4759, 0.0840,
         0.0605],
        [0.0429, 0.0616, 0.0261, 0.6708, 0.0253, 0.0376, 0.0385, 0.0534, 0.0201,
         0.0238],
        [0.1174, 0.0243, 0.0128, 0.0362, 0.0442, 0.0109, 0.0815, 0.5079, 0.0123,
         0.1525]], device='cuda:0', grad_fn=<SoftmaxBackward>)
>> best accuracy: 98.63333333333333	best epoch: 5

>> final recovery rate: 60.03333333333334%
>> val epoch: 20
>> current accuracy: 78.26666666666667%
outputs: tensor([[0.0854, 0.4232, 0.0559, 0.0397, 0.0407, 0.0638, 0.0375, 0.0687, 0.0883,
         0.0967],
        [0.0191, 0.0023, 0.0012, 0.5429, 0.0191, 0.1239, 0.1845, 0.0611, 0.0120,
         0.0340],
        [0.0063, 0.0230, 0.8132, 0.1056, 0.0015, 0.0014, 0.0024, 0.0015, 0.0442,
         0.0009],
        [0.0086, 0.0193, 0.3017, 0.0447, 0.0002, 0.5844, 0.0195, 0.0043, 0.0016,
         0.0156],
        [0.0024, 0.0164, 0.1940, 0.0090, 0.2045, 0.0026, 0.0583, 0.4541, 0.0566,
         0.0022],
        [0.0436, 0.4255, 0.1198, 0.0511, 0.0250, 0.0732, 0.0515, 0.0627, 0.0856,
         0.0619],
        [0.0023, 0.0635, 0.0043, 0.0015, 0.0290, 0.1978, 0.6379, 0.0296, 0.0181,
         0.0160],
        [0.0002, 0.0039, 0.0015, 0.0267, 0.0038, 0.9071, 0.0097, 0.0337, 0.0034,
         0.0102],
        [0.0518, 0.4580, 0.0711, 0.0757, 0.0171, 0.0412, 0.0953, 0.0752, 0.0890,
         0.0255],
        [0.8540, 0.0096, 0.0051, 0.0191, 0.0005, 0.0164, 0.0542, 0.0366, 0.0015,
         0.0029],
        [0.0883, 0.0282, 0.0058, 0.0115, 0.0202, 0.0094, 0.6221, 0.0797, 0.0400,
         0.0948],
        [0.0019, 0.0055, 0.9413, 0.0041, 0.0137, 0.0002, 0.0147, 0.0146, 0.0002,
         0.0038],
        [0.0102, 0.0066, 0.0096, 0.5868, 0.0038, 0.0776, 0.0035, 0.0213, 0.2582,
         0.0225],
        [0.0012, 0.0195, 0.0538, 0.0023, 0.8791, 0.0027, 0.0001, 0.0003, 0.0388,
         0.0021],
        [0.0418, 0.0065, 0.8441, 0.0230, 0.0155, 0.0002, 0.0011, 0.0119, 0.0556,
         0.0004],
        [0.0023, 0.0047, 0.0289, 0.9427, 0.0002, 0.0123, 0.0014, 0.0010, 0.0002,
         0.0063],
        [0.9656, 0.0006, 0.0034, 0.0009, 0.0058, 0.0064, 0.0007, 0.0066, 0.0099,
         0.0001],
        [0.0034, 0.0027, 0.0000, 0.0001, 0.0309, 0.8561, 0.0054, 0.0249, 0.0069,
         0.0697],
        [0.0496, 0.0546, 0.0735, 0.6140, 0.0158, 0.0473, 0.0381, 0.0133, 0.0353,
         0.0585],
        [0.0881, 0.0006, 0.0423, 0.0009, 0.0191, 0.0003, 0.1617, 0.0202, 0.6286,
         0.0384],
        [0.0221, 0.0128, 0.0142, 0.0011, 0.8718, 0.0011, 0.0335, 0.0228, 0.0153,
         0.0053],
        [0.0009, 0.0002, 0.0002, 0.0000, 0.0003, 0.9894, 0.0027, 0.0050, 0.0010,
         0.0002],
        [0.0014, 0.0042, 0.0199, 0.0039, 0.0026, 0.8551, 0.0186, 0.0022, 0.0001,
         0.0921],
        [0.0022, 0.8597, 0.0009, 0.1159, 0.0013, 0.0061, 0.0005, 0.0002, 0.0121,
         0.0012],
        [0.0132, 0.0192, 0.0077, 0.1885, 0.0123, 0.0066, 0.0702, 0.0183, 0.0079,
         0.6561],
        [0.0954, 0.0429, 0.0094, 0.0079, 0.0254, 0.0529, 0.0086, 0.0095, 0.0038,
         0.7442],
        [0.3872, 0.0023, 0.0004, 0.0100, 0.0002, 0.0019, 0.0041, 0.5817, 0.0072,
         0.0050],
        [0.0005, 0.0086, 0.0377, 0.7814, 0.0165, 0.0953, 0.0087, 0.0058, 0.0279,
         0.0177],
        [0.0008, 0.0072, 0.1743, 0.4514, 0.0432, 0.0002, 0.1702, 0.0777, 0.0123,
         0.0628],
        [0.1764, 0.2327, 0.0262, 0.0276, 0.2317, 0.0056, 0.0135, 0.1814, 0.0260,
         0.0790],
        [0.0085, 0.0230, 0.0872, 0.0235, 0.0006, 0.0569, 0.0152, 0.0013, 0.7806,
         0.0033],
        [0.0080, 0.0040, 0.0083, 0.0024, 0.0030, 0.0016, 0.0098, 0.0146, 0.0057,
         0.9425],
        [0.0912, 0.4863, 0.0131, 0.0115, 0.0312, 0.0928, 0.1021, 0.0098, 0.1438,
         0.0182],
        [0.0006, 0.0785, 0.0080, 0.0930, 0.7415, 0.0050, 0.0003, 0.0522, 0.0088,
         0.0120],
        [0.0196, 0.0044, 0.0039, 0.9511, 0.0007, 0.0047, 0.0017, 0.0036, 0.0009,
         0.0093],
        [0.0476, 0.0731, 0.6617, 0.0077, 0.0047, 0.0082, 0.0132, 0.0519, 0.0965,
         0.0353],
        [0.0554, 0.0001, 0.0150, 0.0003, 0.0104, 0.0007, 0.9093, 0.0079, 0.0001,
         0.0008],
        [0.1023, 0.0332, 0.0044, 0.0110, 0.0139, 0.0140, 0.0050, 0.0092, 0.0541,
         0.7529],
        [0.0092, 0.0018, 0.0991, 0.0005, 0.0015, 0.0019, 0.0098, 0.1630, 0.0153,
         0.6978],
        [0.0009, 0.0007, 0.0063, 0.0069, 0.9570, 0.0220, 0.0004, 0.0010, 0.0040,
         0.0010],
        [0.0256, 0.0043, 0.0137, 0.0004, 0.1053, 0.0023, 0.0074, 0.0012, 0.0362,
         0.8037],
        [0.0480, 0.0018, 0.0004, 0.0014, 0.4167, 0.1066, 0.0123, 0.0510, 0.3469,
         0.0149],
        [0.0005, 0.1153, 0.1197, 0.2384, 0.0029, 0.0010, 0.0180, 0.0983, 0.4022,
         0.0038],
        [0.0668, 0.5073, 0.0447, 0.0275, 0.0242, 0.0503, 0.0967, 0.0869, 0.0400,
         0.0557],
        [0.0032, 0.1035, 0.0473, 0.0516, 0.0246, 0.0011, 0.0024, 0.1429, 0.0010,
         0.6224],
        [0.0085, 0.5563, 0.0321, 0.1224, 0.0849, 0.0102, 0.1764, 0.0032, 0.0035,
         0.0025],
        [0.7783, 0.0004, 0.0051, 0.0003, 0.0141, 0.0323, 0.0024, 0.1369, 0.0272,
         0.0032],
        [0.0639, 0.0036, 0.0017, 0.0015, 0.0099, 0.7808, 0.0057, 0.0389, 0.0075,
         0.0865]], device='cuda:0', grad_fn=<SoftmaxBackward>)
>> best accuracy: 98.63333333333333	best epoch: 5

>> final recovery rate: 60.03333333333334%
>> val epoch: 25
>> current accuracy: 73.63333333333333%
outputs: tensor([[4.7533e-01, 1.3822e-01, 1.1211e-02, 2.5859e-01, 3.2478e-02, 1.2961e-03,
         2.1409e-02, 4.4812e-02, 1.6157e-02, 5.0227e-04],
        [7.0443e-01, 6.7073e-03, 2.2829e-01, 4.3357e-02, 7.0082e-04, 4.3099e-03,
         3.5189e-03, 4.7172e-03, 3.6385e-03, 3.3617e-04],
        [1.8765e-04, 6.8458e-05, 3.8111e-05, 1.0084e-05, 3.3719e-04, 9.9791e-01,
         3.0873e-04, 1.0114e-03, 5.6401e-05, 6.7336e-05],
        [1.4109e-04, 2.0832e-04, 4.4420e-04, 1.3834e-03, 2.1002e-03, 1.3490e-03,
         7.2721e-05, 4.0174e-05, 9.9356e-01, 7.0126e-04],
        [3.6662e-04, 1.4333e-03, 2.2958e-01, 9.7076e-04, 4.2180e-03, 8.5853e-02,
         6.7489e-01, 1.5515e-03, 7.5031e-05, 1.0617e-03],
        [4.5604e-05, 4.7090e-04, 2.2457e-04, 1.1425e-03, 2.6756e-05, 2.7371e-04,
         1.3533e-04, 1.3545e-05, 9.9685e-01, 8.1862e-04],
        [2.2188e-02, 2.0689e-02, 1.4670e-04, 7.9827e-01, 1.6092e-03, 1.4415e-01,
         9.1953e-04, 7.4763e-03, 4.4748e-03, 7.6086e-05],
        [3.1055e-02, 1.3032e-04, 8.5680e-03, 1.3085e-02, 8.8493e-01, 3.3591e-02,
         4.5102e-03, 5.3083e-03, 1.6590e-02, 2.2347e-03],
        [4.7041e-04, 3.6295e-03, 3.4469e-04, 2.5802e-03, 4.2730e-03, 3.4701e-04,
         3.6274e-03, 7.4702e-05, 7.0066e-04, 9.8395e-01],
        [2.0061e-01, 2.7903e-02, 1.5342e-03, 1.8603e-02, 3.0432e-03, 1.6467e-02,
         6.1774e-03, 9.6264e-05, 3.7136e-01, 3.5421e-01],
        [2.0587e-03, 4.6183e-04, 1.2666e-04, 1.7534e-03, 4.1851e-04, 9.8546e-01,
         5.1759e-05, 1.9373e-04, 1.1641e-03, 8.3148e-03],
        [1.0539e-02, 9.8246e-04, 4.0897e-04, 4.7366e-01, 2.5400e-04, 9.2508e-02,
         4.1744e-01, 3.7671e-03, 3.4865e-04, 9.6521e-05],
        [7.5990e-01, 8.9984e-03, 4.6107e-03, 3.7589e-03, 8.3294e-05, 4.5976e-03,
         1.1738e-01, 9.0758e-02, 2.7799e-04, 9.6328e-03],
        [2.9159e-01, 6.9558e-04, 2.3548e-04, 2.0232e-05, 8.7873e-03, 7.1833e-02,
         2.0751e-03, 1.6037e-02, 6.0849e-01, 2.3833e-04],
        [1.4860e-05, 1.9222e-05, 1.4785e-05, 1.4404e-05, 3.4292e-05, 3.3385e-05,
         4.3395e-04, 6.7531e-04, 2.4116e-04, 9.9852e-01],
        [1.9362e-05, 5.5250e-04, 5.2057e-05, 1.3278e-04, 9.9898e-01, 2.5892e-05,
         1.0171e-04, 3.3882e-05, 6.0571e-05, 3.8614e-05],
        [1.6284e-03, 2.6464e-03, 6.3619e-03, 8.2470e-02, 8.5189e-02, 2.3953e-02,
         7.8422e-01, 1.4191e-03, 2.7276e-03, 9.3811e-03],
        [4.4074e-03, 8.1291e-01, 3.4783e-04, 1.0503e-01, 6.7963e-03, 2.0843e-02,
         3.5151e-02, 6.5635e-03, 3.0380e-03, 4.9129e-03],
        [2.5315e-03, 1.8842e-03, 6.5727e-02, 2.5121e-03, 8.5484e-01, 8.9160e-04,
         7.6035e-04, 6.2945e-03, 2.7904e-05, 6.4530e-02],
        [2.6615e-03, 2.3704e-05, 2.5548e-05, 5.3223e-04, 1.3357e-04, 5.5440e-05,
         2.9202e-04, 9.9307e-01, 3.1430e-03, 6.7482e-05],
        [1.9690e-02, 8.8360e-02, 5.1399e-03, 1.2326e-02, 7.5324e-03, 1.1702e-01,
         2.1552e-02, 2.0042e-01, 4.3737e-01, 9.0594e-02],
        [1.4199e-05, 9.3555e-03, 1.4871e-04, 1.9164e-04, 9.8714e-01, 2.2859e-04,
         1.5887e-05, 5.7799e-05, 2.5945e-03, 2.5388e-04],
        [3.4127e-02, 3.3718e-02, 9.7746e-03, 8.5370e-01, 1.8938e-02, 1.0847e-03,
         8.4664e-04, 6.3166e-03, 4.6487e-03, 3.6849e-02],
        [5.0473e-03, 9.2199e-03, 9.5502e-05, 1.9521e-04, 4.9782e-04, 5.6836e-03,
         7.4389e-04, 9.5671e-01, 1.2177e-03, 2.0589e-02],
        [9.4642e-01, 1.3360e-02, 2.3380e-04, 1.0028e-04, 3.1624e-04, 8.9403e-03,
         2.8448e-02, 6.6067e-05, 3.3593e-04, 1.7754e-03],
        [5.8441e-03, 1.3008e-02, 6.6881e-03, 2.1005e-03, 1.9386e-04, 1.0037e-05,
         2.9198e-04, 9.7111e-01, 1.1966e-04, 6.3307e-04],
        [2.0001e-03, 2.3367e-05, 9.0630e-04, 1.7139e-03, 1.2466e-04, 1.6243e-04,
         9.9177e-01, 2.7714e-03, 4.4342e-04, 8.2635e-05],
        [7.4625e-06, 2.5671e-03, 9.9500e-01, 1.0769e-04, 4.3567e-05, 2.5548e-05,
         5.0417e-05, 2.3957e-04, 1.5551e-04, 1.8002e-03],
        [3.9122e-03, 6.1751e-01, 1.6317e-02, 1.2262e-03, 5.9067e-04, 4.7398e-02,
         8.9585e-03, 8.7038e-03, 2.9199e-01, 3.3845e-03],
        [9.9375e-01, 3.9075e-04, 1.6316e-04, 2.6669e-03, 5.6903e-05, 8.3164e-04,
         4.7593e-04, 6.0176e-04, 8.2154e-04, 2.4288e-04],
        [1.4450e-03, 2.7112e-03, 9.5810e-01, 9.0373e-04, 1.1822e-02, 1.3565e-04,
         1.6941e-02, 6.7513e-03, 4.6370e-04, 7.2809e-04],
        [9.8622e-01, 1.2434e-03, 2.2139e-03, 8.1793e-03, 7.9509e-05, 8.9471e-05,
         8.9866e-04, 7.2179e-05, 4.3078e-04, 5.7070e-04],
        [7.6660e-04, 4.9509e-03, 2.9013e-02, 1.6564e-02, 7.2697e-02, 1.9073e-03,
         2.7690e-03, 1.2718e-03, 7.9324e-04, 8.6927e-01],
        [6.4751e-01, 6.6135e-03, 2.0797e-02, 1.8979e-03, 1.8901e-01, 2.9243e-04,
         7.4451e-05, 5.2815e-03, 1.1539e-02, 1.1698e-01],
        [2.4808e-04, 9.7987e-03, 1.6743e-04, 7.3824e-05, 1.1692e-01, 1.3172e-03,
         7.4737e-01, 9.8115e-02, 1.8949e-02, 7.0390e-03],
        [2.5529e-04, 1.9181e-04, 1.3395e-03, 1.7151e-01, 8.2220e-01, 1.2583e-03,
         6.5566e-04, 2.4443e-03, 1.1890e-04, 2.1251e-05],
        [3.6005e-02, 9.6907e-02, 4.7215e-03, 2.1054e-03, 3.0859e-03, 2.9066e-02,
         3.1038e-01, 4.9202e-01, 2.5051e-02, 6.5910e-04],
        [5.9913e-04, 9.6197e-03, 1.9162e-03, 2.3677e-02, 1.9701e-03, 2.2668e-02,
         1.9897e-04, 3.0171e-03, 8.6379e-05, 9.3625e-01],
        [7.9464e-04, 9.5673e-03, 5.2287e-02, 2.3624e-03, 5.4030e-03, 2.1064e-02,
         5.2146e-04, 6.7361e-03, 8.9606e-01, 5.1997e-03],
        [1.2707e-02, 4.0308e-03, 2.8380e-02, 8.5195e-01, 9.4681e-03, 2.4971e-02,
         1.4262e-03, 3.2091e-04, 5.3389e-02, 1.3354e-02],
        [3.6166e-04, 2.7542e-03, 9.6819e-01, 9.1355e-04, 1.6137e-03, 1.2504e-03,
         1.2092e-02, 1.8577e-03, 6.8037e-03, 4.1675e-03],
        [1.9011e-04, 2.9034e-02, 1.6032e-03, 8.4445e-01, 8.2297e-04, 3.1951e-03,
         2.8314e-03, 4.0634e-03, 4.3902e-03, 1.0942e-01],
        [3.3054e-02, 4.6717e-01, 1.3242e-01, 2.7679e-02, 8.1439e-03, 2.0645e-01,
         1.0232e-02, 7.6271e-02, 1.9120e-02, 1.9456e-02],
        [1.7293e-02, 1.7232e-03, 3.1597e-03, 1.5546e-04, 3.3071e-04, 1.8751e-03,
         5.3866e-04, 3.9873e-04, 9.7425e-01, 2.7882e-04],
        [5.2880e-05, 9.8205e-05, 8.5677e-01, 1.5002e-04, 1.1077e-01, 1.9093e-02,
         1.3775e-03, 2.0486e-03, 1.3719e-04, 9.4976e-03],
        [2.1508e-04, 8.6267e-05, 2.6221e-04, 8.3158e-04, 5.9741e-05, 2.3644e-04,
         8.5132e-04, 4.1586e-05, 3.7832e-05, 9.9738e-01],
        [6.4063e-03, 1.7247e-01, 5.3644e-02, 2.8678e-03, 6.9515e-02, 4.3668e-01,
         2.4458e-02, 1.9587e-01, 2.0847e-02, 1.7243e-02],
        [9.1765e-04, 1.6470e-02, 4.0178e-03, 1.0212e-03, 3.0866e-02, 7.0704e-02,
         2.5678e-03, 4.7463e-03, 8.3761e-03, 8.6031e-01]],
       device='cuda:0', grad_fn=<SoftmaxBackward>)
>> best accuracy: 98.63333333333333	best epoch: 5

>> final recovery rate: 60.03333333333334%
>> val epoch: 30
>> current accuracy: 72.03333333333333%
outputs: tensor([[1.2057e-04, 2.8448e-03, 1.9607e-04, 2.6457e-04, 3.3772e-03, 1.5508e-04,
         2.6177e-03, 2.5649e-03, 1.2586e-03, 9.8660e-01],
        [1.1365e-03, 1.3199e-02, 9.0492e-01, 1.2752e-04, 7.0186e-02, 5.2630e-03,
         1.2107e-04, 1.1740e-03, 2.0179e-03, 1.8589e-03],
        [2.0962e-02, 2.8367e-03, 1.7231e-01, 2.7126e-04, 4.6552e-02, 2.4985e-03,
         8.4941e-02, 8.2423e-03, 3.4057e-03, 6.5798e-01],
        [3.4759e-05, 1.8856e-04, 9.8822e-01, 1.6060e-04, 1.3194e-04, 6.5933e-06,
         2.3209e-06, 1.0681e-02, 1.6846e-05, 5.5572e-04],
        [1.3689e-05, 3.6109e-05, 2.4527e-04, 2.5789e-04, 9.9893e-01, 3.2071e-04,
         1.8017e-04, 1.6391e-05, 2.6922e-06, 5.4275e-07],
        [1.8561e-05, 3.6493e-06, 3.5905e-07, 7.0941e-06, 2.0047e-06, 2.2400e-06,
         4.3236e-07, 2.6209e-06, 9.9996e-01, 9.0204e-07],
        [5.7926e-01, 6.5376e-03, 3.4444e-04, 5.3852e-04, 7.5944e-03, 2.0818e-02,
         1.1374e-03, 3.7936e-01, 4.0219e-03, 3.8354e-04],
        [1.9569e-04, 1.6583e-05, 6.7401e-05, 8.6414e-05, 8.0915e-05, 1.9099e-04,
         9.9659e-01, 2.6068e-04, 1.0363e-04, 2.4128e-03],
        [6.2981e-02, 3.8451e-04, 9.5368e-04, 9.3487e-01, 1.9901e-04, 4.6147e-05,
         3.5248e-04, 1.0102e-04, 8.3093e-05, 3.2610e-05],
        [8.9711e-03, 4.8719e-01, 3.3630e-02, 3.4815e-03, 2.4858e-01, 2.6664e-02,
         6.8485e-03, 5.5517e-02, 3.9611e-02, 8.9513e-02],
        [1.1933e-03, 7.2028e-06, 1.0954e-04, 8.0127e-05, 7.0498e-03, 3.9472e-03,
         1.6950e-03, 2.1018e-03, 9.8376e-01, 5.2660e-05],
        [2.4412e-03, 9.6498e-01, 1.6824e-04, 2.7315e-04, 6.6360e-04, 7.1305e-04,
         4.5884e-04, 1.3545e-02, 1.5529e-02, 1.2248e-03],
        [8.9145e-01, 1.4071e-04, 9.7479e-03, 3.4418e-02, 1.0729e-03, 3.0188e-03,
         2.8272e-03, 5.6971e-02, 3.4922e-04, 3.0747e-06],
        [2.3735e-05, 3.5193e-06, 6.7128e-04, 2.6467e-02, 5.9166e-05, 9.9658e-05,
         1.4644e-05, 3.1961e-04, 3.7703e-05, 9.7230e-01],
        [9.7576e-01, 1.4199e-03, 1.2577e-04, 7.8842e-05, 3.7299e-03, 5.1594e-03,
         5.2919e-05, 1.5900e-03, 6.0184e-03, 6.0670e-03],
        [2.5923e-04, 3.9539e-03, 6.8627e-01, 9.3470e-05, 5.6870e-04, 3.8393e-04,
         2.9431e-01, 1.2010e-02, 1.4003e-06, 2.1469e-03],
        [1.3804e-05, 4.4477e-06, 3.0726e-05, 8.1666e-05, 5.7849e-05, 1.9079e-05,
         2.9900e-06, 8.0813e-05, 1.1042e-04, 9.9960e-01],
        [7.7518e-04, 1.0580e-03, 1.0567e-05, 1.1050e-04, 1.2740e-03, 1.5555e-03,
         9.9105e-01, 1.1265e-03, 2.7039e-03, 3.3952e-04],
        [3.5456e-05, 8.1681e-01, 7.6319e-03, 2.5170e-02, 9.7961e-05, 1.3442e-01,
         8.1983e-04, 1.0988e-02, 2.8892e-03, 1.1343e-03],
        [2.6836e-03, 2.3776e-05, 6.7728e-05, 1.1008e-04, 4.0737e-04, 7.6985e-05,
         2.2578e-04, 9.9619e-01, 1.0845e-04, 1.0565e-04],
        [9.6119e-02, 2.1942e-04, 7.3976e-04, 1.0412e-02, 5.9770e-04, 4.6004e-04,
         1.1685e-02, 5.9786e-04, 8.7659e-01, 2.5777e-03],
        [1.5916e-02, 2.8903e-03, 1.4248e-02, 5.3450e-04, 3.5794e-03, 4.7673e-04,
         4.6534e-04, 1.3202e-02, 5.0149e-03, 9.4367e-01],
        [8.8490e-01, 7.3824e-04, 6.4037e-02, 2.6593e-04, 6.2947e-04, 8.7715e-05,
         2.4815e-03, 4.2446e-02, 4.0665e-03, 3.4777e-04],
        [2.0948e-03, 6.2408e-05, 1.6275e-05, 6.4026e-05, 7.1615e-06, 9.8684e-01,
         6.6239e-03, 3.7558e-03, 2.6024e-05, 5.1280e-04],
        [4.9884e-05, 4.5122e-06, 8.0366e-03, 4.2758e-04, 9.6145e-05, 5.8614e-03,
         3.2098e-04, 1.9158e-05, 2.7038e-04, 9.8491e-01],
        [1.6585e-03, 8.8421e-04, 1.4822e-03, 9.7365e-01, 4.4991e-03, 2.4349e-03,
         1.4457e-02, 5.3495e-04, 3.7729e-04, 2.4909e-05],
        [2.3190e-05, 5.1786e-04, 3.0297e-05, 1.3697e-04, 4.9689e-05, 9.9823e-01,
         3.3949e-05, 6.1951e-06, 2.8239e-04, 6.9058e-04],
        [3.3470e-06, 1.4594e-04, 1.2034e-05, 2.1700e-05, 1.8638e-05, 2.1208e-05,
         3.9421e-05, 4.3201e-05, 9.9969e-01, 2.8822e-06],
        [3.2880e-04, 2.0261e-03, 1.5432e-03, 1.9513e-03, 1.9448e-01, 4.6611e-02,
         4.7348e-03, 6.1518e-01, 7.5673e-03, 1.2557e-01],
        [4.9001e-06, 5.9057e-03, 7.5582e-03, 7.1763e-04, 5.4080e-04, 2.2048e-02,
         2.6680e-03, 1.5438e-04, 3.1207e-04, 9.6009e-01],
        [1.7892e-03, 3.1496e-03, 9.1845e-03, 9.3202e-01, 1.3326e-02, 3.4950e-02,
         2.0763e-03, 6.7410e-04, 2.2618e-03, 5.6704e-04],
        [3.0850e-04, 1.6102e-05, 3.5496e-04, 1.7776e-04, 4.2016e-05, 9.9812e-05,
         1.2467e-04, 9.9872e-01, 7.9649e-05, 7.8108e-05],
        [9.9531e-01, 3.3101e-04, 8.6742e-05, 1.5387e-03, 1.6702e-03, 9.5033e-05,
         1.5513e-04, 2.1555e-05, 6.0344e-04, 1.8773e-04],
        [7.4432e-04, 4.8968e-02, 1.3459e-03, 7.6561e-04, 6.6829e-02, 1.0014e-04,
         8.7616e-01, 1.1600e-03, 2.3719e-03, 1.5502e-03],
        [9.8121e-04, 2.3903e-04, 9.9810e-01, 4.5865e-05, 1.7980e-05, 1.1588e-04,
         1.8047e-04, 2.7149e-05, 2.8332e-04, 9.5118e-06],
        [4.0157e-05, 2.0807e-03, 8.1246e-04, 1.8823e-02, 9.4097e-01, 1.8738e-04,
         2.1411e-03, 7.7939e-03, 3.7053e-05, 2.7114e-02],
        [1.6449e-04, 6.8858e-03, 3.5626e-03, 1.9971e-02, 1.2422e-04, 9.3982e-01,
         1.7232e-03, 4.8363e-03, 2.2465e-02, 4.4771e-04],
        [7.6105e-01, 2.6647e-04, 4.0025e-03, 1.3386e-03, 1.2671e-02, 2.0831e-01,
         5.3559e-04, 8.3235e-05, 8.6884e-03, 3.0632e-03],
        [3.6455e-05, 9.3900e-01, 6.2736e-04, 5.3288e-02, 2.2790e-04, 3.8809e-03,
         5.9199e-04, 1.0301e-03, 6.4780e-04, 6.6960e-04],
        [7.5588e-04, 4.9606e-03, 1.4192e-02, 1.3705e-02, 8.2142e-01, 1.0758e-02,
         6.0330e-02, 5.3006e-02, 2.0674e-02, 1.9847e-04],
        [9.7452e-05, 1.2091e-05, 4.8752e-05, 9.9922e-01, 5.0601e-06, 1.5651e-04,
         6.9039e-05, 2.2359e-05, 2.5538e-04, 1.1221e-04],
        [1.4434e-01, 2.0627e-02, 7.1287e-03, 5.0890e-01, 4.2286e-04, 2.1247e-01,
         6.8080e-02, 3.9831e-04, 7.4958e-04, 3.6882e-02],
        [1.9179e-04, 2.9913e-04, 3.9672e-04, 8.0925e-04, 5.8102e-04, 3.7316e-03,
         1.2108e-03, 5.9314e-04, 9.9215e-01, 3.6598e-05],
        [8.0543e-05, 2.9912e-03, 2.9911e-03, 1.8646e-04, 8.3744e-04, 1.2843e-04,
         9.3774e-05, 9.9226e-01, 4.6182e-05, 3.8904e-04],
        [1.5853e-03, 2.6002e-04, 9.1167e-01, 6.4324e-03, 1.8895e-04, 3.9214e-04,
         7.7819e-02, 1.2528e-04, 1.0707e-05, 1.5134e-03],
        [9.6416e-01, 1.3372e-05, 1.9514e-05, 6.8677e-03, 1.3739e-02, 4.4047e-03,
         1.1069e-04, 4.0991e-04, 2.5546e-03, 7.7226e-03],
        [4.4778e-04, 9.7253e-01, 2.8426e-04, 6.5999e-04, 4.6102e-03, 1.1424e-03,
         1.0475e-02, 4.3719e-05, 9.6988e-03, 1.0705e-04],
        [2.5869e-04, 9.9877e-01, 8.9876e-05, 5.0214e-04, 1.2459e-05, 7.2440e-06,
         3.0627e-06, 3.7534e-05, 1.2934e-06, 3.1801e-04]],
       device='cuda:0', grad_fn=<SoftmaxBackward>)
>> best accuracy: 98.63333333333333	best epoch: 5

>> final recovery rate: 62.49444444444444%
>> val epoch: 35
>> current accuracy: 72.66666666666667%
outputs: tensor([[1.3783e-03, 2.7273e-04, 1.7642e-04, 4.7289e-05, 5.1470e-04, 4.2278e-04,
