noise type: uniform
noise level: 0.6
when_to_apply_epoch: 15
total clean data num: 21582
probability transition matrix:
[[0.4        0.06666667 0.06666667 0.06666667 0.06666667 0.06666667
  0.06666667 0.06666667 0.06666667 0.06666667]
 [0.06666667 0.4        0.06666667 0.06666667 0.06666667 0.06666667
  0.06666667 0.06666667 0.06666667 0.06666667]
 [0.06666667 0.06666667 0.4        0.06666667 0.06666667 0.06666667
  0.06666667 0.06666667 0.06666667 0.06666667]
 [0.06666667 0.06666667 0.06666667 0.4        0.06666667 0.06666667
  0.06666667 0.06666667 0.06666667 0.06666667]
 [0.06666667 0.06666667 0.06666667 0.06666667 0.4        0.06666667
  0.06666667 0.06666667 0.06666667 0.06666667]
 [0.06666667 0.06666667 0.06666667 0.06666667 0.06666667 0.4
  0.06666667 0.06666667 0.06666667 0.06666667]
 [0.06666667 0.06666667 0.06666667 0.06666667 0.06666667 0.06666667
  0.4        0.06666667 0.06666667 0.06666667]
 [0.06666667 0.06666667 0.06666667 0.06666667 0.06666667 0.06666667
  0.06666667 0.4        0.06666667 0.06666667]
 [0.06666667 0.06666667 0.06666667 0.06666667 0.06666667 0.06666667
  0.06666667 0.06666667 0.4        0.06666667]
 [0.06666667 0.06666667 0.06666667 0.06666667 0.06666667 0.06666667
  0.06666667 0.06666667 0.06666667 0.4       ]]
>> val epoch: 0
>> current accuracy: 75.31666666666666%
outputs: tensor([[0.0716, 0.0554, 0.0905, 0.1280, 0.0942, 0.1952, 0.0638, 0.0710, 0.1665,
         0.0637],
        [0.0842, 0.0666, 0.0797, 0.0750, 0.1235, 0.0695, 0.0851, 0.1682, 0.1396,
         0.1087],
        [0.0655, 0.0405, 0.1196, 0.1457, 0.0645, 0.0530, 0.0605, 0.1393, 0.2700,
         0.0414],
        [0.3204, 0.0604, 0.0662, 0.0882, 0.1035, 0.0661, 0.0649, 0.0740, 0.0912,
         0.0651],
        [0.0998, 0.0712, 0.1024, 0.1040, 0.1251, 0.1198, 0.0782, 0.0899, 0.1026,
         0.1069],
        [0.0875, 0.0296, 0.0542, 0.0663, 0.4988, 0.0429, 0.0326, 0.0622, 0.0595,
         0.0664],
        [0.1038, 0.0793, 0.1213, 0.0893, 0.1516, 0.0847, 0.1435, 0.0661, 0.0987,
         0.0616],
        [0.0523, 0.0529, 0.0924, 0.0354, 0.0392, 0.0539, 0.0558, 0.0454, 0.5414,
         0.0315],
        [0.0627, 0.0185, 0.0312, 0.0675, 0.0877, 0.0252, 0.0488, 0.5487, 0.0455,
         0.0641],
        [0.1402, 0.0711, 0.1047, 0.0835, 0.1433, 0.0740, 0.1747, 0.0668, 0.0847,
         0.0571],
        [0.0482, 0.0276, 0.0403, 0.0872, 0.1181, 0.0208, 0.0533, 0.5016, 0.0479,
         0.0549],
        [0.0854, 0.0365, 0.5136, 0.0362, 0.0475, 0.0472, 0.0915, 0.0520, 0.0585,
         0.0315],
        [0.3230, 0.0337, 0.0233, 0.0783, 0.0392, 0.0810, 0.0369, 0.2087, 0.0722,
         0.1037],
        [0.0976, 0.0605, 0.0973, 0.0843, 0.1461, 0.0838, 0.0851, 0.1391, 0.0968,
         0.1093],
        [0.0838, 0.0530, 0.0845, 0.1330, 0.1561, 0.1620, 0.0616, 0.0770, 0.0978,
         0.0913],
        [0.0675, 0.2441, 0.0789, 0.0993, 0.1208, 0.0773, 0.0728, 0.0740, 0.0895,
         0.0759],
        [0.1171, 0.0179, 0.0249, 0.0603, 0.0696, 0.0388, 0.0489, 0.4777, 0.0584,
         0.0863],
        [0.0912, 0.0602, 0.0895, 0.0823, 0.1290, 0.0708, 0.0858, 0.1717, 0.1229,
         0.0966],
        [0.0618, 0.0329, 0.0929, 0.4100, 0.0754, 0.0589, 0.0403, 0.1222, 0.0599,
         0.0458],
        [0.0475, 0.0289, 0.1517, 0.4714, 0.0586, 0.0578, 0.0378, 0.0740, 0.0409,
         0.0314],
        [0.0724, 0.0413, 0.1141, 0.3202, 0.0841, 0.0702, 0.0523, 0.1196, 0.0702,
         0.0555],
        [0.0642, 0.2689, 0.0762, 0.0970, 0.1145, 0.0739, 0.0700, 0.0731, 0.0878,
         0.0746],
        [0.0889, 0.0906, 0.1249, 0.0694, 0.0971, 0.0779, 0.1419, 0.0643, 0.1931,
         0.0517],
        [0.1339, 0.0767, 0.1124, 0.0922, 0.1119, 0.0924, 0.0769, 0.0930, 0.1209,
         0.0896],
        [0.0687, 0.0419, 0.4659, 0.0656, 0.0606, 0.0567, 0.0919, 0.0586, 0.0532,
         0.0370],
        [0.6350, 0.0179, 0.0180, 0.0511, 0.0201, 0.0631, 0.0325, 0.0539, 0.0609,
         0.0474],
        [0.2702, 0.0308, 0.0214, 0.0740, 0.0444, 0.0675, 0.0378, 0.2830, 0.0680,
         0.1029],
        [0.0759, 0.0536, 0.0903, 0.1542, 0.1219, 0.1867, 0.0620, 0.0745, 0.1131,
         0.0679],
        [0.0552, 0.0263, 0.0483, 0.0955, 0.1219, 0.0244, 0.0602, 0.4566, 0.0538,
         0.0578],
        [0.0647, 0.2595, 0.0767, 0.0970, 0.1199, 0.0750, 0.0695, 0.0749, 0.0871,
         0.0759],
        [0.0869, 0.0872, 0.1035, 0.0760, 0.1565, 0.0737, 0.0803, 0.0692, 0.2138,
         0.0531],
        [0.2889, 0.0636, 0.0578, 0.0979, 0.0666, 0.0963, 0.0835, 0.0715, 0.1002,
         0.0738],
        [0.2739, 0.0696, 0.0796, 0.0929, 0.0815, 0.0800, 0.0754, 0.0727, 0.1019,
         0.0725],
        [0.0784, 0.0513, 0.0834, 0.1388, 0.1234, 0.1946, 0.0633, 0.0811, 0.1052,
         0.0804],
        [0.0790, 0.0550, 0.0958, 0.1444, 0.1453, 0.1764, 0.0654, 0.0731, 0.0915,
         0.0741],
        [0.0591, 0.3019, 0.0707, 0.0934, 0.1103, 0.0695, 0.0674, 0.0718, 0.0838,
         0.0720],
        [0.1261, 0.0632, 0.0668, 0.0827, 0.1230, 0.0623, 0.0754, 0.1826, 0.0968,
         0.1211],
        [0.0740, 0.0654, 0.0996, 0.0582, 0.0970, 0.0836, 0.0681, 0.0607, 0.3314,
         0.0621],
        [0.0773, 0.0653, 0.1341, 0.0772, 0.0608, 0.0733, 0.0750, 0.0822, 0.3014,
         0.0535],
        [0.1825, 0.0619, 0.0877, 0.1256, 0.1386, 0.0907, 0.0611, 0.0786, 0.0942,
         0.0791],
        [0.1169, 0.0759, 0.2134, 0.0782, 0.0842, 0.0922, 0.1109, 0.0671, 0.0876,
         0.0735],
        [0.0321, 0.0316, 0.0689, 0.0191, 0.0204, 0.0296, 0.0390, 0.0403, 0.7007,
         0.0183],
        [0.0580, 0.0373, 0.2294, 0.3138, 0.0703, 0.0681, 0.0580, 0.0772, 0.0483,
         0.0397],
        [0.0581, 0.0367, 0.5175, 0.0596, 0.0542, 0.0502, 0.0881, 0.0545, 0.0498,
         0.0313],
        [0.4194, 0.0432, 0.0415, 0.0809, 0.0560, 0.0779, 0.0641, 0.0699, 0.0846,
         0.0624],
        [0.1653, 0.0161, 0.0216, 0.0653, 0.0526, 0.0529, 0.0431, 0.4230, 0.0614,
         0.0987],
        [0.1075, 0.0770, 0.1174, 0.0820, 0.1534, 0.0765, 0.1769, 0.0638, 0.0898,
         0.0556],
        [0.0815, 0.0440, 0.3530, 0.1322, 0.0720, 0.0672, 0.0842, 0.0714, 0.0498,
         0.0447]], device='cuda:0', grad_fn=<SoftmaxBackward>)
>> best accuracy: 75.31666666666666	best epoch: 0

>> final recovery rate: 39.96666666666667%
>> val epoch: 5
>> current accuracy: 96.93333333333334%
outputs: tensor([[0.0664, 0.0656, 0.3739, 0.0581, 0.0697, 0.0630, 0.1033, 0.0619, 0.0691,
         0.0691],
        [0.0782, 0.0586, 0.0950, 0.0574, 0.3563, 0.0720, 0.0757, 0.0654, 0.0841,
         0.0573],
        [0.0854, 0.0680, 0.0960, 0.0586, 0.1782, 0.0793, 0.0933, 0.1762, 0.0952,
         0.0698],
        [0.0699, 0.0740, 0.0736, 0.0461, 0.0616, 0.0609, 0.0791, 0.0828, 0.4037,
         0.0483],
        [0.0619, 0.0619, 0.4186, 0.0555, 0.0654, 0.0587, 0.0995, 0.0489, 0.0648,
         0.0648],
        [0.0699, 0.0679, 0.1009, 0.0689, 0.0893, 0.2471, 0.1237, 0.0761, 0.0804,
         0.0759],
        [0.0829, 0.0743, 0.0841, 0.2726, 0.0756, 0.0676, 0.0982, 0.0539, 0.1054,
         0.0854],
        [0.0656, 0.0648, 0.3801, 0.0682, 0.0682, 0.0613, 0.1028, 0.0503, 0.0700,
         0.0686],
        [0.0767, 0.0555, 0.0929, 0.0521, 0.3614, 0.0696, 0.0718, 0.0650, 0.1032,
         0.0519],
        [0.0581, 0.3327, 0.0770, 0.0685, 0.0700, 0.0836, 0.0967, 0.0767, 0.0757,
         0.0609],
        [0.0661, 0.0661, 0.3780, 0.0612, 0.0698, 0.0624, 0.1038, 0.0530, 0.0703,
         0.0693],
        [0.0591, 0.3238, 0.0780, 0.0694, 0.0711, 0.0841, 0.0978, 0.0776, 0.0770,
         0.0621],
        [0.0620, 0.0580, 0.0519, 0.0383, 0.0677, 0.0661, 0.0671, 0.0498, 0.0676,
         0.4716],
        [0.0706, 0.0603, 0.0722, 0.0460, 0.0638, 0.0658, 0.0793, 0.4095, 0.0652,
         0.0674],
        [0.3606, 0.0565, 0.0914, 0.0570, 0.0427, 0.0741, 0.1036, 0.0581, 0.0813,
         0.0746],
        [0.0865, 0.0772, 0.0947, 0.0825, 0.0803, 0.0762, 0.1078, 0.1425, 0.1768,
         0.0754],
        [0.0625, 0.1097, 0.3349, 0.0601, 0.0687, 0.0682, 0.1057, 0.0561, 0.0686,
         0.0654],
        [0.0635, 0.0609, 0.0971, 0.0643, 0.0838, 0.2988, 0.1206, 0.0696, 0.0722,
         0.0693],
        [0.0705, 0.0602, 0.0721, 0.0459, 0.0637, 0.0657, 0.0792, 0.4103, 0.0651,
         0.0673],
        [0.0467, 0.0504, 0.0648, 0.0602, 0.0626, 0.0607, 0.4784, 0.0497, 0.0656,
         0.0610],
        [0.4456, 0.0469, 0.0828, 0.0476, 0.0331, 0.0665, 0.0935, 0.0487, 0.0702,
         0.0652],
        [0.0560, 0.3504, 0.0750, 0.0666, 0.0679, 0.0825, 0.0947, 0.0750, 0.0732,
         0.0587],
        [0.0579, 0.3345, 0.0768, 0.0683, 0.0698, 0.0835, 0.0965, 0.0765, 0.0755,
         0.0607],
        [0.0674, 0.1670, 0.0925, 0.0650, 0.0765, 0.1949, 0.1173, 0.0763, 0.0785,
         0.0646],
        [0.4000, 0.0519, 0.0876, 0.0526, 0.0380, 0.0707, 0.0991, 0.0537, 0.0762,
         0.0703],
        [0.0732, 0.0650, 0.0754, 0.0533, 0.0635, 0.0607, 0.0806, 0.0811, 0.3957,
         0.0515],
        [0.0852, 0.0775, 0.0872, 0.2446, 0.0791, 0.0705, 0.1017, 0.0582, 0.1079,
         0.0881],
        [0.0706, 0.0603, 0.0722, 0.0461, 0.0638, 0.0658, 0.0794, 0.4092, 0.0652,
         0.0674],
        [0.0718, 0.0635, 0.0738, 0.0509, 0.0619, 0.0594, 0.0788, 0.0802, 0.4098,
         0.0497],
        [0.0648, 0.0644, 0.3894, 0.0632, 0.0679, 0.0609, 0.1022, 0.0506, 0.0688,
         0.0678],
        [0.0781, 0.0584, 0.0949, 0.0573, 0.3577, 0.0719, 0.0755, 0.0653, 0.0839,
         0.0571],
        [0.0838, 0.0746, 0.0908, 0.0622, 0.1034, 0.0793, 0.1054, 0.2325, 0.0893,
         0.0787],
        [0.0645, 0.0773, 0.3603, 0.0806, 0.0665, 0.0625, 0.1028, 0.0485, 0.0700,
         0.0671],
        [0.0857, 0.0783, 0.0878, 0.2384, 0.0800, 0.0711, 0.1024, 0.0592, 0.1084,
         0.0887],
        [0.0616, 0.3039, 0.0803, 0.0716, 0.0735, 0.0853, 0.1001, 0.0794, 0.0798,
         0.0646],
        [0.4339, 0.0481, 0.0841, 0.0489, 0.0343, 0.0676, 0.0950, 0.0499, 0.0717,
         0.0665],
        [0.0579, 0.3343, 0.0768, 0.0683, 0.0698, 0.0835, 0.0965, 0.0766, 0.0755,
         0.0607],
        [0.0627, 0.0616, 0.4077, 0.0623, 0.0647, 0.0586, 0.0992, 0.0480, 0.0708,
         0.0644],
        [0.0630, 0.0621, 0.4052, 0.0540, 0.0651, 0.0591, 0.0992, 0.0508, 0.0784,
         0.0630],
        [0.0715, 0.0628, 0.0734, 0.0539, 0.0612, 0.0590, 0.0804, 0.0782, 0.4102,
         0.0495],
        [0.0588, 0.0626, 0.0771, 0.0714, 0.0748, 0.0705, 0.3699, 0.0617, 0.0799,
         0.0732],
        [0.4740, 0.0438, 0.0797, 0.0446, 0.0302, 0.0638, 0.0898, 0.0457, 0.0664,
         0.0620],
        [0.0571, 0.0610, 0.0755, 0.0700, 0.0732, 0.0693, 0.3842, 0.0600, 0.0780,
         0.0716],
        [0.0610, 0.1114, 0.3439, 0.0599, 0.0671, 0.0673, 0.1044, 0.0544, 0.0668,
         0.0638],
        [0.4721, 0.0440, 0.0799, 0.0448, 0.0304, 0.0640, 0.0900, 0.0459, 0.0667,
         0.0622],
        [0.0815, 0.0554, 0.0760, 0.0642, 0.0616, 0.0691, 0.3938, 0.0552, 0.0742,
         0.0691],
        [0.0840, 0.0758, 0.0855, 0.2598, 0.0772, 0.0689, 0.0998, 0.0558, 0.1066,
         0.0867],
        [0.0804, 0.0714, 0.0799, 0.0534, 0.0785, 0.0777, 0.0954, 0.2613, 0.0830,
         0.1190]], device='cuda:0', grad_fn=<SoftmaxBackward>)
>> best accuracy: 96.93333333333334	best epoch: 5

>> final recovery rate: 39.96666666666667%
>> val epoch: 10
>> current accuracy: 97.71666666666667%
outputs: tensor([[0.0744, 0.0714, 0.0767, 0.3857, 0.0412, 0.0651, 0.0609, 0.0621, 0.0901,
         0.0725],
        [0.0658, 0.0736, 0.0639, 0.0506, 0.0679, 0.1081, 0.0808, 0.0718, 0.0695,
         0.3480],
        [0.0690, 0.0572, 0.0679, 0.0686, 0.0655, 0.0592, 0.0626, 0.4228, 0.0510,
         0.0760],
        [0.0667, 0.0640, 0.0812, 0.0574, 0.0539, 0.0622, 0.0615, 0.0797, 0.4232,
         0.0501],
        [0.0641, 0.3964, 0.0779, 0.0617, 0.0749, 0.0682, 0.0668, 0.0608, 0.0778,
         0.0515],
        [0.0559, 0.4746, 0.0700, 0.0381, 0.0774, 0.0558, 0.0606, 0.0548, 0.0694,
         0.0433],
        [0.0828, 0.0693, 0.0574, 0.0446, 0.3915, 0.0869, 0.0510, 0.0680, 0.0867,
         0.0619],
        [0.0648, 0.0726, 0.0631, 0.0495, 0.0669, 0.1078, 0.0801, 0.0707, 0.0684,
         0.3560],
        [0.0648, 0.0725, 0.0631, 0.0495, 0.0669, 0.1078, 0.0801, 0.0707, 0.0684,
         0.3562],
        [0.0827, 0.0683, 0.0578, 0.0720, 0.0749, 0.3260, 0.0800, 0.0926, 0.0635,
         0.0822],
        [0.0666, 0.0739, 0.0642, 0.0503, 0.0724, 0.1090, 0.0804, 0.0720, 0.0703,
         0.3408],
        [0.0749, 0.0720, 0.0770, 0.3811, 0.0417, 0.0656, 0.0614, 0.0627, 0.0907,
         0.0730],
        [0.0755, 0.0725, 0.0773, 0.3750, 0.0424, 0.0675, 0.0620, 0.0635, 0.0909,
         0.0736],
        [0.0728, 0.0789, 0.0679, 0.0544, 0.0890, 0.1115, 0.0820, 0.0771, 0.0770,
         0.2894],
        [0.0799, 0.0769, 0.0796, 0.3324, 0.0474, 0.0765, 0.0666, 0.0692, 0.0938,
         0.0778],
        [0.0820, 0.0683, 0.0567, 0.0437, 0.3990, 0.0862, 0.0502, 0.0670, 0.0858,
         0.0611],
        [0.0740, 0.0710, 0.0764, 0.3889, 0.0408, 0.0648, 0.0605, 0.0617, 0.0898,
         0.0722],
        [0.0834, 0.0702, 0.0581, 0.0454, 0.3846, 0.0875, 0.0518, 0.0689, 0.0875,
         0.0626],
        [0.0829, 0.0695, 0.0576, 0.0448, 0.3898, 0.0870, 0.0512, 0.0682, 0.0869,
         0.0621],
        [0.0825, 0.0816, 0.0905, 0.1007, 0.0650, 0.0776, 0.0748, 0.0912, 0.2676,
         0.0683],
        [0.0805, 0.0652, 0.0555, 0.0693, 0.0724, 0.3482, 0.0780, 0.0902, 0.0603,
         0.0802],
        [0.0669, 0.0643, 0.0813, 0.0576, 0.0541, 0.0625, 0.0618, 0.0800, 0.4212,
         0.0504],
        [0.0874, 0.0757, 0.0623, 0.0508, 0.3426, 0.0908, 0.0566, 0.0744, 0.0922,
         0.0672],
        [0.0752, 0.0687, 0.0740, 0.0675, 0.0733, 0.0877, 0.0775, 0.2497, 0.0623,
         0.1641],
        [0.0731, 0.0698, 0.0757, 0.3977, 0.0398, 0.0638, 0.0596, 0.0605, 0.0888,
         0.0713],
        [0.0913, 0.0912, 0.0785, 0.0674, 0.0655, 0.0903, 0.2731, 0.0887, 0.0738,
         0.0803],
        [0.0722, 0.0689, 0.0751, 0.4052, 0.0389, 0.0630, 0.0587, 0.0595, 0.0879,
         0.0705],
        [0.0683, 0.0761, 0.0657, 0.0528, 0.0722, 0.1092, 0.0821, 0.0743, 0.0723,
         0.3271],
        [0.4150, 0.0750, 0.0556, 0.0585, 0.0504, 0.0597, 0.0707, 0.0732, 0.0687,
         0.0732],
        [0.0674, 0.0648, 0.0816, 0.0581, 0.0546, 0.0629, 0.0622, 0.0805, 0.4171,
         0.0508],
        [0.0750, 0.0718, 0.0808, 0.3750, 0.0433, 0.0661, 0.0607, 0.0627, 0.0913,
         0.0733],
        [0.0824, 0.0689, 0.0571, 0.0442, 0.3946, 0.0866, 0.0506, 0.0676, 0.0863,
         0.0615],
        [0.0908, 0.0905, 0.0781, 0.0666, 0.0648, 0.0899, 0.2783, 0.0881, 0.0730,
         0.0798],
        [0.0626, 0.0696, 0.3641, 0.0711, 0.0746, 0.0705, 0.0457, 0.0766, 0.0883,
         0.0770],
        [0.0661, 0.0501, 0.0620, 0.0632, 0.0613, 0.0806, 0.0604, 0.4384, 0.0437,
         0.0742],
        [0.0646, 0.0724, 0.0630, 0.0494, 0.0668, 0.1078, 0.0800, 0.0706, 0.0682,
         0.3572],
        [0.4110, 0.0755, 0.0560, 0.0590, 0.0509, 0.0601, 0.0711, 0.0737, 0.0692,
         0.0736],
        [0.0827, 0.0692, 0.0573, 0.0445, 0.3925, 0.0868, 0.0509, 0.0678, 0.0866,
         0.0618],
        [0.4147, 0.0751, 0.0556, 0.0585, 0.0505, 0.0597, 0.0707, 0.0733, 0.0687,
         0.0732],
        [0.0756, 0.0728, 0.0775, 0.3747, 0.0425, 0.0663, 0.0620, 0.0636, 0.0914,
         0.0736],
        [0.0828, 0.0694, 0.0575, 0.0447, 0.3908, 0.0869, 0.0511, 0.0681, 0.0868,
         0.0619],
        [0.0617, 0.0686, 0.3721, 0.0702, 0.0738, 0.0697, 0.0448, 0.0756, 0.0874,
         0.0762],
        [0.0766, 0.0600, 0.0515, 0.0648, 0.0682, 0.3869, 0.0745, 0.0859, 0.0550,
         0.0766],
        [0.0893, 0.0866, 0.0826, 0.0642, 0.0619, 0.0876, 0.2586, 0.0885, 0.1058,
         0.0749],
        [0.0916, 0.0917, 0.0788, 0.0680, 0.0661, 0.0906, 0.2688, 0.0893, 0.0745,
         0.0807],
        [0.0590, 0.0649, 0.3954, 0.0661, 0.0755, 0.0675, 0.0416, 0.0719, 0.0846,
         0.0734],
        [0.0828, 0.0694, 0.0575, 0.0447, 0.3908, 0.0869, 0.0511, 0.0681, 0.0868,
         0.0619],
        [0.4180, 0.0738, 0.0549, 0.0563, 0.0553, 0.0600, 0.0690, 0.0720, 0.0685,
         0.0722]], device='cuda:0', grad_fn=<SoftmaxBackward>)
>> best accuracy: 97.71666666666667	best epoch: 10

>> final recovery rate: 39.96666666666667%
>> val epoch: 15
>> current accuracy: 96.91666666666666%
outputs: tensor([[0.0719, 0.0612, 0.3461, 0.0598, 0.0635, 0.0665, 0.0688, 0.0547, 0.1089,
         0.0987],
        [0.0775, 0.0874, 0.1924, 0.0734, 0.0855, 0.0711, 0.0856, 0.1305, 0.0860,
         0.1106],
        [0.0702, 0.0649, 0.0778, 0.0609, 0.0520, 0.0643, 0.3756, 0.0757, 0.0683,
         0.0902],
        [0.0869, 0.0561, 0.0725, 0.0554, 0.0366, 0.0591, 0.0638, 0.0561, 0.4525,
         0.0611],
        [0.0483, 0.0442, 0.0695, 0.0474, 0.0568, 0.0504, 0.0637, 0.0507, 0.0667,
         0.5024],
        [0.0670, 0.3599, 0.0935, 0.0612, 0.0543, 0.0588, 0.1059, 0.0473, 0.0662,
         0.0858],
        [0.0527, 0.0600, 0.0755, 0.0617, 0.0557, 0.0527, 0.0655, 0.4364, 0.0567,
         0.0832],
        [0.4421, 0.0604, 0.0879, 0.0485, 0.0477, 0.0441, 0.0621, 0.0453, 0.0793,
         0.0826],
        [0.0858, 0.0548, 0.0713, 0.0542, 0.0354, 0.0581, 0.0625, 0.0550, 0.4633,
         0.0596],
        [0.0527, 0.0600, 0.0755, 0.0617, 0.0557, 0.0527, 0.0655, 0.4365, 0.0567,
         0.0831],
        [0.0690, 0.3462, 0.0985, 0.0592, 0.0685, 0.0572, 0.1041, 0.0466, 0.0648,
         0.0859],
        [0.0540, 0.0620, 0.0758, 0.0630, 0.0571, 0.0626, 0.0673, 0.4164, 0.0568,
         0.0850],
        [0.0603, 0.0489, 0.0780, 0.0525, 0.0541, 0.0576, 0.0693, 0.0566, 0.1262,
         0.3965],
        [0.0732, 0.0571, 0.0705, 0.3846, 0.0686, 0.0601, 0.0760, 0.0548, 0.0805,
         0.0747],
        [0.0677, 0.0608, 0.3746, 0.0590, 0.0669, 0.0649, 0.0677, 0.0531, 0.0845,
         0.1009],
        [0.0793, 0.0757, 0.0862, 0.0704, 0.0631, 0.0711, 0.2942, 0.0814, 0.0788,
         0.0998],
        [0.0670, 0.3605, 0.0935, 0.0612, 0.0542, 0.0588, 0.1058, 0.0472, 0.0661,
         0.0857],
        [0.0782, 0.0617, 0.0619, 0.0556, 0.0394, 0.2703, 0.0665, 0.0578, 0.2437,
         0.0650],
        [0.0705, 0.0653, 0.0781, 0.0613, 0.0524, 0.0646, 0.3727, 0.0760, 0.0687,
         0.0906],
        [0.0940, 0.0692, 0.1092, 0.0628, 0.2997, 0.0561, 0.0774, 0.0626, 0.0752,
         0.0938],
        [0.0535, 0.0669, 0.0476, 0.0539, 0.0556, 0.4950, 0.0642, 0.0524, 0.0408,
         0.0702],
        [0.0707, 0.0655, 0.0783, 0.0615, 0.0526, 0.0647, 0.3708, 0.0761, 0.0690,
         0.0908],
        [0.0796, 0.0721, 0.0851, 0.0677, 0.0576, 0.0702, 0.3002, 0.0800, 0.0917,
         0.0957],
        [0.0713, 0.0661, 0.0788, 0.0620, 0.0532, 0.0651, 0.3661, 0.0765, 0.0695,
         0.0914],
        [0.0878, 0.0573, 0.0736, 0.0565, 0.0376, 0.0600, 0.0650, 0.0570, 0.4429,
         0.0624],
        [0.0898, 0.0618, 0.1067, 0.0562, 0.3525, 0.0504, 0.0705, 0.0570, 0.0681,
         0.0869],
        [0.0864, 0.0556, 0.0719, 0.0549, 0.0360, 0.0587, 0.0632, 0.0556, 0.4573,
         0.0604],
        [0.0647, 0.0591, 0.0870, 0.0610, 0.0841, 0.0612, 0.0782, 0.0693, 0.0800,
         0.3554],
        [0.0908, 0.0634, 0.1074, 0.0576, 0.3409, 0.0517, 0.0720, 0.0582, 0.0696,
         0.0885],
        [0.0706, 0.0654, 0.0782, 0.0614, 0.0525, 0.0647, 0.3717, 0.0760, 0.0688,
         0.0907],
        [0.0497, 0.0456, 0.0709, 0.0487, 0.0582, 0.0516, 0.0652, 0.0519, 0.0683,
         0.4897],
        [0.4316, 0.0616, 0.0889, 0.0496, 0.0489, 0.0451, 0.0634, 0.0464, 0.0804,
         0.0839],
        [0.0626, 0.0551, 0.4199, 0.0539, 0.0617, 0.0609, 0.0621, 0.0485, 0.0795,
         0.0958],
        [0.0505, 0.0576, 0.0733, 0.0596, 0.0535, 0.0509, 0.0631, 0.4565, 0.0543,
         0.0806],
        [0.0880, 0.0575, 0.0738, 0.0567, 0.0378, 0.0602, 0.0652, 0.0572, 0.4410,
         0.0626],
        [0.0924, 0.0662, 0.1083, 0.0601, 0.3208, 0.0538, 0.0746, 0.0603, 0.0723,
         0.0911],
        [0.0673, 0.0617, 0.0750, 0.0581, 0.0489, 0.0621, 0.4010, 0.0737, 0.0652,
         0.0870],
        [0.0718, 0.0655, 0.3388, 0.0631, 0.0711, 0.0679, 0.0722, 0.0568, 0.0883,
         0.1046],
        [0.0534, 0.0439, 0.0726, 0.0478, 0.0513, 0.0529, 0.0643, 0.0521, 0.1045,
         0.4573],
        [0.0718, 0.0740, 0.0734, 0.0656, 0.0590, 0.1721, 0.2509, 0.0764, 0.0626,
         0.0941],
        [0.0467, 0.0594, 0.0410, 0.0473, 0.0488, 0.5572, 0.0568, 0.0464, 0.0344,
         0.0620],
        [0.0511, 0.0583, 0.0740, 0.0602, 0.0541, 0.0514, 0.0638, 0.4508, 0.0550,
         0.0814],
        [0.4195, 0.0631, 0.0901, 0.0509, 0.0503, 0.0463, 0.0649, 0.0476, 0.0818,
         0.0855],
        [0.0865, 0.0557, 0.0721, 0.0550, 0.0362, 0.0588, 0.0633, 0.0557, 0.4561,
         0.0606],
        [0.0873, 0.0567, 0.0730, 0.0559, 0.0370, 0.0595, 0.0643, 0.0565, 0.4482,
         0.0616],
        [0.0513, 0.0645, 0.0454, 0.0518, 0.0534, 0.5150, 0.0619, 0.0505, 0.0387,
         0.0676],
        [0.3828, 0.0676, 0.0934, 0.0551, 0.0547, 0.0499, 0.0694, 0.0513, 0.0858,
         0.0901],
        [0.0676, 0.3555, 0.0939, 0.0618, 0.0549, 0.0593, 0.1062, 0.0478, 0.0668,
         0.0864]], device='cuda:0', grad_fn=<SoftmaxBackward>)
>> best accuracy: 97.71666666666667	best epoch: 10

>> final recovery rate: 39.96666666666667%
>> val epoch: 20
>> current accuracy: 77.96666666666667%
outputs: tensor([[0.0688, 0.1719, 0.0497, 0.0432, 0.3701, 0.0950, 0.0483, 0.0584, 0.0400,
         0.0543],
        [0.0806, 0.0619, 0.4563, 0.0433, 0.0630, 0.0975, 0.0483, 0.0490, 0.0334,
         0.0666],
        [0.0841, 0.0759, 0.1762, 0.0748, 0.1052, 0.1139, 0.0845, 0.1129, 0.0806,
         0.0918],
        [0.0499, 0.4905, 0.0519, 0.0350, 0.0614, 0.0751, 0.0595, 0.0682, 0.0514,
         0.0571],
        [0.0784, 0.1078, 0.3493, 0.0489, 0.0719, 0.1023, 0.0586, 0.0615, 0.0470,
         0.0743],
        [0.0530, 0.0743, 0.0769, 0.0495, 0.0585, 0.0932, 0.0599, 0.0634, 0.0864,
         0.3848],
        [0.0900, 0.0726, 0.0479, 0.4036, 0.0609, 0.1005, 0.0541, 0.0548, 0.0499,
         0.0657],
        [0.1125, 0.0992, 0.0400, 0.0562, 0.0577, 0.0965, 0.0756, 0.0868, 0.3201,
         0.0553],
        [0.0663, 0.1210, 0.0471, 0.0431, 0.4466, 0.0905, 0.0441, 0.0533, 0.0376,
         0.0503],
        [0.1042, 0.2855, 0.0831, 0.0499, 0.0943, 0.0970, 0.0684, 0.0841, 0.0654,
         0.0681],
        [0.0783, 0.0441, 0.0528, 0.0542, 0.0642, 0.4445, 0.0668, 0.0762, 0.0579,
         0.0610],
        [0.0836, 0.0544, 0.0638, 0.0634, 0.0779, 0.3369, 0.0783, 0.1007, 0.0701,
         0.0709],
        [0.1336, 0.1481, 0.0389, 0.0554, 0.0661, 0.1151, 0.0809, 0.0908, 0.2091,
         0.0620],
        [0.0855, 0.0648, 0.0594, 0.3570, 0.0691, 0.1009, 0.0625, 0.0633, 0.0667,
         0.0710],
        [0.4731, 0.1027, 0.0501, 0.0386, 0.0586, 0.0830, 0.0442, 0.0694, 0.0374,
         0.0429],
        [0.0670, 0.0424, 0.4554, 0.0539, 0.0665, 0.0873, 0.0533, 0.0541, 0.0523,
         0.0676],
        [0.1525, 0.1070, 0.0718, 0.0399, 0.0705, 0.1146, 0.2528, 0.0770, 0.0384,
         0.0755],
        [0.0843, 0.0547, 0.0396, 0.0436, 0.0568, 0.5062, 0.0589, 0.0618, 0.0390,
         0.0550],
        [0.0514, 0.4907, 0.0506, 0.0349, 0.0617, 0.0764, 0.0596, 0.0681, 0.0494,
         0.0572],
        [0.1355, 0.1521, 0.0396, 0.0549, 0.0664, 0.1166, 0.0807, 0.0905, 0.2012,
         0.0624],
        [0.0485, 0.4914, 0.0529, 0.0350, 0.0610, 0.0737, 0.0593, 0.0683, 0.0531,
         0.0569],
        [0.0940, 0.0848, 0.4278, 0.0379, 0.0623, 0.1077, 0.0465, 0.0471, 0.0248,
         0.0670],
        [0.1257, 0.1281, 0.0406, 0.0571, 0.0646, 0.1094, 0.0804, 0.0907, 0.2425,
         0.0608],
        [0.0405, 0.0541, 0.0360, 0.0189, 0.0540, 0.0583, 0.0416, 0.6251, 0.0278,
         0.0436],
        [0.0498, 0.4538, 0.0586, 0.0389, 0.0650, 0.0765, 0.0635, 0.0729, 0.0606,
         0.0604],
        [0.0710, 0.1366, 0.0529, 0.0327, 0.0672, 0.1206, 0.3482, 0.0651, 0.0251,
         0.0807],
        [0.0410, 0.0480, 0.0659, 0.0391, 0.0477, 0.0806, 0.0460, 0.0468, 0.0480,
         0.5369],
        [0.0458, 0.0597, 0.0415, 0.0231, 0.0612, 0.0657, 0.0479, 0.5725, 0.0333,
         0.0493],
        [0.0991, 0.0899, 0.0394, 0.4104, 0.0567, 0.1047, 0.0494, 0.0500, 0.0375,
         0.0629],
        [0.1017, 0.0942, 0.0570, 0.0650, 0.0737, 0.1451, 0.0852, 0.1113, 0.1987,
         0.0682],
        [0.0528, 0.1084, 0.0541, 0.0432, 0.4691, 0.0771, 0.0411, 0.0523, 0.0550,
         0.0468],
        [0.0973, 0.0850, 0.0544, 0.3229, 0.0715, 0.1109, 0.0639, 0.0645, 0.0565,
         0.0731],
        [0.0502, 0.0718, 0.0386, 0.0222, 0.0619, 0.0699, 0.0481, 0.5579, 0.0293,
         0.0500],
        [0.0680, 0.1345, 0.0509, 0.0302, 0.0639, 0.1179, 0.3708, 0.0621, 0.0230,
         0.0787],
        [0.0490, 0.5132, 0.0485, 0.0328, 0.0589, 0.0733, 0.0569, 0.0654, 0.0471,
         0.0549],
        [0.4909, 0.2557, 0.0163, 0.0156, 0.0381, 0.0792, 0.0270, 0.0407, 0.0079,
         0.0286],
        [0.0834, 0.1742, 0.0426, 0.0425, 0.3562, 0.1063, 0.0497, 0.0581, 0.0316,
         0.0555],
        [0.1163, 0.0759, 0.0697, 0.0945, 0.0770, 0.1030, 0.0832, 0.0946, 0.2055,
         0.0803],
        [0.1398, 0.1624, 0.0357, 0.0521, 0.0640, 0.1167, 0.0789, 0.0890, 0.2009,
         0.0605],
        [0.0491, 0.4516, 0.0597, 0.0392, 0.0650, 0.0759, 0.0636, 0.0732, 0.0623,
         0.0604],
        [0.0872, 0.0703, 0.3792, 0.0516, 0.0731, 0.1069, 0.0577, 0.0583, 0.0416,
         0.0740],
        [0.0709, 0.1218, 0.0523, 0.0487, 0.4010, 0.0966, 0.0502, 0.0595, 0.0435,
         0.0555],
        [0.0494, 0.4578, 0.0583, 0.0385, 0.0645, 0.0759, 0.0630, 0.0724, 0.0602,
         0.0599],
        [0.0481, 0.4412, 0.0625, 0.0403, 0.0657, 0.0753, 0.0645, 0.0745, 0.0667,
         0.0612],
        [0.0784, 0.0457, 0.0401, 0.0434, 0.0541, 0.5277, 0.0568, 0.0599, 0.0410,
         0.0529],
        [0.1756, 0.3163, 0.0192, 0.0320, 0.0518, 0.1245, 0.0628, 0.0711, 0.0963,
         0.0503],
        [0.0653, 0.2360, 0.0950, 0.0568, 0.0780, 0.0930, 0.0778, 0.0889, 0.1289,
         0.0803],
        [0.0745, 0.0442, 0.0297, 0.0329, 0.0439, 0.6067, 0.0464, 0.0492, 0.0283,
         0.0442]], device='cuda:0', grad_fn=<SoftmaxBackward>)
>> best accuracy: 97.71666666666667	best epoch: 10

>> final recovery rate: 98.46666666666667%
>> val epoch: 25
>> current accuracy: 98.36666666666667%
outputs: tensor([[1.8850e-05, 8.5234e-05, 1.0849e-04, 7.6770e-04, 1.5658e-03, 6.0758e-04,
         2.2798e-06, 2.3190e-04, 2.5789e-03, 9.9403e-01],
        [4.0238e-06, 1.5230e-06, 1.3857e-06, 2.2905e-07, 5.8137e-07, 4.4932e-06,
         5.4300e-06, 1.5923e-08, 9.9998e-01, 5.1663e-06],
        [1.9634e-06, 5.0372e-07, 2.5391e-06, 2.2401e-05, 1.5876e-08, 9.9996e-01,
         6.4122e-06, 2.1036e-07, 8.4781e-06, 1.3992e-06],
        [3.2800e-07, 9.9992e-01, 3.5417e-05, 3.3665e-07, 3.4504e-06, 2.3845e-05,
         3.7264e-06, 5.0917e-06, 1.1551e-06, 2.2328e-06],
        [8.0062e-06, 9.2254e-07, 1.6562e-06, 2.2722e-07, 3.9883e-07, 3.0121e-06,
         1.7425e-05, 1.3914e-08, 9.9997e-01, 7.6092e-07],
        [6.2030e-07, 9.9988e-01, 5.6341e-05, 6.5645e-07, 5.9988e-06, 3.7156e-05,
         6.4880e-06, 8.5628e-06, 2.1622e-06, 3.8642e-06],
        [9.9968e-01, 2.8491e-07, 7.7279e-05, 1.1102e-05, 4.6193e-06, 1.2429e-06,
         5.1627e-05, 7.0235e-07, 1.6035e-05, 1.5634e-04],
        [2.2253e-09, 3.2463e-08, 1.3235e-05, 9.9998e-01, 3.5226e-11, 5.2835e-06,
         9.4387e-11, 1.8236e-07, 4.6009e-08, 2.9158e-08],
        [2.8208e-05, 9.3345e-05, 9.9834e-01, 1.1927e-03, 4.6093e-06, 1.8120e-06,
         2.7416e-06, 1.3237e-04, 1.9546e-04, 3.8392e-06],
        [4.1549e-06, 7.4555e-06, 9.9985e-01, 2.4973e-05, 3.7617e-07, 3.2653e-08,
         2.4437e-07, 8.3740e-06, 1.0082e-04, 1.5661e-07],
        [1.7724e-05, 3.4907e-05, 9.9960e-01, 6.8537e-05, 1.0982e-05, 1.9740e-07,
         2.0228e-06, 5.7176e-05, 2.0227e-04, 1.7580e-06],
        [9.9920e-01, 1.9825e-06, 2.0557e-04, 2.5976e-05, 1.3717e-05, 5.2004e-06,
         1.8143e-04, 2.5063e-06, 4.5019e-05, 3.1392e-04],
        [9.9988e-01, 5.8890e-08, 2.7073e-05, 3.1637e-06, 1.2438e-06, 3.1098e-07,
         1.7640e-05, 1.6190e-07, 4.6081e-06, 6.4075e-05],
        [9.9986e-01, 6.0684e-08, 4.1229e-05, 9.5915e-06, 8.3895e-07, 4.5955e-07,
         1.2820e-05, 1.8949e-07, 4.7271e-06, 7.0708e-05],
        [1.3670e-07, 9.9996e-01, 1.8719e-05, 1.3453e-07, 1.6141e-06, 1.2966e-05,
         1.7399e-06, 2.4933e-06, 4.8827e-07, 1.0511e-06],
        [9.9935e-01, 8.9109e-07, 1.9349e-04, 4.4644e-05, 7.7841e-06, 3.7190e-06,
         7.9691e-05, 1.8484e-06, 3.2988e-05, 2.8379e-04],
        [9.3301e-05, 3.5446e-04, 5.2470e-04, 2.0005e-03, 9.3735e-03, 1.2986e-03,
         1.9469e-05, 1.0804e-03, 4.6112e-03, 9.8064e-01],
        [4.1283e-07, 7.6088e-08, 4.0283e-07, 3.1067e-06, 1.7973e-09, 9.9999e-01,
         2.4139e-06, 3.3517e-08, 1.9191e-06, 2.1805e-07],
        [1.8631e-09, 2.8883e-08, 1.2824e-05, 9.9998e-01, 3.2380e-11, 4.9879e-06,
         5.9144e-11, 2.0632e-07, 4.3315e-08, 2.7824e-08],
        [2.3592e-07, 6.3856e-07, 9.9999e-01, 3.2295e-06, 1.8491e-08, 7.4789e-10,
         6.4402e-09, 1.3271e-06, 2.1011e-06, 6.0757e-09],
        [1.2896e-05, 6.7361e-05, 8.4843e-05, 6.9374e-04, 1.3923e-03, 4.7296e-04,
         1.4421e-06, 2.2849e-04, 1.1708e-03, 9.9588e-01],
        [3.2063e-06, 8.6995e-07, 6.2358e-06, 8.5043e-05, 1.9081e-08, 9.9985e-01,
         3.4349e-05, 4.7935e-07, 1.5275e-05, 1.3725e-06],
        [1.6809e-03, 2.4650e-04, 3.7760e-04, 4.6463e-05, 1.8600e-04, 2.3501e-03,
         1.5391e-01, 2.9925e-05, 8.4109e-01, 8.0527e-05],
        [4.6820e-06, 4.7989e-07, 8.6518e-07, 1.0715e-07, 1.9667e-07, 1.6940e-06,
         1.0325e-05, 5.9119e-09, 9.9998e-01, 3.9821e-07],
        [4.9915e-07, 9.9990e-01, 4.8092e-05, 5.2275e-07, 4.9677e-06, 3.1940e-05,
         5.3702e-06, 7.1718e-06, 1.7460e-06, 3.2050e-06],
        [2.0927e-08, 2.5187e-09, 1.3350e-08, 1.2336e-07, 3.1503e-11, 1.0000e+00,
         1.1326e-07, 7.0304e-10, 9.3262e-08, 1.1473e-08],
        [1.4527e-07, 2.2331e-08, 1.0371e-07, 7.4908e-07, 4.6294e-10, 1.0000e+00,
         6.9570e-07, 7.0216e-09, 6.1378e-07, 8.3491e-08],
        [1.1635e-07, 3.2548e-09, 2.8590e-09, 5.2180e-11, 1.3348e-09, 5.4395e-06,
         9.9999e-01, 2.5566e-09, 2.0222e-07, 5.0226e-11],
        [2.1986e-06, 1.2561e-07, 1.2438e-07, 4.9149e-09, 6.3741e-08, 4.7650e-05,
         9.9995e-01, 1.0035e-07, 4.1772e-06, 4.0383e-09],
        [8.9884e-08, 1.9435e-06, 7.8019e-05, 1.5540e-05, 7.8299e-05, 1.4730e-05,
         6.5733e-14, 9.9963e-01, 1.3549e-04, 4.4244e-05],
        [1.4136e-06, 3.7333e-07, 2.1264e-06, 2.3992e-05, 9.7722e-09, 9.9996e-01,
         4.3335e-06, 1.6024e-07, 6.3846e-06, 1.0593e-06],
        [9.9383e-07, 7.5443e-06, 9.9502e-06, 1.5828e-04, 2.5276e-04, 9.8233e-05,
         5.6983e-08, 3.5927e-05, 2.0252e-04, 9.9923e-01],
        [2.5175e-07, 8.4950e-09, 7.7007e-09, 1.7215e-10, 3.6842e-09, 9.6180e-06,
         9.9999e-01, 6.7026e-09, 4.4791e-07, 1.5896e-10],
        [1.2744e-07, 7.9261e-08, 1.2138e-06, 7.2826e-10, 9.9998e-01, 9.2747e-10,
         1.5909e-06, 1.7725e-06, 1.4403e-06, 9.1984e-06],
        [2.6566e-07, 9.9994e-01, 3.0375e-05, 2.6992e-07, 2.8735e-06, 2.0591e-05,
         3.1019e-06, 4.2873e-06, 9.3879e-07, 1.8623e-06],
        [1.1145e-09, 4.8830e-08, 6.3172e-06, 1.4519e-06, 7.5815e-06, 3.9613e-07,
         3.8408e-18, 9.9997e-01, 8.5018e-06, 5.6620e-06],
        [2.6914e-07, 1.3214e-04, 4.7082e-04, 9.2538e-05, 1.8073e-04, 5.8789e-05,
         5.6362e-13, 9.9868e-01, 2.0917e-04, 1.7358e-04],
        [3.4234e-08, 9.9999e-01, 6.6303e-06, 2.9117e-08, 4.5899e-07, 4.9394e-06,
         5.2679e-07, 7.2397e-07, 1.5174e-07, 3.0849e-07],
        [3.7486e-06, 8.0765e-06, 9.9991e-01, 3.3407e-05, 4.3032e-07, 5.1581e-08,
         2.3058e-07, 1.3680e-05, 2.6964e-05, 1.7971e-07],
        [6.6807e-05, 1.2838e-05, 2.4812e-05, 6.1729e-06, 6.1242e-06, 3.3535e-05,
         1.2984e-04, 4.5029e-07, 9.9971e-01, 1.0372e-05],
        [2.8314e-07, 1.9058e-07, 2.9365e-06, 3.0907e-09, 9.9997e-01, 2.9924e-09,
         2.9992e-06, 3.8085e-06, 3.1212e-06, 1.7605e-05],
        [1.1557e-04, 9.6390e-05, 5.5136e-04, 9.0423e-06, 9.9617e-01, 6.8735e-06,
         5.8845e-04, 5.1380e-04, 7.1191e-04, 1.2396e-03],
        [3.2179e-05, 3.8337e-05, 9.9698e-01, 8.7077e-05, 2.6381e-06, 4.4400e-07,
         3.2117e-06, 2.2607e-05, 2.8277e-03, 1.3778e-06],
        [9.9986e-01, 8.0093e-08, 3.3220e-05, 4.0415e-06, 1.6066e-06, 4.0748e-07,
         2.1751e-05, 2.1556e-07, 5.8771e-06, 7.6253e-05],
        [6.1649e-09, 7.8742e-08, 2.3959e-05, 9.9997e-01, 1.2428e-10, 9.5867e-06,
         3.1787e-10, 4.0034e-07, 1.1457e-07, 6.9959e-08],
        [8.6313e-05, 1.8594e-05, 7.3319e-05, 7.9926e-06, 8.7287e-06, 3.0252e-05,
         1.3148e-04, 7.8353e-07, 9.9963e-01, 1.3991e-05],
        [6.0702e-07, 1.5581e-06, 9.9998e-01, 7.3554e-06, 5.7609e-08, 2.7586e-09,
         2.1638e-08, 3.0580e-06, 5.0126e-06, 1.9644e-08],
        [1.4812e-07, 9.9996e-01, 2.0709e-05, 1.2671e-07, 2.5246e-06, 1.2283e-05,
         1.9629e-06, 2.8442e-06, 5.4684e-07, 1.2565e-06]], device='cuda:0',
       grad_fn=<SoftmaxBackward>)
>> best accuracy: 98.36666666666667	best epoch: 25

>> final recovery rate: 98.73888888888888%
>> val epoch: 30
>> current accuracy: 98.65%
outputs: tensor([[2.2822e-07, 1.5277e-06, 9.9992e-01, 6.3742e-05, 6.2554e-09, 7.4364e-12,
         2.7000e-08, 1.1265e-05, 3.6077e-06, 1.9590e-08],
        [8.1368e-11, 2.5095e-10, 6.4131e-08, 8.5969e-08, 6.5654e-06, 5.6670e-09,
         2.3095e-26, 9.9945e-01, 4.8423e-08, 5.4524e-04],
        [1.1597e-06, 2.6608e-07, 2.8070e-06, 1.3605e-06, 1.5395e-08, 6.4775e-06,
         8.1544e-06, 1.2202e-10, 9.9998e-01, 8.8375e-07],
        [6.0745e-07, 1.2564e-07, 1.6552e-07, 9.0701e-11, 9.9999e-01, 5.0229e-08,
         9.9898e-08, 4.0215e-07, 5.5513e-08, 1.1355e-05],
        [7.0480e-09, 3.0144e-10, 2.1675e-09, 4.8095e-13, 2.6768e-08, 5.9539e-07,
         1.0000e+00, 1.2055e-10, 1.5903e-07, 2.3427e-10],
        [9.1095e-05, 1.1934e-05, 8.0100e-05, 1.0441e-04, 1.4121e-06, 1.1521e-04,
         1.0576e-04, 4.7983e-08, 9.9946e-01, 3.4312e-05],
        [1.8144e-07, 5.6110e-09, 6.6375e-08, 9.2310e-11, 5.1325e-07, 5.4239e-06,
         9.9999e-01, 4.1074e-09, 3.4177e-06, 7.1621e-09],
        [6.1270e-13, 4.7613e-12, 4.6344e-09, 3.3886e-09, 3.4443e-08, 3.1166e-11,
         2.3093e-31, 1.0000e+00, 1.0100e-09, 3.1446e-08],
        [3.8842e-06, 9.9995e-01, 2.4366e-07, 1.8598e-09, 1.3686e-06, 1.8600e-06,
         1.1512e-05, 1.7730e-05, 2.0181e-08, 1.6274e-05],
        [1.1000e-06, 1.1766e-05, 1.0338e-06, 3.1721e-04, 6.9481e-08, 9.9956e-01,
         7.8804e-07, 2.9747e-05, 6.5314e-05, 1.7527e-05],
        [8.3644e-13, 1.5308e-11, 6.6807e-09, 3.8127e-09, 5.0019e-08, 5.6926e-11,
         1.4616e-30, 1.0000e+00, 1.3261e-09, 4.4639e-08],
        [5.6580e-05, 9.9051e-07, 2.2886e-06, 3.1238e-05, 1.8887e-04, 1.5076e-05,
         7.3871e-08, 1.7471e-05, 2.9386e-05, 9.9966e-01],
        [4.3289e-05, 9.9948e-01, 3.6979e-06, 4.1315e-08, 2.6985e-05, 1.8811e-05,
         3.3463e-05, 2.4535e-04, 5.3338e-07, 1.4842e-04],
        [3.2844e-11, 4.7154e-13, 8.0863e-12, 1.4176e-16, 1.9656e-10, 1.3597e-08,
         1.0000e+00, 2.1790e-13, 1.6638e-09, 5.5619e-13],
        [4.9376e-12, 1.3571e-10, 4.9590e-08, 2.7981e-08, 2.9037e-07, 6.9695e-10,
         1.1408e-27, 1.0000e+00, 1.3394e-08, 1.5569e-07],
        [2.7038e-05, 9.9977e-01, 1.5408e-06, 2.2325e-08, 7.4810e-06, 8.6484e-06,
         5.8656e-05, 6.2994e-05, 2.0327e-07, 6.4076e-05],
        [7.7287e-06, 1.7705e-05, 5.8046e-07, 1.7589e-10, 9.9983e-01, 3.6094e-07,
         2.4576e-06, 4.3772e-06, 1.5878e-07, 1.3449e-04],
        [8.0895e-06, 1.3328e-06, 1.1627e-05, 7.5485e-06, 1.2282e-07, 2.0994e-05,
         2.9986e-05, 1.6172e-09, 9.9992e-01, 4.2674e-06],
        [1.0151e-04, 1.5627e-05, 9.5907e-05, 8.9217e-05, 2.6407e-06, 1.2362e-04,
         2.0240e-04, 7.2392e-08, 9.9933e-01, 3.9683e-05],
        [3.0171e-08, 3.2322e-07, 1.3592e-08, 4.2743e-06, 1.5062e-09, 9.9999e-01,
         1.1901e-07, 1.5654e-06, 4.3312e-06, 8.6806e-07],
        [5.7250e-06, 1.3867e-07, 1.3372e-06, 8.6287e-09, 7.1993e-06, 3.9080e-05,
         9.9990e-01, 1.1921e-07, 4.3393e-05, 2.1598e-07],
        [5.9054e-07, 1.2486e-07, 1.4888e-06, 6.5935e-07, 6.1452e-09, 3.7768e-06,
         4.6198e-06, 3.9269e-11, 9.9999e-01, 4.6404e-07],
        [6.7884e-09, 4.6205e-08, 1.4338e-09, 2.8966e-07, 3.7598e-10, 1.0000e+00,
         9.6884e-08, 3.7110e-07, 1.3522e-06, 2.3031e-07],
        [1.1580e-05, 9.9969e-01, 1.6897e-06, 2.1524e-08, 8.9780e-06, 7.6786e-06,
         3.8821e-06, 2.0126e-04, 1.7613e-07, 7.3866e-05],
        [8.3929e-08, 3.4013e-09, 6.9351e-09, 1.4701e-07, 3.9393e-06, 2.0051e-07,
         3.2632e-11, 1.7818e-07, 1.4203e-07, 1.0000e+00],
        [3.7841e-04, 8.8487e-05, 3.9318e-04, 4.6263e-04, 2.7503e-05, 4.9763e-04,
         5.6195e-04, 1.1164e-06, 9.9723e-01, 3.5442e-04],
        [3.5159e-08, 9.1976e-10, 9.9284e-09, 5.4018e-12, 9.8296e-08, 1.5409e-06,
         1.0000e+00, 5.5375e-10, 6.5714e-07, 1.0808e-09],
        [1.1640e-09, 9.8586e-11, 1.3200e-10, 8.8000e-16, 1.0000e+00, 2.8928e-11,
         3.5747e-10, 6.3876e-10, 2.7890e-11, 7.7426e-08],
        [1.3800e-04, 3.6163e-05, 1.7669e-04, 2.0923e-04, 1.6329e-05, 3.7099e-04,
         1.6752e-04, 4.2624e-07, 9.9806e-01, 8.2476e-04],
        [2.0625e-08, 4.7768e-10, 8.2683e-09, 4.4093e-12, 8.0837e-08, 1.3225e-06,
         1.0000e+00, 3.7531e-10, 6.2941e-07, 6.8376e-10],
        [1.0000e+00, 8.3595e-13, 1.2948e-11, 1.5963e-09, 2.0709e-11, 1.9148e-12,
         1.3372e-10, 2.6986e-11, 2.1637e-10, 2.5762e-08],
        [1.3265e-06, 3.0937e-07, 3.1850e-06, 1.5716e-06, 1.8486e-08, 7.2123e-06,
         9.1316e-06, 1.5293e-10, 9.9998e-01, 1.0048e-06],
        [3.0188e-08, 2.7445e-05, 1.3830e-05, 9.9987e-01, 6.6716e-10, 8.7403e-05,
         5.6406e-13, 3.5906e-06, 6.3287e-07, 1.4004e-06],
        [9.2748e-08, 5.0636e-07, 3.1580e-08, 3.4139e-06, 4.8261e-09, 9.9996e-01,
         8.7042e-07, 1.2888e-06, 3.1336e-05, 1.7458e-06],
        [2.2232e-06, 7.5606e-07, 3.9902e-07, 1.9642e-10, 9.9997e-01, 1.2623e-07,
         9.2615e-07, 1.1453e-06, 1.7078e-07, 2.3957e-05],
        [4.3366e-09, 7.8599e-06, 3.6782e-06, 9.9996e-01, 3.9505e-11, 3.1200e-05,
         2.6207e-14, 8.5350e-07, 1.1816e-07, 2.8327e-07],
        [4.0892e-07, 5.6902e-05, 3.9084e-05, 9.9972e-01, 4.6065e-09, 1.6800e-04,
         1.6528e-11, 9.2819e-06, 4.2390e-06, 5.3504e-06],
        [1.1930e-05, 9.9992e-01, 3.2852e-07, 3.0314e-09, 1.8540e-06, 2.3160e-06,
         1.6560e-05, 2.3472e-05, 3.0605e-08, 2.7277e-05],
        [8.1497e-07, 4.5592e-07, 1.9055e-07, 5.4403e-11, 9.9998e-01, 6.2449e-08,
         4.6565e-07, 6.1457e-07, 7.0064e-08, 1.3635e-05],
        [3.8297e-02, 7.6651e-03, 1.9613e-02, 2.0473e-01, 1.3180e-03, 1.5880e-02,
         2.5183e-03, 8.5608e-04, 6.9901e-01, 1.0114e-02],
        [1.0776e-05, 9.9988e-01, 7.1884e-07, 8.2621e-09, 3.6763e-06, 4.4167e-06,
         2.6754e-05, 3.7260e-05, 7.6783e-08, 3.5052e-05],
        [2.8178e-07, 7.6321e-09, 9.7227e-08, 1.6910e-10, 7.1280e-07, 6.8908e-06,
         9.9999e-01, 6.0989e-09, 4.8486e-06, 1.0740e-08],
        [2.2999e-07, 1.1454e-08, 2.2626e-08, 3.7771e-07, 9.5271e-06, 4.8843e-07,
         1.6259e-10, 4.8060e-07, 4.3133e-07, 9.9999e-01],
        [9.9839e-05, 5.0915e-05, 8.0988e-06, 8.7400e-05, 1.7768e-05, 9.9685e-01,
         9.0234e-04, 2.2494e-04, 1.4427e-03, 3.1143e-04],
        [3.9398e-06, 1.0216e-06, 8.6967e-06, 4.9706e-06, 7.9244e-08, 1.6924e-05,
         2.2490e-05, 9.2316e-10, 9.9994e-01, 2.8041e-06],
        [1.3715e-06, 5.5081e-06, 5.7051e-07, 2.9810e-05, 2.8558e-07, 9.9979e-01,
         3.6487e-06, 4.5069e-05, 1.0641e-04, 1.9533e-05],
        [5.5830e-06, 5.3812e-06, 9.9972e-01, 2.0141e-04, 7.2440e-08, 3.0203e-10,
         9.4613e-07, 3.8018e-05, 2.9085e-05, 2.2074e-07],
        [9.9999e-01, 5.8266e-09, 4.3817e-08, 1.4882e-06, 6.5541e-08, 8.3754e-09,
         2.1487e-07, 5.5365e-08, 4.0489e-07, 5.0565e-06]], device='cuda:0',
       grad_fn=<SoftmaxBackward>)
>> best accuracy: 98.65	best epoch: 30

>> final recovery rate: 98.77592592592592%
>> val epoch: 35
>> current accuracy: 97.93333333333332%
outputs: tensor([[2.2416e-12, 7.4192e-10, 1.6022e-13, 3.1263e-08, 1.3608e-12, 1.0000e+00,
