noise type: uniform
noise level: 0.4
when_to_apply_epoch: 15
total clean data num: 32482
probability transition matrix:
[[0.6        0.04444444 0.04444444 0.04444444 0.04444444 0.04444444
  0.04444444 0.04444444 0.04444444 0.04444444]
 [0.04444444 0.6        0.04444444 0.04444444 0.04444444 0.04444444
  0.04444444 0.04444444 0.04444444 0.04444444]
 [0.04444444 0.04444444 0.6        0.04444444 0.04444444 0.04444444
  0.04444444 0.04444444 0.04444444 0.04444444]
 [0.04444444 0.04444444 0.04444444 0.6        0.04444444 0.04444444
  0.04444444 0.04444444 0.04444444 0.04444444]
 [0.04444444 0.04444444 0.04444444 0.04444444 0.6        0.04444444
  0.04444444 0.04444444 0.04444444 0.04444444]
 [0.04444444 0.04444444 0.04444444 0.04444444 0.04444444 0.6
  0.04444444 0.04444444 0.04444444 0.04444444]
 [0.04444444 0.04444444 0.04444444 0.04444444 0.04444444 0.04444444
  0.6        0.04444444 0.04444444 0.04444444]
 [0.04444444 0.04444444 0.04444444 0.04444444 0.04444444 0.04444444
  0.04444444 0.6        0.04444444 0.04444444]
 [0.04444444 0.04444444 0.04444444 0.04444444 0.04444444 0.04444444
  0.04444444 0.04444444 0.6        0.04444444]
 [0.04444444 0.04444444 0.04444444 0.04444444 0.04444444 0.04444444
  0.04444444 0.04444444 0.04444444 0.6       ]]
>> val epoch: 0
>> current accuracy: 97.83333333333334%
outputs: tensor([[0.0381, 0.0348, 0.0381, 0.0469, 0.0364, 0.6149, 0.0517, 0.0244, 0.0492,
         0.0655],
        [0.0460, 0.0294, 0.6423, 0.0393, 0.0350, 0.0430, 0.0253, 0.0321, 0.0708,
         0.0367],
        [0.0807, 0.0478, 0.0247, 0.0559, 0.4789, 0.0596, 0.0472, 0.0704, 0.0451,
         0.0897],
        [0.0589, 0.0496, 0.0325, 0.0458, 0.0542, 0.0371, 0.0420, 0.0805, 0.0345,
         0.5650],
        [0.0577, 0.0551, 0.0349, 0.0384, 0.0477, 0.0583, 0.0510, 0.0974, 0.0456,
         0.5138],
        [0.0460, 0.6764, 0.0348, 0.0270, 0.0296, 0.0367, 0.0483, 0.0219, 0.0226,
         0.0567],
        [0.0553, 0.0305, 0.0585, 0.0198, 0.0717, 0.0310, 0.6155, 0.0482, 0.0399,
         0.0295],
        [0.0466, 0.0512, 0.0424, 0.0454, 0.0391, 0.0697, 0.0805, 0.5245, 0.0503,
         0.0503],
        [0.0741, 0.0593, 0.0237, 0.0348, 0.5159, 0.0400, 0.0663, 0.0638, 0.0551,
         0.0670],
        [0.0398, 0.0385, 0.6246, 0.0504, 0.0314, 0.0397, 0.0239, 0.0480, 0.0644,
         0.0392],
        [0.0873, 0.0288, 0.5409, 0.0436, 0.0354, 0.0459, 0.0389, 0.0550, 0.0658,
         0.0584],
        [0.0258, 0.0424, 0.0330, 0.7261, 0.0186, 0.0361, 0.0274, 0.0228, 0.0320,
         0.0358],
        [0.0470, 0.0557, 0.0255, 0.0422, 0.0461, 0.0617, 0.0861, 0.5512, 0.0419,
         0.0428],
        [0.0294, 0.0412, 0.0354, 0.7041, 0.0207, 0.0460, 0.0287, 0.0206, 0.0349,
         0.0391],
        [0.0412, 0.0547, 0.0326, 0.0430, 0.0413, 0.0625, 0.0809, 0.5597, 0.0420,
         0.0421],
        [0.0535, 0.6447, 0.0388, 0.0285, 0.0407, 0.0326, 0.0517, 0.0242, 0.0274,
         0.0580],
        [0.0288, 0.0453, 0.0546, 0.6892, 0.0206, 0.0349, 0.0277, 0.0237, 0.0369,
         0.0384],
        [0.0755, 0.0374, 0.4890, 0.1088, 0.0354, 0.0474, 0.0279, 0.0471, 0.0761,
         0.0553],
        [0.0307, 0.0375, 0.0368, 0.0456, 0.0463, 0.0512, 0.0327, 0.0271, 0.6459,
         0.0462],
        [0.0215, 0.0314, 0.0455, 0.0441, 0.0443, 0.0689, 0.0314, 0.0497, 0.6348,
         0.0285],
        [0.0457, 0.0511, 0.0288, 0.0403, 0.0483, 0.0605, 0.0814, 0.5559, 0.0500,
         0.0380],
        [0.5502, 0.0533, 0.0479, 0.0326, 0.0684, 0.0325, 0.0435, 0.0429, 0.0703,
         0.0584],
        [0.0224, 0.0402, 0.0250, 0.0353, 0.0488, 0.0543, 0.0355, 0.0197, 0.6917,
         0.0272],
        [0.0499, 0.0305, 0.0596, 0.0267, 0.0655, 0.0445, 0.5676, 0.0460, 0.0732,
         0.0363],
        [0.0946, 0.0675, 0.0377, 0.0670, 0.4364, 0.0611, 0.0571, 0.0715, 0.0370,
         0.0701],
        [0.0490, 0.0757, 0.0632, 0.0992, 0.0369, 0.0621, 0.0660, 0.4484, 0.0305,
         0.0690],
        [0.0900, 0.0583, 0.0335, 0.0584, 0.4818, 0.0485, 0.0446, 0.0649, 0.0370,
         0.0831],
        [0.0422, 0.0474, 0.0330, 0.0765, 0.0354, 0.5804, 0.0529, 0.0233, 0.0412,
         0.0679],
        [0.0223, 0.0353, 0.0250, 0.7003, 0.0191, 0.0545, 0.0333, 0.0308, 0.0480,
         0.0314],
        [0.0482, 0.6273, 0.0383, 0.0271, 0.0385, 0.0403, 0.0573, 0.0281, 0.0226,
         0.0723],
        [0.0216, 0.0361, 0.0297, 0.7547, 0.0207, 0.0343, 0.0257, 0.0189, 0.0255,
         0.0327],
        [0.0304, 0.0258, 0.6896, 0.0309, 0.0277, 0.0428, 0.0246, 0.0438, 0.0462,
         0.0380],
        [0.0479, 0.6674, 0.0366, 0.0260, 0.0365, 0.0344, 0.0413, 0.0293, 0.0229,
         0.0576],
        [0.4089, 0.0581, 0.0810, 0.0253, 0.0547, 0.0700, 0.0710, 0.0673, 0.0677,
         0.0959],
        [0.0561, 0.0416, 0.1720, 0.0465, 0.0670, 0.0986, 0.3291, 0.0547, 0.0821,
         0.0524],
        [0.0492, 0.6302, 0.0391, 0.0283, 0.0434, 0.0441, 0.0529, 0.0316, 0.0222,
         0.0588],
        [0.0263, 0.0437, 0.0326, 0.0432, 0.0452, 0.0713, 0.0369, 0.0451, 0.5897,
         0.0659],
        [0.0777, 0.1045, 0.0570, 0.0380, 0.1978, 0.0824, 0.1672, 0.0578, 0.1634,
         0.0542],
        [0.1147, 0.0757, 0.0299, 0.0437, 0.0481, 0.0733, 0.0620, 0.3871, 0.0412,
         0.1242],
        [0.0494, 0.6282, 0.0452, 0.0249, 0.0517, 0.0358, 0.0496, 0.0315, 0.0311,
         0.0524],
        [0.0447, 0.0281, 0.0736, 0.0268, 0.0666, 0.0569, 0.5554, 0.0462, 0.0626,
         0.0391],
        [0.0587, 0.0511, 0.1182, 0.0221, 0.0861, 0.0885, 0.0685, 0.0482, 0.4184,
         0.0402],
        [0.0373, 0.0262, 0.6095, 0.0405, 0.0386, 0.0349, 0.0285, 0.0487, 0.0866,
         0.0492],
        [0.0325, 0.0395, 0.0881, 0.5876, 0.0230, 0.0516, 0.0340, 0.0268, 0.0714,
         0.0454],
        [0.0748, 0.0446, 0.0241, 0.0349, 0.0414, 0.0610, 0.0763, 0.5128, 0.0498,
         0.0803],
        [0.0670, 0.0256, 0.6225, 0.0308, 0.0335, 0.0402, 0.0283, 0.0362, 0.0792,
         0.0368],
        [0.0610, 0.0426, 0.0817, 0.0399, 0.0939, 0.0557, 0.4680, 0.0553, 0.0569,
         0.0450],
        [0.0396, 0.0381, 0.0370, 0.0536, 0.0503, 0.5257, 0.0368, 0.0293, 0.0960,
         0.0937]], device='cuda:0', grad_fn=<SoftmaxBackward>)
>> best accuracy: 97.83333333333334	best epoch: 0

>> final recovery rate: 60.15185185185186%
>> val epoch: 5
>> current accuracy: 86.46666666666667%
outputs: tensor([[0.0094, 0.0088, 0.0059, 0.0304, 0.0131, 0.0019, 0.0193, 0.0209, 0.8836,
         0.0067],
        [0.0094, 0.0274, 0.0234, 0.7497, 0.0639, 0.0265, 0.0314, 0.0422, 0.0122,
         0.0139],
        [0.0240, 0.0348, 0.0626, 0.0036, 0.0067, 0.6591, 0.0076, 0.1916, 0.0069,
         0.0031],
        [0.2442, 0.0672, 0.0337, 0.4389, 0.0325, 0.0195, 0.0189, 0.0655, 0.0096,
         0.0701],
        [0.0187, 0.0479, 0.0601, 0.0530, 0.0269, 0.0515, 0.0552, 0.6390, 0.0281,
         0.0196],
        [0.0563, 0.0152, 0.0063, 0.0381, 0.1758, 0.0305, 0.0988, 0.0178, 0.3552,
         0.2059],
        [0.0094, 0.0766, 0.1017, 0.0613, 0.0553, 0.0285, 0.0261, 0.4292, 0.0340,
         0.1779],
        [0.0349, 0.0618, 0.0170, 0.0586, 0.0231, 0.0129, 0.0326, 0.0094, 0.0434,
         0.7063],
        [0.0681, 0.0211, 0.0549, 0.0167, 0.0478, 0.0626, 0.0287, 0.1242, 0.0755,
         0.5005],
        [0.0224, 0.0627, 0.0249, 0.0362, 0.0335, 0.1126, 0.6155, 0.0542, 0.0108,
         0.0274],
        [0.9467, 0.0035, 0.0047, 0.0035, 0.0093, 0.0075, 0.0049, 0.0084, 0.0037,
         0.0078],
        [0.0357, 0.0170, 0.0326, 0.1366, 0.1187, 0.0244, 0.0508, 0.0192, 0.3543,
         0.2108],
        [0.0366, 0.0934, 0.1323, 0.0274, 0.0952, 0.0548, 0.1132, 0.3068, 0.0665,
         0.0738],
        [0.8759, 0.0091, 0.0179, 0.0088, 0.0104, 0.0337, 0.0065, 0.0181, 0.0043,
         0.0153],
        [0.0143, 0.1170, 0.0086, 0.0897, 0.0145, 0.0198, 0.5068, 0.1730, 0.0318,
         0.0246],
        [0.0232, 0.0696, 0.0685, 0.0862, 0.0254, 0.0901, 0.0373, 0.4928, 0.0182,
         0.0886],
        [0.0360, 0.0499, 0.0578, 0.2890, 0.0358, 0.0321, 0.1087, 0.2744, 0.0802,
         0.0360],
        [0.0406, 0.0701, 0.0592, 0.0733, 0.0500, 0.0650, 0.0520, 0.5185, 0.0245,
         0.0469],
        [0.1104, 0.1547, 0.0733, 0.0209, 0.0311, 0.0133, 0.0497, 0.0327, 0.0486,
         0.4653],
        [0.0076, 0.0293, 0.6859, 0.0341, 0.0522, 0.0554, 0.0336, 0.0437, 0.0476,
         0.0106],
        [0.0262, 0.6841, 0.0214, 0.0794, 0.0219, 0.0304, 0.0284, 0.0187, 0.0499,
         0.0396],
        [0.0366, 0.0324, 0.0154, 0.0688, 0.0229, 0.0112, 0.0300, 0.0148, 0.0265,
         0.7415],
        [0.0668, 0.2286, 0.0182, 0.4498, 0.0257, 0.0458, 0.0418, 0.0639, 0.0274,
         0.0320],
        [0.0267, 0.1265, 0.0375, 0.1142, 0.0175, 0.0445, 0.0500, 0.5261, 0.0423,
         0.0147],
        [0.0128, 0.0596, 0.5239, 0.0322, 0.0987, 0.0137, 0.0456, 0.0663, 0.0332,
         0.1141],
        [0.0167, 0.0194, 0.0185, 0.0281, 0.0420, 0.0247, 0.0922, 0.0235, 0.0236,
         0.7113],
        [0.0187, 0.0092, 0.0153, 0.0324, 0.5737, 0.2194, 0.0192, 0.0175, 0.0799,
         0.0147],
        [0.0112, 0.0217, 0.8494, 0.0130, 0.0229, 0.0200, 0.0069, 0.0143, 0.0112,
         0.0295],
        [0.0252, 0.1694, 0.0257, 0.5326, 0.0847, 0.0213, 0.0283, 0.0508, 0.0210,
         0.0410],
        [0.5909, 0.0636, 0.0454, 0.0165, 0.0217, 0.1094, 0.0115, 0.0288, 0.0882,
         0.0242],
        [0.8846, 0.0134, 0.0116, 0.0091, 0.0121, 0.0223, 0.0059, 0.0086, 0.0101,
         0.0223],
        [0.0368, 0.0387, 0.0202, 0.0426, 0.0129, 0.0206, 0.0221, 0.0438, 0.0085,
         0.7538],
        [0.0090, 0.0126, 0.0104, 0.7657, 0.0928, 0.0245, 0.0260, 0.0129, 0.0326,
         0.0134],
        [0.0483, 0.6169, 0.0370, 0.0455, 0.0224, 0.0559, 0.0473, 0.0530, 0.0310,
         0.0427],
        [0.0065, 0.0549, 0.7116, 0.0107, 0.0370, 0.0309, 0.0327, 0.0245, 0.0142,
         0.0768],
        [0.0338, 0.0533, 0.5191, 0.0380, 0.1088, 0.0286, 0.0086, 0.0367, 0.0209,
         0.1521],
        [0.0065, 0.0098, 0.0085, 0.0082, 0.0109, 0.9185, 0.0178, 0.0148, 0.0024,
         0.0026],
        [0.0814, 0.0190, 0.0551, 0.0078, 0.1391, 0.1105, 0.2495, 0.0374, 0.2621,
         0.0381],
        [0.0349, 0.0086, 0.0117, 0.0205, 0.0361, 0.0191, 0.0203, 0.0150, 0.7630,
         0.0708],
        [0.0151, 0.0072, 0.0033, 0.0115, 0.9270, 0.0034, 0.0077, 0.0125, 0.0065,
         0.0059],
        [0.0069, 0.0120, 0.8787, 0.0048, 0.0187, 0.0207, 0.0127, 0.0190, 0.0199,
         0.0067],
        [0.0122, 0.0460, 0.7747, 0.0147, 0.0139, 0.0192, 0.0710, 0.0080, 0.0272,
         0.0130],
        [0.0131, 0.0255, 0.0238, 0.0262, 0.0873, 0.4656, 0.1925, 0.1058, 0.0138,
         0.0465],
        [0.0610, 0.0253, 0.0163, 0.0449, 0.1392, 0.1453, 0.0744, 0.0297, 0.4372,
         0.0267],
        [0.0069, 0.0607, 0.0193, 0.0449, 0.0282, 0.0330, 0.0270, 0.0154, 0.7414,
         0.0232],
        [0.0196, 0.0591, 0.0503, 0.2474, 0.0457, 0.0318, 0.4044, 0.0355, 0.0864,
         0.0198],
        [0.0481, 0.0282, 0.0126, 0.0186, 0.0135, 0.8323, 0.0146, 0.0134, 0.0084,
         0.0102],
        [0.0423, 0.5741, 0.0399, 0.0938, 0.0216, 0.0445, 0.0401, 0.0549, 0.0474,
         0.0414]], device='cuda:0', grad_fn=<SoftmaxBackward>)
>> best accuracy: 97.83333333333334	best epoch: 0

>> final recovery rate: 60.15185185185186%
>> val epoch: 10
>> current accuracy: 69.58333333333333%
outputs: tensor([[7.3680e-03, 9.8244e-01, 1.7600e-03, 3.6181e-03, 4.4060e-05, 2.2604e-03,
         4.1774e-05, 1.1705e-03, 8.8926e-05, 1.2127e-03],
        [9.4719e-04, 1.8547e-03, 3.2164e-02, 2.6487e-03, 7.6505e-03, 2.5960e-03,
         3.9698e-03, 4.1292e-04, 1.7253e-03, 9.4603e-01],
        [7.5001e-03, 6.2040e-03, 1.2568e-03, 4.9395e-04, 1.3789e-03, 1.0073e-02,
         8.2312e-04, 2.3376e-02, 9.4526e-01, 3.6307e-03],
        [9.9786e-01, 2.6115e-06, 6.2964e-05, 6.3172e-06, 9.2184e-05, 4.6958e-04,
         1.4311e-03, 4.8168e-05, 9.1414e-06, 1.9354e-05],
        [1.6417e-04, 4.1031e-05, 1.1877e-05, 1.4558e-04, 6.4255e-04, 8.6883e-04,
         7.8175e-03, 1.5656e-03, 9.8872e-01, 2.5811e-05],
        [8.9991e-03, 1.5485e-02, 8.8813e-01, 4.2162e-03, 2.1948e-03, 1.0347e-02,
         6.3690e-03, 6.0199e-03, 1.0310e-02, 4.7934e-02],
        [1.8986e-03, 2.1474e-03, 4.4617e-04, 9.5898e-01, 1.9997e-02, 8.5145e-03,
         5.3558e-04, 2.6007e-03, 2.8688e-03, 2.0124e-03],
        [2.7656e-03, 8.1395e-02, 1.7697e-03, 4.0805e-01, 2.4881e-01, 2.5675e-02,
         4.1780e-02, 1.4982e-02, 1.7340e-01, 1.3756e-03],
        [9.4656e-03, 9.0177e-03, 2.6031e-02, 2.6038e-03, 5.7386e-04, 3.0233e-04,
         4.9183e-04, 3.6929e-03, 9.4676e-01, 1.0592e-03],
        [5.5070e-04, 3.7954e-02, 4.6555e-03, 2.9145e-03, 1.6447e-02, 7.2162e-01,
         1.2430e-01, 8.6820e-02, 3.6434e-03, 1.1006e-03],
        [1.1181e-03, 2.0839e-04, 9.8264e-04, 9.9130e-01, 5.1879e-04, 2.4066e-04,
         5.0538e-03, 3.3207e-04, 2.0877e-04, 3.7631e-05],
        [1.0196e-03, 1.1258e-02, 1.3380e-02, 2.3725e-03, 3.6678e-01, 1.6720e-03,
         2.4438e-01, 1.0234e-02, 2.7182e-02, 3.2172e-01],
        [1.7727e-04, 1.8557e-04, 6.2131e-04, 3.1490e-04, 2.1294e-03, 2.3771e-01,
         1.8168e-03, 1.9533e-02, 7.3667e-01, 8.4468e-04],
        [2.9593e-03, 1.8680e-04, 1.5142e-03, 2.8798e-04, 6.7072e-04, 2.9058e-03,
         1.5530e-03, 9.5620e-01, 3.3354e-02, 3.7302e-04],
        [3.2236e-02, 9.9274e-03, 2.5498e-02, 1.5412e-03, 1.1407e-03, 5.4601e-02,
         3.4680e-02, 2.9351e-02, 1.7296e-04, 8.1085e-01],
        [1.4235e-03, 2.4342e-03, 9.9025e-01, 7.3117e-05, 1.0579e-03, 2.2448e-03,
         5.9718e-04, 9.1946e-04, 8.4434e-05, 9.1059e-04],
        [3.1118e-04, 5.3877e-04, 1.2217e-04, 9.9119e-01, 2.8841e-03, 1.0909e-03,
         3.1964e-04, 5.3318e-04, 2.8456e-03, 1.6247e-04],
        [1.0564e-01, 9.6307e-04, 2.9237e-02, 3.6547e-04, 8.4741e-03, 1.1695e-03,
         7.6578e-01, 3.3638e-03, 1.5237e-03, 8.3483e-02],
        [9.5475e-02, 4.5824e-02, 3.1582e-03, 1.7928e-02, 1.6178e-03, 4.4255e-02,
         5.3566e-03, 6.7951e-01, 5.6148e-03, 1.0126e-01],
        [9.2306e-01, 1.1993e-02, 7.0324e-03, 4.8056e-02, 3.6506e-03, 1.1536e-03,
         1.1841e-03, 1.7930e-03, 2.6906e-04, 1.8077e-03],
        [5.6698e-03, 1.9738e-01, 3.9929e-03, 4.7112e-02, 2.4263e-01, 1.0193e-01,
         1.7009e-01, 1.4413e-03, 2.2560e-01, 4.1570e-03],
        [1.1070e-02, 7.7562e-01, 1.6295e-02, 4.5900e-02, 1.3460e-02, 1.6379e-02,
         4.5973e-02, 2.0614e-02, 4.3287e-02, 1.1403e-02],
        [4.6282e-02, 6.1479e-01, 1.8059e-02, 6.5519e-02, 7.7780e-03, 1.5254e-02,
         1.0684e-01, 7.3261e-02, 1.6634e-02, 3.5585e-02],
        [1.6277e-03, 5.4735e-04, 6.5031e-05, 9.5958e-04, 9.8296e-01, 1.0548e-04,
         1.1596e-03, 5.3070e-04, 1.1204e-02, 8.4471e-04],
        [2.7626e-03, 9.7291e-01, 4.4578e-03, 6.9736e-03, 1.8416e-03, 9.0449e-04,
         2.8892e-03, 5.9424e-03, 6.6723e-05, 1.2566e-03],
        [1.5570e-04, 5.5860e-04, 4.3469e-04, 9.6195e-01, 2.9083e-03, 1.7887e-03,
         8.7813e-03, 1.5668e-04, 2.3075e-02, 1.9008e-04],
        [2.5024e-03, 6.4073e-03, 7.0410e-01, 5.7975e-03, 4.7510e-03, 2.7323e-02,
         2.3014e-02, 6.9076e-03, 3.5766e-02, 1.8343e-01],
        [1.3663e-02, 5.5457e-04, 3.5741e-03, 3.2502e-05, 2.2436e-03, 3.9950e-03,
         7.0565e-03, 9.6646e-01, 1.9945e-03, 4.2339e-04],
        [3.5152e-04, 6.4653e-03, 2.1447e-03, 8.3952e-03, 1.5180e-03, 1.1902e-04,
         4.5445e-04, 9.7939e-01, 8.2093e-04, 3.3899e-04],
        [1.4571e-02, 7.1780e-01, 1.2382e-02, 1.6205e-01, 5.8575e-03, 2.4368e-02,
         3.3471e-02, 1.7031e-02, 6.1054e-03, 6.3652e-03],
        [7.3414e-05, 4.2883e-04, 1.0369e-04, 1.8979e-04, 1.2595e-03, 1.6023e-04,
         9.2274e-03, 1.1646e-03, 9.8727e-01, 1.2288e-04],
        [3.9304e-04, 2.4152e-04, 1.6308e-04, 9.9762e-01, 7.9074e-04, 7.3397e-05,
         3.2527e-04, 2.3193e-04, 1.0377e-04, 5.4553e-05],
        [1.0121e-03, 3.2013e-04, 2.3733e-02, 7.7187e-03, 2.5046e-01, 7.2312e-02,
         1.6836e-01, 9.0910e-04, 4.6369e-01, 1.1484e-02],
        [5.4180e-04, 4.7238e-04, 9.8017e-01, 2.8324e-04, 3.5495e-03, 6.2409e-04,
         1.5589e-04, 1.4404e-03, 7.5996e-03, 5.1607e-03],
        [9.8479e-01, 7.1321e-05, 1.0688e-02, 5.9684e-05, 5.0244e-05, 4.5886e-04,
         3.0678e-03, 3.4177e-04, 1.5792e-05, 4.5497e-04],
        [9.4202e-01, 1.3571e-03, 1.4289e-03, 1.9609e-02, 3.5751e-03, 3.2350e-03,
         1.2354e-03, 4.8174e-04, 3.0978e-04, 2.6749e-02],
        [1.1036e-02, 6.6965e-03, 9.9345e-03, 3.3664e-03, 3.5216e-02, 1.3382e-02,
         8.4741e-03, 5.2983e-03, 2.0838e-02, 8.8576e-01],
        [1.8119e-01, 6.0375e-01, 2.0838e-02, 3.2659e-02, 7.6216e-03, 1.6179e-02,
         5.1792e-02, 3.1373e-02, 1.7757e-03, 5.2815e-02],
        [7.2600e-02, 4.0924e-03, 3.3138e-03, 1.4902e-03, 3.2972e-03, 7.8795e-01,
         8.6223e-03, 3.5776e-04, 1.2998e-03, 1.1698e-01],
        [1.0179e-02, 4.0116e-04, 1.2595e-04, 6.6158e-04, 1.3885e-03, 5.1966e-03,
         8.5326e-04, 1.4337e-03, 5.6687e-03, 9.7409e-01],
        [4.7393e-03, 3.9431e-01, 1.4342e-01, 1.5448e-02, 3.1714e-02, 2.6043e-01,
         2.7325e-02, 1.1261e-01, 2.6902e-03, 7.3126e-03],
        [6.3403e-03, 1.6008e-02, 3.0726e-02, 8.7946e-03, 4.1828e-03, 1.8282e-02,
         2.8606e-02, 2.9751e-02, 1.3365e-03, 8.5597e-01],
        [6.0869e-02, 1.1226e-02, 1.9083e-01, 2.0290e-01, 5.4795e-02, 3.4469e-03,
         1.7738e-02, 1.3068e-03, 5.7585e-02, 3.9930e-01],
        [8.6205e-02, 3.5643e-02, 1.3929e-01, 1.6567e-01, 1.9386e-01, 5.9590e-03,
         4.5462e-03, 3.5961e-03, 2.3726e-01, 1.2796e-01],
        [3.9287e-03, 2.9892e-02, 6.2779e-03, 1.3595e-02, 8.8100e-02, 7.6261e-01,
         8.4491e-03, 8.5288e-02, 1.1591e-03, 7.0190e-04],
        [5.2423e-04, 5.1751e-04, 8.6187e-03, 2.3026e-04, 9.7705e-01, 6.6514e-03,
         1.1045e-03, 4.5600e-03, 5.2394e-04, 2.1780e-04],
        [1.9414e-02, 8.0347e-01, 5.5053e-04, 9.2390e-03, 1.0126e-02, 3.3757e-02,
         5.9901e-03, 1.0464e-02, 1.0546e-01, 1.5373e-03],
        [5.7427e-04, 1.6434e-03, 2.7509e-02, 3.7330e-01, 5.6884e-02, 2.7375e-03,
         4.0466e-03, 5.2501e-01, 1.5379e-03, 6.7540e-03]],
       device='cuda:0', grad_fn=<SoftmaxBackward>)
>> best accuracy: 97.83333333333334	best epoch: 0

>> final recovery rate: 60.15185185185186%
>> val epoch: 15
>> current accuracy: 73.33333333333333%
outputs: tensor([[3.3891e-04, 6.5822e-05, 2.4320e-03, 5.6191e-05, 3.4295e-05, 3.7572e-04,
         9.9627e-01, 3.0293e-04, 1.1885e-05, 1.1356e-04],
        [8.6679e-04, 6.8497e-01, 7.5612e-02, 6.2269e-03, 4.9047e-02, 1.6897e-03,
         2.0861e-02, 8.5541e-03, 1.1756e-01, 3.4611e-02],
        [2.2638e-03, 1.5681e-04, 1.8287e-03, 1.6451e-01, 8.2405e-01, 2.8014e-03,
         1.6466e-04, 1.2880e-03, 2.7527e-03, 1.8851e-04],
        [2.5091e-04, 4.4081e-05, 8.0530e-04, 3.6508e-04, 1.1788e-05, 9.9845e-01,
         2.9231e-05, 8.8179e-06, 2.0445e-05, 1.1062e-05],
        [3.2663e-05, 7.0619e-05, 9.8974e-06, 3.3264e-06, 5.8053e-05, 3.5564e-05,
         2.0021e-05, 8.4513e-04, 9.9890e-01, 2.5922e-05],
        [5.1082e-05, 4.4939e-04, 3.4074e-05, 6.4402e-04, 9.9714e-01, 1.7368e-04,
         6.8583e-04, 4.4230e-04, 5.5606e-05, 3.2167e-04],
        [9.5621e-02, 8.7588e-01, 3.8386e-03, 1.8715e-03, 1.2213e-04, 4.0461e-04,
         1.9496e-02, 2.1382e-03, 2.0076e-04, 4.3074e-04],
        [4.3935e-04, 6.8938e-03, 9.9134e-01, 3.0853e-05, 4.5715e-04, 3.5586e-04,
         1.4974e-04, 1.4068e-04, 1.4135e-04, 5.2758e-05],
        [5.7120e-01, 1.3011e-04, 2.7782e-03, 6.1389e-04, 2.1788e-02, 3.7495e-01,
         1.5668e-03, 2.3439e-02, 1.5403e-03, 1.9971e-03],
        [1.0032e-03, 1.0371e-04, 1.6669e-04, 2.3514e-05, 9.9782e-01, 4.8325e-04,
         4.3821e-05, 6.0438e-05, 5.8500e-05, 2.3943e-04],
        [2.9453e-02, 9.2811e-03, 3.7899e-02, 6.0823e-04, 7.1854e-02, 6.1700e-03,
         4.5598e-03, 8.3846e-01, 9.2796e-04, 7.8987e-04],
        [1.1142e-02, 3.5293e-01, 9.8803e-04, 4.4853e-01, 5.4703e-02, 1.0092e-01,
         2.3250e-03, 2.1008e-02, 7.0070e-03, 4.4799e-04],
        [6.4786e-04, 2.2643e-06, 9.9851e-01, 6.2807e-04, 3.6545e-05, 2.4251e-05,
         6.0868e-05, 5.3851e-05, 2.6624e-05, 7.2245e-06],
        [1.0110e-03, 1.9821e-04, 1.1611e-04, 1.1810e-04, 5.4865e-05, 7.3621e-04,
         2.9983e-03, 9.5850e-04, 8.8464e-05, 9.9372e-01],
        [1.5399e-01, 1.2181e-03, 5.3071e-01, 9.0583e-04, 2.1615e-02, 8.0413e-03,
         8.1087e-02, 1.8125e-01, 7.9914e-03, 1.3192e-02],
        [1.1183e-04, 5.2003e-06, 4.0650e-05, 7.8180e-05, 1.6230e-03, 4.8069e-06,
         2.2585e-04, 1.1225e-04, 9.9777e-01, 3.0277e-05],
        [4.9993e-01, 6.0169e-06, 5.1556e-03, 4.4631e-01, 2.3664e-03, 1.3358e-03,
         2.8073e-02, 1.1901e-03, 6.5157e-03, 9.1172e-03],
        [1.2444e-03, 1.0071e-04, 3.2482e-04, 7.6447e-05, 7.1690e-04, 1.5739e-01,
         2.0427e-04, 2.7130e-03, 8.4180e-04, 8.3638e-01],
        [8.3662e-05, 1.0572e-04, 1.0536e-04, 9.8553e-04, 1.3236e-02, 1.2808e-02,
         9.6952e-01, 1.0430e-03, 1.6954e-04, 1.9392e-03],
        [1.5825e-06, 1.4490e-05, 2.9091e-04, 9.9911e-01, 3.5639e-06, 1.3370e-04,
         2.3435e-04, 1.0531e-04, 7.8645e-06, 9.9928e-05],
        [4.0729e-05, 1.6796e-05, 6.8401e-05, 3.8044e-05, 1.4399e-04, 4.2050e-06,
         4.2981e-05, 2.0064e-04, 9.9807e-01, 1.3738e-03],
        [5.0129e-04, 1.1183e-04, 8.2509e-03, 3.3604e-04, 2.7476e-02, 3.4833e-03,
         2.1898e-03, 1.8391e-03, 5.4563e-04, 9.5527e-01],
        [1.5974e-02, 8.0567e-01, 2.2643e-02, 2.5545e-03, 2.5956e-03, 1.5995e-03,
         1.0566e-01, 9.3798e-04, 1.5148e-03, 4.0849e-02],
        [8.7076e-04, 1.5231e-05, 1.7182e-05, 1.7408e-04, 1.4342e-04, 1.5208e-04,
         1.0125e-02, 2.8401e-04, 2.3794e-05, 9.8819e-01],
        [1.2131e-02, 9.4773e-01, 1.3922e-03, 1.8208e-02, 5.7325e-04, 2.1037e-04,
         1.9431e-03, 1.0350e-03, 1.3838e-02, 2.9363e-03],
        [1.0579e-03, 6.9735e-04, 4.8719e-03, 7.6494e-04, 4.6065e-04, 9.6179e-04,
         2.0069e-04, 8.2294e-01, 1.9520e-04, 1.6785e-01],
        [6.4764e-04, 9.4775e-01, 2.4006e-05, 8.1451e-04, 4.5558e-05, 1.2507e-04,
         2.1688e-02, 8.8802e-03, 1.2363e-02, 7.6629e-03],
        [8.2860e-05, 9.9343e-01, 2.8136e-04, 5.0880e-04, 1.2277e-04, 5.8714e-05,
         1.2416e-04, 9.1770e-05, 1.6132e-04, 5.1406e-03],
        [8.4708e-06, 1.0914e-04, 2.2957e-05, 9.9713e-01, 1.0442e-04, 1.7434e-04,
         3.7421e-04, 2.7259e-05, 1.8079e-03, 2.4227e-04],
        [7.3382e-04, 2.1670e-04, 1.6242e-05, 4.1384e-04, 2.4067e-04, 2.6757e-06,
         8.3841e-05, 9.9806e-01, 6.0004e-05, 1.6733e-04],
        [3.2537e-05, 1.1219e-04, 2.5014e-05, 6.5892e-04, 1.8326e-05, 1.0005e-03,
         1.5416e-04, 9.9795e-01, 1.3678e-05, 3.3929e-05],
        [1.2048e-02, 8.8856e-05, 1.6168e-01, 4.0197e-01, 3.2186e-04, 4.1377e-01,
         5.6763e-03, 1.6555e-04, 6.7867e-04, 3.5905e-03],
        [2.9627e-02, 8.3051e-01, 1.0698e-03, 8.8163e-03, 4.7239e-02, 6.3127e-04,
         1.1515e-04, 2.2206e-03, 4.0270e-04, 7.9373e-02],
        [3.9542e-01, 3.7465e-02, 1.5502e-02, 1.0767e-01, 1.5986e-01, 2.6928e-01,
         9.8674e-04, 1.1644e-02, 5.6841e-04, 1.5995e-03],
        [1.1179e-05, 1.5252e-03, 8.5029e-04, 9.8135e-01, 3.2461e-05, 3.1404e-04,
         1.5389e-04, 1.4193e-03, 8.9222e-03, 5.4232e-03],
        [9.9725e-01, 1.0171e-04, 8.8776e-05, 8.7176e-04, 6.8567e-04, 3.8410e-04,
         1.5638e-05, 1.5704e-04, 2.4147e-04, 2.0447e-04],
        [7.3641e-04, 1.9607e-04, 6.0072e-01, 4.1732e-05, 1.3026e-03, 3.9127e-01,
         1.0376e-03, 7.8126e-04, 2.2174e-03, 1.6937e-03],
        [8.8432e-03, 1.5812e-04, 1.0581e-03, 2.0749e-04, 4.8219e-01, 3.8955e-05,
         5.0074e-01, 6.0303e-03, 4.8724e-04, 2.5119e-04],
        [7.3637e-06, 4.5610e-06, 1.7066e-04, 4.6519e-04, 8.4178e-05, 9.9913e-01,
         5.2765e-05, 2.7444e-05, 5.8957e-05, 3.4719e-06],
        [8.4620e-05, 1.8197e-04, 2.1437e-04, 2.1737e-04, 1.6572e-04, 6.5144e-03,
         1.8676e-02, 4.2686e-05, 9.5600e-05, 9.7381e-01],
        [2.1388e-05, 3.0931e-05, 1.4332e-04, 7.7313e-06, 6.2418e-05, 3.2233e-06,
         2.0370e-05, 2.6372e-05, 9.9961e-01, 7.8473e-05],
        [2.7939e-02, 9.5138e-01, 2.1394e-03, 5.2194e-04, 8.9672e-05, 2.1927e-04,
         1.2126e-02, 7.8150e-04, 1.7121e-03, 3.0920e-03],
        [2.9805e-03, 1.0839e-01, 6.5072e-01, 9.9578e-02, 5.1657e-03, 1.7317e-02,
         4.1797e-03, 1.8010e-02, 9.2346e-02, 1.3156e-03],
        [2.6535e-03, 8.8541e-01, 1.4662e-02, 2.7589e-04, 2.3894e-03, 9.5192e-03,
         2.2308e-02, 6.1596e-02, 9.1860e-04, 2.6511e-04],
        [9.9266e-02, 6.1637e-03, 1.7520e-01, 7.8361e-03, 6.0558e-04, 9.2396e-04,
         4.6708e-03, 6.2421e-04, 1.6956e-02, 6.8776e-01],
        [8.7065e-02, 7.9497e-03, 3.7477e-04, 8.6835e-04, 1.9007e-03, 4.5820e-04,
         7.5746e-03, 2.6469e-04, 8.9314e-01, 4.0135e-04],
        [2.2961e-05, 1.4654e-05, 2.9583e-06, 4.4409e-06, 9.9984e-01, 4.8973e-06,
         5.1806e-06, 5.7199e-05, 4.0772e-05, 3.4603e-06],
        [7.1372e-02, 8.4168e-01, 9.2176e-04, 5.8888e-02, 9.3396e-04, 5.0451e-03,
         1.3727e-02, 6.2529e-03, 3.3176e-04, 8.4680e-04]],
       device='cuda:0', grad_fn=<SoftmaxBackward>)
>> best accuracy: 97.83333333333334	best epoch: 0

>> final recovery rate: 60.15185185185186%
>> val epoch: 20
>> current accuracy: 72.48333333333333%
outputs: tensor([[3.7190e-03, 3.7638e-04, 2.3166e-01, 8.5841e-02, 2.8200e-04, 6.3123e-01,
         5.3061e-04, 1.7401e-03, 4.4446e-02, 1.7223e-04],
        [1.9208e-03, 8.0327e-05, 1.1208e-02, 3.6506e-05, 1.8355e-04, 1.3142e-04,
         4.8022e-02, 3.2775e-04, 2.6990e-04, 9.3782e-01],
        [2.2889e-02, 4.5649e-05, 9.6807e-06, 1.4910e-02, 9.4958e-01, 5.8783e-04,
         3.7164e-04, 4.0225e-05, 1.1125e-02, 4.4211e-04],
        [1.6047e-05, 9.8877e-01, 1.2505e-03, 2.0608e-04, 7.8190e-03, 6.2212e-05,
         4.8776e-05, 8.6046e-05, 7.2290e-04, 1.0211e-03],
        [9.2819e-01, 1.1926e-02, 3.3448e-03, 2.7829e-05, 7.3553e-04, 3.5687e-02,
         3.4956e-03, 1.5369e-02, 2.9096e-05, 1.1910e-03],
        [1.4520e-04, 3.4205e-01, 8.5463e-04, 2.8328e-03, 3.2553e-03, 8.7578e-05,
         1.4028e-03, 4.7387e-02, 6.0185e-01, 1.3277e-04],
        [3.1138e-05, 6.8543e-07, 1.7488e-05, 1.9329e-06, 4.8014e-06, 5.8860e-06,
         2.6235e-03, 3.7914e-04, 9.9691e-01, 2.3842e-05],
        [2.8391e-04, 4.6742e-06, 5.3359e-04, 3.0239e-05, 1.6036e-05, 9.9808e-01,
         7.6533e-05, 7.2484e-05, 8.8867e-04, 1.3841e-05],
        [7.8697e-03, 6.2216e-01, 6.8650e-02, 2.3313e-03, 3.4119e-03, 6.3814e-03,
         1.3432e-04, 2.1473e-01, 2.8974e-02, 4.5352e-02],
        [6.9392e-05, 8.7215e-01, 5.7156e-04, 6.7128e-03, 7.5676e-04, 6.1499e-03,
         9.1198e-02, 2.0199e-02, 2.1594e-03, 3.5927e-05],
        [9.2266e-03, 6.1610e-05, 4.6022e-01, 5.6988e-02, 9.0055e-05, 8.2225e-04,
         4.6995e-01, 5.1937e-04, 1.6730e-03, 4.5091e-04],
        [7.4891e-04, 8.5109e-03, 1.0719e-02, 2.8449e-03, 7.3772e-05, 3.5717e-03,
         3.8061e-03, 4.3777e-03, 3.1628e-04, 9.6503e-01],
        [3.2858e-04, 2.3986e-05, 7.7967e-05, 4.7062e-06, 6.0331e-04, 6.6666e-06,
         1.3089e-03, 9.9437e-01, 3.2705e-03, 9.0789e-06],
        [9.9987e-01, 1.0690e-05, 5.3040e-05, 2.0812e-05, 7.9830e-06, 7.3955e-06,
         1.1686e-06, 8.5777e-06, 7.5780e-06, 8.6110e-06],
        [1.4472e-05, 5.0441e-06, 2.4262e-04, 3.4824e-05, 3.1201e-05, 9.9901e-01,
         7.4631e-06, 6.7099e-05, 4.1184e-06, 5.8126e-04],
        [1.1478e-04, 1.7443e-01, 1.3279e-04, 2.0543e-03, 9.4812e-04, 2.1247e-04,
         5.2076e-04, 3.2956e-03, 3.1545e-04, 8.1797e-01],
        [9.9985e-01, 6.4847e-06, 1.9943e-05, 6.7333e-06, 1.1079e-06, 2.6038e-07,
         9.3564e-06, 2.2791e-06, 1.0338e-04, 1.8512e-06],
        [1.7247e-05, 4.9510e-07, 4.8796e-07, 2.9759e-05, 3.4196e-04, 9.9958e-01,
         6.5785e-06, 1.0002e-06, 1.8342e-05, 5.7817e-06],
        [4.6811e-02, 3.3100e-03, 1.1152e-02, 1.0535e-03, 1.1117e-02, 7.7332e-01,
         1.4020e-05, 2.1431e-02, 4.7972e-02, 8.3818e-02],
        [4.2679e-02, 4.5785e-03, 1.1998e-02, 5.8482e-03, 2.0020e-01, 2.9578e-01,
         7.0794e-02, 3.1597e-01, 2.0982e-02, 3.1179e-02],
        [1.2039e-03, 8.0914e-04, 2.8802e-05, 1.8711e-05, 9.9326e-01, 6.1196e-05,
         6.2608e-05, 4.4626e-03, 9.0592e-05, 7.4512e-06],
        [2.2911e-04, 8.6091e-01, 1.8547e-03, 2.0841e-03, 4.7952e-02, 1.2419e-02,
         3.6537e-02, 8.8966e-03, 2.1183e-02, 7.9320e-03],
        [5.4606e-04, 7.0632e-01, 1.4121e-01, 1.1801e-01, 2.2373e-03, 1.0390e-02,
         1.4866e-03, 1.1517e-02, 7.7870e-03, 4.9794e-04],
        [5.8696e-04, 7.4012e-01, 1.5272e-02, 1.9075e-02, 3.7998e-02, 3.4000e-03,
         9.0208e-02, 5.4540e-02, 3.9725e-03, 3.4823e-02],
        [3.5995e-06, 6.7796e-04, 1.1592e-05, 9.9786e-01, 1.7295e-04, 1.2027e-06,
         6.0624e-05, 1.1331e-03, 6.6972e-05, 1.0664e-05],
        [5.7707e-04, 2.9178e-04, 3.7689e-04, 3.8866e-02, 7.1839e-04, 8.9885e-01,
         3.2426e-03, 5.0348e-05, 5.6570e-02, 4.5778e-04],
        [9.4817e-05, 2.1920e-04, 5.1630e-05, 3.0306e-01, 1.6455e-02, 1.3126e-04,
         7.7024e-05, 6.7821e-01, 2.8689e-04, 1.4140e-03],
        [1.5524e-04, 9.0992e-01, 2.7596e-03, 8.4870e-02, 6.9766e-04, 1.5208e-05,
         4.3738e-04, 2.3937e-04, 3.3581e-04, 5.7419e-04],
        [3.5685e-05, 7.9657e-05, 6.2736e-05, 3.4305e-05, 3.1235e-04, 8.5305e-03,
         9.8926e-01, 1.6754e-03, 3.5378e-06, 3.2471e-06],
        [1.1204e-04, 7.9435e-04, 7.7933e-06, 9.7856e-01, 1.6118e-02, 2.3621e-05,
         5.6881e-04, 1.3624e-03, 1.5992e-03, 8.5742e-04],
        [7.0014e-05, 1.3715e-02, 9.0889e-01, 7.6588e-02, 1.6034e-04, 1.2640e-04,
         3.2546e-05, 1.5879e-05, 2.7452e-04, 1.2355e-04],
        [2.0964e-03, 1.5519e-03, 4.4058e-02, 1.2698e-03, 2.0064e-04, 5.6608e-04,
         2.4151e-01, 3.7879e-02, 4.6677e-04, 6.7040e-01],
        [1.4832e-02, 9.8087e-01, 1.5003e-05, 4.7039e-04, 3.2635e-05, 2.3766e-03,
         4.7294e-04, 7.6890e-04, 8.4926e-05, 7.6927e-05],
        [1.1102e-04, 2.0642e-05, 2.3288e-02, 3.1194e-03, 3.6844e-04, 9.6538e-01,
         9.4740e-05, 4.7622e-03, 2.8132e-03, 4.5806e-05],
        [1.2535e-03, 2.8020e-04, 1.9384e-02, 9.6110e-01, 7.4003e-04, 1.5855e-02,
         5.0929e-04, 8.0440e-04, 5.8049e-05, 1.5824e-05],
        [2.2781e-04, 7.1109e-06, 2.2037e-05, 2.2095e-06, 8.5260e-04, 2.1419e-04,
         5.2761e-06, 1.1924e-06, 9.9852e-01, 1.5223e-04],
        [5.6895e-03, 2.8004e-01, 3.4327e-01, 3.0191e-03, 4.6370e-04, 3.4178e-02,
         3.0860e-01, 1.4411e-02, 2.0115e-03, 8.3139e-03],
        [4.8269e-03, 1.7296e-06, 1.2824e-05, 4.0577e-04, 1.5769e-05, 1.8830e-05,
         9.9408e-01, 1.1353e-04, 1.2029e-05, 5.0955e-04],
        [6.7607e-03, 6.0745e-04, 1.5472e-04, 5.8226e-05, 7.1262e-06, 3.2733e-03,
         1.6941e-03, 8.5831e-04, 1.7258e-02, 9.6933e-01],
        [1.7376e-03, 6.2816e-05, 9.7450e-01, 2.2824e-05, 9.6540e-05, 3.8042e-05,
         2.7882e-04, 2.3057e-02, 1.6636e-04, 4.3070e-05],
        [9.9930e-01, 1.1151e-04, 2.5486e-06, 1.0485e-04, 1.8779e-05, 1.9092e-06,
         2.0688e-06, 1.1700e-05, 2.8855e-04, 1.5583e-04],
        [9.9081e-05, 1.8428e-03, 9.9208e-01, 4.3633e-05, 6.0495e-05, 6.6786e-05,
         3.6737e-03, 1.1434e-04, 1.8189e-03, 2.0430e-04],
        [7.8015e-04, 8.1403e-06, 6.4486e-04, 1.3311e-04, 2.3417e-05, 4.1799e-05,
         6.4625e-05, 1.8982e-06, 8.7469e-05, 9.9821e-01],
        [5.7209e-05, 2.0919e-05, 1.8602e-04, 4.2427e-05, 9.9847e-01, 3.1621e-05,
         1.2462e-04, 6.0281e-05, 5.8407e-04, 4.2266e-04],
        [6.0790e-06, 1.2325e-06, 2.1386e-05, 1.6359e-06, 9.9908e-01, 1.7949e-06,
         8.2462e-06, 8.6246e-04, 4.7620e-06, 1.3537e-05],
        [4.0578e-03, 1.0074e-04, 1.2793e-02, 3.3535e-03, 3.1060e-03, 5.2169e-03,
         2.6494e-01, 5.0183e-03, 2.0650e-03, 6.9935e-01],
        [6.4245e-02, 3.4373e-01, 5.8456e-05, 1.9820e-02, 1.4348e-04, 1.4100e-04,
         1.8156e-01, 1.4896e-02, 4.9614e-04, 3.7491e-01],
        [2.2999e-04, 2.7911e-04, 4.0051e-05, 8.3268e-04, 9.9602e-01, 2.6936e-06,
         4.3598e-04, 1.3231e-05, 5.8086e-05, 2.0920e-03]],
       device='cuda:0', grad_fn=<SoftmaxBackward>)
>> best accuracy: 97.83333333333334	best epoch: 0

>> final recovery rate: 60.15185185185186%
>> val epoch: 25
>> current accuracy: 75.23333333333333%
outputs: tensor([[1.4071e-06, 1.1254e-04, 2.5750e-04, 9.9834e-01, 1.0593e-03, 1.3176e-05,
         2.5320e-06, 5.3383e-05, 1.5823e-04, 1.8775e-06],
        [4.0700e-05, 9.7919e-07, 1.0095e-04, 1.2485e-06, 7.5933e-06, 2.5454e-05,
         3.3139e-03, 9.9720e-05, 9.9641e-01, 1.8562e-07],
        [2.0785e-03, 6.8111e-06, 5.9825e-05, 3.0630e-03, 1.1431e-03, 8.5621e-05,
         1.0294e-02, 1.8377e-03, 3.5030e-05, 9.8140e-01],
        [7.6459e-03, 9.9096e-01, 5.4437e-05, 4.9785e-04, 7.8819e-06, 3.3103e-04,
         3.4252e-05, 3.0707e-04, 1.4228e-05, 1.4988e-04],
        [1.3498e-05, 8.6833e-06, 9.9936e-01, 7.9526e-07, 7.6495e-06, 4.0962e-04,
         3.7842e-05, 6.6946e-06, 3.7569e-05, 1.2234e-04],
        [1.7293e-04, 4.9348e-04, 1.1543e-03, 1.6656e-04, 2.5470e-03, 1.5853e-05,
         1.5594e-06, 1.5418e-06, 4.6106e-04, 9.9499e-01],
        [9.7103e-03, 2.2842e-02, 3.5600e-04, 6.7386e-01, 1.2335e-03, 7.1508e-05,
         1.3901e-01, 8.8586e-02, 2.5244e-03, 6.1806e-02],
        [9.5321e-01, 7.0458e-05, 1.8553e-02, 1.1584e-05, 2.2321e-02, 8.7392e-06,
         3.5157e-04, 5.3285e-03, 1.3522e-04, 5.9009e-06],
        [8.7908e-06, 2.2576e-06, 3.4431e-05, 1.6768e-05, 8.3958e-05, 3.8244e-05,
         2.5742e-03, 2.1017e-04, 4.3819e-05, 9.9699e-01],
        [2.0857e-05, 9.7028e-01, 4.0722e-04, 1.9334e-02, 3.8148e-03, 3.2869e-03,
         1.4425e-03, 9.2671e-05, 3.8210e-05, 1.2813e-03],
        [4.6160e-05, 8.2537e-06, 9.9904e-01, 8.0170e-06, 1.9309e-04, 7.6102e-05,
         1.8309e-06, 9.2068e-05, 6.9324e-07, 5.2950e-04],
        [1.4346e-03, 1.8419e-03, 2.6092e-03, 5.1468e-04, 2.2242e-04, 1.2894e-03,
         1.6876e-03, 2.9432e-04, 9.8767e-01, 2.4392e-03],
        [1.0742e-01, 1.9331e-03, 2.9706e-04, 1.1087e-04, 1.0152e-04, 4.0144e-04,
         1.3366e-04, 8.8931e-01, 2.3217e-04, 5.2029e-05],
        [7.6738e-07, 7.6339e-05, 9.9834e-01, 8.9094e-06, 1.5301e-03, 1.1455e-05,
         4.2917e-06, 1.0969e-05, 1.0948e-06, 1.8230e-05],
        [2.3024e-05, 3.7800e-06, 8.3651e-05, 1.1748e-06, 4.8505e-05, 1.6071e-04,
         2.1154e-05, 9.9963e-01, 6.1280e-06, 2.2714e-05],
        [7.4778e-06, 4.7098e-05, 1.4876e-03, 7.7043e-04, 2.6928e-04, 9.9672e-01,
         7.1797e-05, 3.9410e-04, 8.9523e-06, 2.2376e-04],
        [2.0613e-05, 9.9161e-06, 3.4772e-05, 3.1263e-07, 2.4680e-05, 2.8402e-06,
         8.5735e-07, 1.5919e-05, 9.9989e-01, 2.8044e-06],
        [4.5526e-04, 2.1300e-05, 1.2471e-06, 1.3057e-07, 3.7671e-06, 9.9881e-01,
         4.5545e-04, 1.5847e-05, 1.7226e-07, 2.3680e-04],
        [4.1529e-06, 3.4176e-05, 6.2644e-04, 1.1419e-05, 9.8923e-01, 6.2321e-03,
         9.3140e-05, 3.1013e-05, 3.7969e-04, 3.3609e-03],
        [1.0632e-05, 9.9773e-01, 2.8079e-04, 6.7491e-04, 1.7049e-04, 1.0645e-03,
         3.5201e-06, 2.0103e-05, 3.7302e-05, 4.2901e-06],
        [3.6989e-04, 1.4304e-01, 4.5734e-02, 1.5595e-03, 1.2999e-04, 1.4722e-02,
         7.8649e-01, 9.1810e-04, 4.1609e-03, 2.8779e-03],
        [9.9201e-01, 4.8298e-04, 1.8089e-04, 4.9979e-05, 2.6928e-03, 1.5681e-03,
         1.3654e-03, 2.1105e-04, 1.7948e-06, 1.4405e-03],
        [4.1855e-03, 8.0875e-03, 3.3896e-04, 1.1298e-03, 1.1584e-04, 9.2517e-06,
         6.2551e-04, 8.3041e-04, 9.8460e-01, 7.8935e-05],
        [8.6956e-01, 9.0496e-02, 1.9805e-04, 3.7276e-04, 1.2420e-04, 2.6045e-03,
         1.5551e-02, 1.1664e-02, 1.3179e-03, 8.1086e-03],
        [1.1295e-03, 1.9393e-05, 1.3358e-06, 6.3652e-05, 2.0829e-04, 5.2540e-04,
         1.1017e-03, 9.9627e-01, 6.2638e-04, 5.7644e-05],
        [9.6542e-01, 4.5769e-04, 1.0781e-02, 9.0345e-03, 9.7541e-06, 4.2303e-03,
         7.5157e-03, 4.4164e-06, 2.4200e-03, 1.2378e-04],
        [1.7511e-03, 9.7927e-01, 9.9744e-04, 6.5011e-04, 2.9459e-03, 2.1923e-04,
         2.4935e-04, 5.2314e-04, 1.1441e-03, 1.2247e-02],
        [1.7658e-05, 2.3780e-04, 2.2186e-04, 1.5082e-05, 1.0624e-05, 7.1145e-05,
         2.2522e-05, 9.9881e-01, 4.8674e-04, 1.0800e-04],
        [6.9574e-06, 2.8905e-05, 1.8603e-04, 1.8439e-03, 6.4472e-04, 2.2994e-03,
         1.0658e-03, 1.6465e-05, 9.8697e-01, 6.9375e-03],
        [8.2615e-04, 7.6650e-05, 9.9872e-04, 1.6142e-04, 1.2107e-03, 4.2765e-01,
         1.9368e-05, 5.6530e-01, 3.6845e-03, 7.1826e-05],
        [9.9297e-01, 7.9676e-04, 8.0113e-05, 4.4716e-04, 2.2780e-03, 3.0192e-06,
         1.2000e-05, 1.3501e-05, 6.3901e-06, 3.3882e-03],
        [5.9055e-05, 1.3962e-05, 1.0208e-07, 1.4511e-03, 6.2942e-05, 2.5197e-05,
         9.7908e-01, 1.0945e-04, 1.9196e-02, 5.6693e-06],
        [3.5137e-05, 1.5049e-04, 1.1238e-03, 3.3682e-02, 9.2225e-01, 1.8827e-03,
         6.1390e-03, 3.9499e-05, 3.4457e-02, 2.3679e-04],
        [3.4865e-04, 3.8948e-02, 8.1005e-04, 1.6993e-05, 9.1782e-05, 1.3645e-04,
         9.5956e-01, 1.0663e-05, 5.3329e-05, 2.1372e-05],
        [1.2393e-04, 1.2894e-06, 7.8222e-06, 9.0831e-05, 2.9688e-07, 4.1193e-05,
         4.3501e-04, 4.5650e-05, 1.2007e-05, 9.9924e-01],
        [4.4279e-03, 9.8307e-01, 7.6243e-05, 7.8833e-03, 2.0099e-03, 3.2479e-05,
         1.2720e-04, 6.8156e-04, 1.6114e-03, 7.7127e-05],
        [6.2785e-05, 1.3305e-06, 1.7798e-06, 9.9811e-01, 7.7984e-05, 3.2734e-05,
         1.9718e-04, 9.0919e-07, 1.4443e-03, 7.2814e-05],
        [7.7284e-03, 9.2468e-03, 4.5558e-04, 8.8035e-01, 1.3801e-02, 4.8166e-02,
         1.1823e-02, 5.5868e-03, 1.5759e-03, 2.1268e-02],
        [9.7206e-04, 4.7613e-04, 3.6402e-05, 3.9239e-03, 3.1644e-03, 3.1302e-03,
         2.0549e-01, 1.8881e-04, 7.7451e-01, 8.1073e-03],
        [2.2825e-06, 4.1675e-05, 1.3335e-05, 4.1123e-06, 9.9974e-01, 4.6304e-06,
         8.3183e-05, 1.2837e-05, 8.4866e-05, 1.6742e-05],
        [1.0892e-04, 1.3017e-07, 4.9540e-06, 6.0553e-05, 3.0190e-05, 6.4023e-05,
         1.2324e-04, 9.9941e-01, 1.9135e-04, 5.3596e-06],
        [2.0165e-04, 3.7150e-03, 1.9428e-05, 9.9536e-01, 5.5149e-04, 1.6875e-05,
         3.1750e-05, 2.4069e-05, 1.6890e-05, 6.5111e-05],
        [1.2415e-03, 9.6814e-01, 4.6909e-03, 8.4377e-06, 2.1820e-04, 2.3426e-02,
         4.1943e-04, 4.0400e-04, 2.2171e-05, 1.4318e-03],
        [7.3017e-05, 2.4202e-04, 3.6995e-03, 2.1219e-05, 2.3817e-03, 3.8156e-04,
         1.2526e-04, 1.9798e-03, 2.7925e-05, 9.9107e-01],
        [9.9674e-01, 7.1469e-07, 2.4009e-04, 1.6849e-05, 1.7915e-03, 2.0813e-05,
         9.7521e-05, 7.1646e-07, 2.9596e-04, 7.9456e-04],
        [6.3536e-06, 1.7157e-05, 9.9071e-01, 3.8550e-06, 1.4075e-04, 3.7340e-04,
         4.8251e-06, 8.4763e-03, 1.9807e-04, 6.5107e-05],
        [9.8821e-06, 4.2673e-04, 1.6467e-04, 9.9740e-01, 3.9655e-05, 5.7114e-04,
         1.3432e-03, 3.4570e-05, 3.6236e-06, 4.7296e-06],
        [8.5607e-02, 8.2237e-01, 3.1742e-03, 5.9855e-02, 1.1205e-02, 1.1399e-02,
         1.7929e-04, 6.1723e-03, 2.1773e-05, 1.9989e-05]],
       device='cuda:0', grad_fn=<SoftmaxBackward>)
>> best accuracy: 97.83333333333334	best epoch: 0

>> final recovery rate: 60.21296296296297%
>> val epoch: 30
>> current accuracy: 69.08333333333333%
outputs: tensor([[1.3249e-06, 1.0930e-05, 4.3888e-07, 2.3549e-06, 1.1283e-05, 1.1203e-06,
         9.9993e-01, 2.8356e-05, 4.4206e-07, 1.0510e-05],
        [5.9810e-04, 2.6542e-02, 1.9904e-07, 8.7972e-03, 9.6051e-01, 2.5192e-04,
         1.5996e-03, 1.1947e-05, 8.2316e-04, 8.6220e-04],
        [4.7260e-04, 3.8291e-05, 6.1503e-07, 9.9264e-01, 1.1953e-05, 1.3885e-04,
         5.4686e-04, 1.6779e-06, 9.6004e-06, 6.1376e-03],
        [2.5447e-04, 5.3416e-05, 9.9415e-01, 5.9519e-07, 4.1659e-03, 9.7065e-05,
         3.6951e-04, 7.6837e-04, 1.3472e-04, 7.9670e-06],
        [3.3140e-04, 2.1420e-05, 9.7554e-06, 1.6925e-03, 1.7860e-03, 2.9435e-04,
         9.9579e-01, 1.1515e-06, 8.4156e-06, 6.8451e-05],
        [3.3859e-03, 6.7655e-06, 6.7163e-05, 8.0377e-01, 3.7491e-04, 1.8440e-01,
         1.9092e-05, 5.7123e-04, 3.6093e-03, 3.7963e-03],
        [6.5964e-04, 2.8774e-03, 1.5501e-02, 1.0020e-06, 7.4453e-04, 1.5969e-04,
         2.0327e-04, 9.7964e-01, 7.3284e-05, 1.4501e-04],
        [2.7888e-03, 6.4110e-01, 3.7716e-02, 2.5997e-02, 1.0861e-03, 3.3285e-05,
         1.9092e-03, 4.8034e-04, 2.8885e-01, 3.2214e-05],
        [1.3387e-05, 3.6812e-03, 1.7420e-05, 9.8866e-05, 1.7462e-03, 4.3275e-03,
