noise type: uniform
noise level: 0.4
when_to_apply_epoch: 10
total clean data num: 32638
probability transition matrix:
[[0.6        0.04444444 0.04444444 0.04444444 0.04444444 0.04444444
  0.04444444 0.04444444 0.04444444 0.04444444]
 [0.04444444 0.6        0.04444444 0.04444444 0.04444444 0.04444444
  0.04444444 0.04444444 0.04444444 0.04444444]
 [0.04444444 0.04444444 0.6        0.04444444 0.04444444 0.04444444
  0.04444444 0.04444444 0.04444444 0.04444444]
 [0.04444444 0.04444444 0.04444444 0.6        0.04444444 0.04444444
  0.04444444 0.04444444 0.04444444 0.04444444]
 [0.04444444 0.04444444 0.04444444 0.04444444 0.6        0.04444444
  0.04444444 0.04444444 0.04444444 0.04444444]
 [0.04444444 0.04444444 0.04444444 0.04444444 0.04444444 0.6
  0.04444444 0.04444444 0.04444444 0.04444444]
 [0.04444444 0.04444444 0.04444444 0.04444444 0.04444444 0.04444444
  0.6        0.04444444 0.04444444 0.04444444]
 [0.04444444 0.04444444 0.04444444 0.04444444 0.04444444 0.04444444
  0.04444444 0.6        0.04444444 0.04444444]
 [0.04444444 0.04444444 0.04444444 0.04444444 0.04444444 0.04444444
  0.04444444 0.04444444 0.6        0.04444444]
 [0.04444444 0.04444444 0.04444444 0.04444444 0.04444444 0.04444444
  0.04444444 0.04444444 0.04444444 0.6       ]]
>> val epoch: 0
>> current accuracy: 90.21666666666667%
outputs: tensor([[0.0423, 0.0378, 0.0508, 0.0701, 0.0289, 0.0337, 0.0378, 0.0178, 0.6113,
         0.0697],
        [0.1296, 0.0619, 0.2456, 0.1726, 0.0641, 0.0476, 0.0680, 0.0594, 0.0774,
         0.0738],
        [0.0609, 0.1272, 0.0424, 0.0498, 0.0772, 0.0536, 0.0580, 0.1087, 0.0391,
         0.3830],
        [0.0196, 0.0206, 0.0172, 0.0631, 0.0275, 0.0233, 0.7864, 0.0145, 0.0091,
         0.0188],
        [0.0350, 0.6454, 0.0317, 0.0433, 0.0675, 0.0255, 0.0728, 0.0244, 0.0188,
         0.0355],
        [0.3636, 0.1301, 0.0495, 0.0914, 0.0771, 0.0485, 0.0759, 0.0544, 0.0335,
         0.0760],
        [0.0743, 0.1529, 0.0553, 0.0540, 0.4332, 0.0341, 0.0702, 0.0392, 0.0373,
         0.0495],
        [0.0995, 0.0062, 0.0140, 0.0417, 0.0257, 0.0642, 0.0474, 0.5950, 0.0228,
         0.0835],
        [0.0705, 0.0748, 0.3382, 0.0273, 0.0285, 0.0391, 0.0806, 0.0559, 0.0518,
         0.2334],
        [0.5133, 0.0598, 0.0451, 0.0643, 0.0585, 0.0372, 0.0427, 0.0515, 0.0333,
         0.0944],
        [0.0207, 0.0294, 0.0083, 0.0196, 0.0332, 0.7823, 0.0345, 0.0270, 0.0246,
         0.0206],
        [0.6150, 0.0445, 0.0244, 0.0505, 0.0577, 0.0345, 0.0314, 0.0492, 0.0194,
         0.0734],
        [0.4770, 0.0310, 0.0227, 0.0495, 0.0593, 0.1346, 0.1014, 0.0447, 0.0213,
         0.0586],
        [0.0132, 0.0184, 0.0203, 0.0404, 0.0287, 0.0160, 0.8332, 0.0094, 0.0061,
         0.0144],
        [0.0162, 0.0237, 0.0086, 0.0191, 0.0288, 0.8096, 0.0310, 0.0241, 0.0217,
         0.0171],
        [0.0150, 0.0276, 0.0088, 0.0195, 0.0288, 0.8101, 0.0300, 0.0247, 0.0180,
         0.0176],
        [0.0369, 0.6242, 0.0338, 0.0463, 0.0698, 0.0276, 0.0751, 0.0273, 0.0211,
         0.0379],
        [0.1874, 0.0647, 0.0414, 0.0879, 0.0799, 0.0655, 0.0666, 0.2142, 0.0374,
         0.1549],
        [0.0444, 0.5519, 0.0414, 0.0604, 0.0743, 0.0340, 0.0839, 0.0328, 0.0303,
         0.0466],
        [0.0676, 0.0674, 0.0612, 0.1562, 0.0790, 0.1742, 0.0792, 0.0534, 0.1557,
         0.1061],
        [0.0660, 0.1174, 0.0605, 0.0584, 0.4344, 0.0357, 0.0806, 0.0493, 0.0446,
         0.0531],
        [0.0486, 0.0376, 0.0612, 0.5964, 0.0564, 0.0346, 0.0732, 0.0230, 0.0311,
         0.0378],
        [0.0335, 0.6633, 0.0299, 0.0408, 0.0651, 0.0237, 0.0710, 0.0222, 0.0171,
         0.0335],
        [0.0635, 0.0555, 0.0849, 0.3532, 0.0645, 0.0539, 0.0704, 0.0337, 0.1024,
         0.1179],
        [0.0652, 0.0751, 0.0466, 0.0771, 0.0606, 0.0874, 0.0837, 0.3428, 0.0546,
         0.1069],
        [0.0713, 0.1229, 0.0604, 0.0590, 0.4240, 0.0375, 0.0760, 0.0494, 0.0458,
         0.0536],
        [0.0232, 0.0412, 0.0348, 0.0857, 0.0380, 0.0295, 0.6832, 0.0191, 0.0171,
         0.0281],
        [0.0342, 0.6557, 0.0306, 0.0418, 0.0661, 0.0245, 0.0718, 0.0231, 0.0178,
         0.0343],
        [0.0428, 0.0583, 0.0577, 0.1077, 0.0405, 0.0509, 0.0919, 0.0264, 0.4581,
         0.0657],
        [0.0459, 0.0506, 0.0514, 0.1160, 0.0501, 0.0665, 0.2262, 0.0335, 0.2935,
         0.0662],
        [0.1897, 0.0755, 0.0275, 0.0590, 0.0681, 0.3140, 0.1010, 0.0576, 0.0413,
         0.0663],
        [0.0733, 0.0563, 0.0500, 0.0912, 0.0659, 0.0857, 0.0757, 0.3501, 0.0549,
         0.0969],
        [0.0897, 0.0173, 0.0231, 0.0641, 0.0390, 0.0837, 0.0607, 0.5015, 0.0348,
         0.0861],
        [0.0363, 0.0359, 0.0163, 0.0280, 0.0440, 0.6042, 0.1372, 0.0346, 0.0289,
         0.0347],
        [0.0296, 0.0441, 0.0145, 0.0349, 0.0485, 0.6747, 0.0497, 0.0396, 0.0354,
         0.0290],
        [0.0477, 0.0243, 0.0190, 0.0191, 0.0442, 0.0223, 0.0258, 0.0525, 0.0116,
         0.7336],
        [0.0690, 0.1513, 0.0597, 0.0601, 0.3872, 0.0379, 0.0825, 0.0486, 0.0438,
         0.0598],
        [0.0870, 0.0391, 0.0456, 0.1177, 0.0665, 0.0824, 0.0796, 0.3455, 0.0443,
         0.0922],
        [0.0700, 0.0775, 0.4821, 0.0325, 0.0296, 0.0313, 0.0951, 0.0402, 0.0733,
         0.0683],
        [0.0185, 0.0257, 0.0085, 0.0209, 0.0301, 0.7974, 0.0343, 0.0227, 0.0231,
         0.0189],
        [0.0341, 0.0526, 0.0203, 0.0458, 0.0501, 0.5325, 0.0632, 0.0473, 0.1074,
         0.0469],
        [0.0464, 0.0288, 0.0715, 0.6105, 0.0561, 0.0338, 0.0599, 0.0243, 0.0328,
         0.0359],
        [0.7295, 0.0331, 0.0175, 0.0404, 0.0372, 0.0307, 0.0290, 0.0315, 0.0095,
         0.0414],
        [0.0513, 0.0459, 0.0741, 0.0842, 0.0316, 0.0356, 0.0435, 0.0201, 0.5123,
         0.1012],
        [0.0583, 0.1215, 0.0566, 0.0569, 0.4399, 0.0359, 0.0912, 0.0453, 0.0445,
         0.0499],
        [0.0349, 0.6475, 0.0314, 0.0430, 0.0671, 0.0253, 0.0727, 0.0241, 0.0186,
         0.0352],
        [0.0694, 0.0883, 0.4242, 0.0472, 0.0414, 0.0388, 0.0731, 0.0562, 0.0773,
         0.0840],
        [0.0668, 0.1374, 0.0563, 0.0558, 0.4338, 0.0355, 0.0803, 0.0429, 0.0414,
         0.0498]], device='cuda:0', grad_fn=<SoftmaxBackward>)
>> best accuracy: 90.21666666666667	best epoch: 0

>> final recovery rate: 60.440740740740736%
