noise type: uniform
noise level: 0.8
when_to_apply_epoch: 15
total clean data num: 10818
probability transition matrix:
[[0.2        0.08888889 0.08888889 0.08888889 0.08888889 0.08888889
  0.08888889 0.08888889 0.08888889 0.08888889]
 [0.08888889 0.2        0.08888889 0.08888889 0.08888889 0.08888889
  0.08888889 0.08888889 0.08888889 0.08888889]
 [0.08888889 0.08888889 0.2        0.08888889 0.08888889 0.08888889
  0.08888889 0.08888889 0.08888889 0.08888889]
 [0.08888889 0.08888889 0.08888889 0.2        0.08888889 0.08888889
  0.08888889 0.08888889 0.08888889 0.08888889]
 [0.08888889 0.08888889 0.08888889 0.08888889 0.2        0.08888889
  0.08888889 0.08888889 0.08888889 0.08888889]
 [0.08888889 0.08888889 0.08888889 0.08888889 0.08888889 0.2
  0.08888889 0.08888889 0.08888889 0.08888889]
 [0.08888889 0.08888889 0.08888889 0.08888889 0.08888889 0.08888889
  0.2        0.08888889 0.08888889 0.08888889]
 [0.08888889 0.08888889 0.08888889 0.08888889 0.08888889 0.08888889
  0.08888889 0.2        0.08888889 0.08888889]
 [0.08888889 0.08888889 0.08888889 0.08888889 0.08888889 0.08888889
  0.08888889 0.08888889 0.2        0.08888889]
 [0.08888889 0.08888889 0.08888889 0.08888889 0.08888889 0.08888889
  0.08888889 0.08888889 0.08888889 0.2       ]]
>> val epoch: 0
>> current accuracy: 25.0%
outputs: tensor([[0.1082, 0.1185, 0.0940, 0.1096, 0.0951, 0.0998, 0.0812, 0.1058, 0.0960,
         0.0918],
        [0.1047, 0.1153, 0.0878, 0.1002, 0.0946, 0.1070, 0.0866, 0.1104, 0.0922,
         0.1011],
        [0.1131, 0.1112, 0.0859, 0.0975, 0.0944, 0.1249, 0.0842, 0.0901, 0.1048,
         0.0938],
        [0.1479, 0.1145, 0.1006, 0.1045, 0.0954, 0.0853, 0.0827, 0.0822, 0.1070,
         0.0799],
        [0.1892, 0.0975, 0.0913, 0.0902, 0.0962, 0.0780, 0.0867, 0.0841, 0.1060,
         0.0807],
        [0.1468, 0.1089, 0.0907, 0.0991, 0.0979, 0.0931, 0.0841, 0.0857, 0.1090,
         0.0849],
        [0.1083, 0.1183, 0.0901, 0.1037, 0.0927, 0.0969, 0.0859, 0.1206, 0.0863,
         0.0972],
        [0.0974, 0.1201, 0.0869, 0.0633, 0.1007, 0.0802, 0.2253, 0.0564, 0.0793,
         0.0905],
        [0.1638, 0.1042, 0.0872, 0.0897, 0.0943, 0.0960, 0.0869, 0.0812, 0.1097,
         0.0870],
        [0.1242, 0.1088, 0.0927, 0.1196, 0.0968, 0.1040, 0.0739, 0.0888, 0.1109,
         0.0803],
        [0.1120, 0.1296, 0.0899, 0.0868, 0.0988, 0.0963, 0.1119, 0.0847, 0.0944,
         0.0957],
        [0.1112, 0.1470, 0.0886, 0.0968, 0.0929, 0.0910, 0.0908, 0.1037, 0.0878,
         0.0902],
        [0.1248, 0.1456, 0.0921, 0.0959, 0.0890, 0.0741, 0.0920, 0.1250, 0.0739,
         0.0875],
        [0.1172, 0.1167, 0.0862, 0.1104, 0.0947, 0.1148, 0.0773, 0.0876, 0.1086,
         0.0865],
        [0.0911, 0.1280, 0.0859, 0.0603, 0.0990, 0.0753, 0.2459, 0.0534, 0.0743,
         0.0868],
        [0.1236, 0.1118, 0.0945, 0.1160, 0.0947, 0.1042, 0.0755, 0.0856, 0.1116,
         0.0826],
        [0.2197, 0.0954, 0.0899, 0.0859, 0.0948, 0.0705, 0.0863, 0.0792, 0.1030,
         0.0753],
        [0.1200, 0.1073, 0.1019, 0.1060, 0.0959, 0.0988, 0.0846, 0.0917, 0.1045,
         0.0894],
        [0.2181, 0.0953, 0.0908, 0.0867, 0.0950, 0.0702, 0.0863, 0.0803, 0.1023,
         0.0751],
        [0.1016, 0.1265, 0.0890, 0.0766, 0.1012, 0.0928, 0.1573, 0.0701, 0.0898,
         0.0952],
        [0.1253, 0.1429, 0.0899, 0.1049, 0.0862, 0.0761, 0.0822, 0.1378, 0.0709,
         0.0838],
        [0.1077, 0.1668, 0.0865, 0.0911, 0.0949, 0.0902, 0.1075, 0.0847, 0.0866,
         0.0838],
        [0.1100, 0.1099, 0.0954, 0.1084, 0.0957, 0.1110, 0.0823, 0.0941, 0.1042,
         0.0889],
        [0.1252, 0.1068, 0.0873, 0.0926, 0.0970, 0.1024, 0.0915, 0.0999, 0.0969,
         0.1003],
        [0.1195, 0.2019, 0.0785, 0.0848, 0.0886, 0.0755, 0.1094, 0.0923, 0.0727,
         0.0768],
        [0.1208, 0.1608, 0.0894, 0.0809, 0.0953, 0.0799, 0.1262, 0.0806, 0.0824,
         0.0837],
        [0.1134, 0.1182, 0.0872, 0.0997, 0.0974, 0.0984, 0.0869, 0.1096, 0.0918,
         0.0974],
        [0.1063, 0.1041, 0.0904, 0.1007, 0.0970, 0.1079, 0.0873, 0.1046, 0.0987,
         0.1029],
        [0.1204, 0.1205, 0.0907, 0.1253, 0.0950, 0.1042, 0.0708, 0.0805, 0.1137,
         0.0789],
        [0.1168, 0.1093, 0.0863, 0.0968, 0.0952, 0.1011, 0.0879, 0.1180, 0.0875,
         0.1010],
        [0.1095, 0.1046, 0.0888, 0.0975, 0.0968, 0.1101, 0.0881, 0.1038, 0.0979,
         0.1030],
        [0.1173, 0.1150, 0.0858, 0.0979, 0.0948, 0.0969, 0.0867, 0.1182, 0.0870,
         0.1004],
        [0.1194, 0.1905, 0.0825, 0.0847, 0.0905, 0.0772, 0.1143, 0.0870, 0.0760,
         0.0780],
        [0.1172, 0.1796, 0.0845, 0.0792, 0.0925, 0.0780, 0.1292, 0.0799, 0.0783,
         0.0815],
        [0.1316, 0.1001, 0.1045, 0.1008, 0.0983, 0.0890, 0.0880, 0.0923, 0.1088,
         0.0868],
        [0.1120, 0.1122, 0.0891, 0.1036, 0.0955, 0.1133, 0.0828, 0.0892, 0.1098,
         0.0925],
        [0.1176, 0.1686, 0.0873, 0.0792, 0.0938, 0.0798, 0.1299, 0.0792, 0.0810,
         0.0837],
        [0.0881, 0.1264, 0.0856, 0.0620, 0.0990, 0.0789, 0.2416, 0.0544, 0.0767,
         0.0874],
        [0.1362, 0.1064, 0.0916, 0.1001, 0.0954, 0.1033, 0.0845, 0.0856, 0.1106,
         0.0864],
        [0.1184, 0.1064, 0.0932, 0.0940, 0.0982, 0.1032, 0.0954, 0.0903, 0.1029,
         0.0979],
        [0.1359, 0.1136, 0.1016, 0.1031, 0.0937, 0.0897, 0.0846, 0.0907, 0.1026,
         0.0844],
        [0.1049, 0.1087, 0.0872, 0.0984, 0.0945, 0.1118, 0.0882, 0.1116, 0.0922,
         0.1025],
        [0.1209, 0.1073, 0.0979, 0.1053, 0.0964, 0.0983, 0.0849, 0.0867, 0.1124,
         0.0899],
        [0.1167, 0.1018, 0.1019, 0.0993, 0.0970, 0.1025, 0.0902, 0.0943, 0.1036,
         0.0927],
        [0.2158, 0.0925, 0.0954, 0.0912, 0.0948, 0.0706, 0.0825, 0.0751, 0.1092,
         0.0730],
        [0.1130, 0.1036, 0.0916, 0.0961, 0.0981, 0.1014, 0.0952, 0.1008, 0.0989,
         0.1013],
        [0.1252, 0.1160, 0.0926, 0.1246, 0.0953, 0.1016, 0.0726, 0.0792, 0.1149,
         0.0779],
        [0.1627, 0.1175, 0.0978, 0.1096, 0.0952, 0.0791, 0.0807, 0.0754, 0.1095,
         0.0725]], device='cuda:0', grad_fn=<SoftmaxBackward>)
>> best accuracy: 25.0	best epoch: 0

>> final recovery rate: 20.033333333333335%
>> val epoch: 5
>> current accuracy: 57.81666666666667%
outputs: tensor([[0.0887, 0.0732, 0.0999, 0.0907, 0.1458, 0.0929, 0.0876, 0.0925, 0.0932,
         0.1354],
        [0.1677, 0.0960, 0.0893, 0.1042, 0.0843, 0.1035, 0.0906, 0.0875, 0.1048,
         0.0721],
        [0.0926, 0.0912, 0.0871, 0.1240, 0.0831, 0.1326, 0.1002, 0.0854, 0.1181,
         0.0856],
        [0.0839, 0.0684, 0.0912, 0.0830, 0.1741, 0.0896, 0.0841, 0.0783, 0.0888,
         0.1585],
        [0.0920, 0.1040, 0.0929, 0.1095, 0.0907, 0.1081, 0.1067, 0.0822, 0.1212,
         0.0927],
        [0.0925, 0.0827, 0.0940, 0.1132, 0.1024, 0.1197, 0.0967, 0.0902, 0.1078,
         0.1008],
        [0.0909, 0.1318, 0.0846, 0.1029, 0.0829, 0.0915, 0.0932, 0.0928, 0.1365,
         0.0928],
        [0.1080, 0.0917, 0.1028, 0.1087, 0.0913, 0.1108, 0.1244, 0.0720, 0.1082,
         0.0822],
        [0.0858, 0.0729, 0.0926, 0.0867, 0.1604, 0.0918, 0.0861, 0.0818, 0.0931,
         0.1488],
        [0.0931, 0.0864, 0.0926, 0.1181, 0.0923, 0.1242, 0.0982, 0.0906, 0.1119,
         0.0927],
        [0.0927, 0.0912, 0.0873, 0.1240, 0.0831, 0.1323, 0.1001, 0.0857, 0.1180,
         0.0856],
        [0.2008, 0.1009, 0.0884, 0.0947, 0.0834, 0.0897, 0.0855, 0.0878, 0.1012,
         0.0678],
        [0.0941, 0.0830, 0.1385, 0.0922, 0.1058, 0.0821, 0.1222, 0.0941, 0.0943,
         0.0936],
        [0.0937, 0.0897, 0.0930, 0.1206, 0.0850, 0.1244, 0.0987, 0.0936, 0.1146,
         0.0866],
        [0.0920, 0.0712, 0.0912, 0.0758, 0.1832, 0.0787, 0.0804, 0.0789, 0.0867,
         0.1619],
        [0.0971, 0.0865, 0.1296, 0.1007, 0.0812, 0.0811, 0.0876, 0.1582, 0.0977,
         0.0803],
        [0.0937, 0.0736, 0.1636, 0.0886, 0.1038, 0.0780, 0.1415, 0.0880, 0.0843,
         0.0850],
        [0.0906, 0.1254, 0.0858, 0.0994, 0.0923, 0.0894, 0.0920, 0.0922, 0.1315,
         0.1013],
        [0.0772, 0.0740, 0.0881, 0.0974, 0.1317, 0.0871, 0.1756, 0.0776, 0.0872,
         0.1041],
        [0.0900, 0.0777, 0.0912, 0.1055, 0.1225, 0.1155, 0.0943, 0.0827, 0.1030,
         0.1176],
        [0.0895, 0.0869, 0.0906, 0.0984, 0.1257, 0.1015, 0.0919, 0.0850, 0.1072,
         0.1235],
        [0.0905, 0.1227, 0.0855, 0.1064, 0.0842, 0.0964, 0.1009, 0.0910, 0.1313,
         0.0911],
        [0.0929, 0.0797, 0.1294, 0.0986, 0.1050, 0.0951, 0.1324, 0.0797, 0.0956,
         0.0916],
        [0.0887, 0.0775, 0.0915, 0.0983, 0.1350, 0.1059, 0.0916, 0.0824, 0.1006,
         0.1286],
        [0.0836, 0.0668, 0.0913, 0.0828, 0.1765, 0.0901, 0.0839, 0.0778, 0.0876,
         0.1597],
        [0.0932, 0.0902, 0.0909, 0.1225, 0.0837, 0.1288, 0.1012, 0.0882, 0.1160,
         0.0853],
        [0.0908, 0.0766, 0.0999, 0.0985, 0.1282, 0.1010, 0.0910, 0.0945, 0.0980,
         0.1215],
        [0.0849, 0.0713, 0.0913, 0.0852, 0.1663, 0.0912, 0.0854, 0.0795, 0.0917,
         0.1532],
        [0.0914, 0.0717, 0.1186, 0.0867, 0.1353, 0.0791, 0.0842, 0.1214, 0.0872,
         0.1243],
        [0.0970, 0.0956, 0.0963, 0.1139, 0.0877, 0.1171, 0.1132, 0.0776, 0.1158,
         0.0858],
        [0.0818, 0.0807, 0.0836, 0.1128, 0.1065, 0.1050, 0.1533, 0.0857, 0.0985,
         0.0922],
        [0.0926, 0.0912, 0.0871, 0.1240, 0.0831, 0.1326, 0.1002, 0.0854, 0.1181,
         0.0856],
        [0.0869, 0.0720, 0.0918, 0.0927, 0.1511, 0.1010, 0.0889, 0.0804, 0.0947,
         0.1404],
        [0.0924, 0.0880, 0.0887, 0.1197, 0.0914, 0.1284, 0.0990, 0.0856, 0.1145,
         0.0925],
        [0.2049, 0.0960, 0.0922, 0.0940, 0.0850, 0.0904, 0.0906, 0.0829, 0.0974,
         0.0666],
        [0.0944, 0.0877, 0.1043, 0.1072, 0.0977, 0.1023, 0.0937, 0.1088, 0.1068,
         0.0971],
        [0.1790, 0.0968, 0.0967, 0.0964, 0.0876, 0.0935, 0.0994, 0.0796, 0.1005,
         0.0705],
        [0.0882, 0.0829, 0.0910, 0.0937, 0.1376, 0.0972, 0.0898, 0.0837, 0.1029,
         0.1329],
        [0.0914, 0.1256, 0.0850, 0.1060, 0.0829, 0.0968, 0.0943, 0.0921, 0.1343,
         0.0918],
        [0.0917, 0.1201, 0.0884, 0.1069, 0.0842, 0.0994, 0.0999, 0.0878, 0.1308,
         0.0909],
        [0.0832, 0.0797, 0.0978, 0.1037, 0.1115, 0.0989, 0.1659, 0.0709, 0.0955,
         0.0930],
        [0.0915, 0.1237, 0.0856, 0.1069, 0.0828, 0.0983, 0.0954, 0.0912, 0.1334,
         0.0912],
        [0.0933, 0.0815, 0.1144, 0.0936, 0.1163, 0.0845, 0.0877, 0.1208, 0.0965,
         0.1114],
        [0.0870, 0.0761, 0.0915, 0.0914, 0.1489, 0.0973, 0.0886, 0.0816, 0.0973,
         0.1403],
        [0.0965, 0.0824, 0.1449, 0.0924, 0.0779, 0.0679, 0.0821, 0.1903, 0.0894,
         0.0761],
        [0.0937, 0.0989, 0.0931, 0.1154, 0.0846, 0.1131, 0.0971, 0.0969, 0.1191,
         0.0881],
        [0.0965, 0.0819, 0.1326, 0.0964, 0.0894, 0.0778, 0.0860, 0.1592, 0.0934,
         0.0866],
        [0.0842, 0.0806, 0.0929, 0.1081, 0.1092, 0.1043, 0.1517, 0.0766, 0.0984,
         0.0941]], device='cuda:0', grad_fn=<SoftmaxBackward>)
>> best accuracy: 57.81666666666667	best epoch: 5

>> final recovery rate: 20.033333333333335%
>> val epoch: 10
>> current accuracy: 64.18333333333334%
outputs: tensor([[0.0811, 0.0866, 0.1042, 0.0992, 0.1543, 0.1009, 0.0850, 0.0722, 0.0846,
         0.1319],
        [0.0813, 0.1104, 0.1057, 0.0941, 0.1316, 0.0985, 0.0863, 0.0722, 0.0991,
         0.1207],
        [0.0829, 0.0990, 0.1015, 0.1201, 0.0915, 0.1406, 0.0880, 0.0663, 0.1102,
         0.0999],
        [0.1046, 0.0924, 0.1001, 0.1023, 0.0881, 0.0961, 0.1512, 0.0740, 0.0857,
         0.1056],
        [0.0849, 0.0807, 0.1984, 0.1032, 0.0857, 0.1004, 0.1059, 0.0628, 0.0867,
         0.0914],
        [0.0808, 0.0930, 0.1038, 0.0961, 0.1510, 0.1013, 0.0853, 0.0694, 0.0889,
         0.1304],
        [0.0872, 0.0838, 0.1879, 0.0990, 0.0847, 0.0878, 0.1246, 0.0696, 0.0820,
         0.0934],
        [0.1603, 0.0926, 0.1046, 0.0883, 0.0909, 0.0729, 0.1289, 0.0779, 0.0801,
         0.1035],
        [0.0737, 0.0754, 0.2281, 0.0964, 0.0823, 0.0987, 0.1210, 0.0536, 0.0818,
         0.0890],
        [0.0773, 0.2032, 0.1079, 0.0699, 0.0931, 0.0672, 0.0823, 0.0810, 0.1225,
         0.0957],
        [0.0802, 0.1565, 0.1070, 0.0870, 0.0957, 0.0895, 0.0860, 0.0767, 0.1217,
         0.0998],
        [0.0785, 0.0812, 0.1903, 0.1107, 0.0863, 0.1156, 0.0926, 0.0611, 0.0930,
         0.0906],
        [0.0793, 0.1042, 0.1050, 0.0843, 0.1639, 0.0843, 0.0838, 0.0724, 0.0879,
         0.1349],
        [0.0772, 0.0901, 0.1859, 0.0982, 0.0861, 0.0968, 0.1192, 0.0633, 0.0893,
         0.0939],
        [0.1555, 0.0960, 0.1079, 0.0971, 0.0949, 0.0895, 0.0907, 0.0742, 0.0930,
         0.1010],
        [0.0829, 0.0954, 0.1008, 0.1227, 0.0910, 0.1450, 0.0879, 0.0654, 0.1091,
         0.0996],
        [0.0829, 0.0954, 0.1008, 0.1227, 0.0910, 0.1450, 0.0879, 0.0654, 0.1091,
         0.0996],
        [0.0946, 0.0915, 0.1049, 0.1009, 0.1325, 0.1050, 0.0875, 0.0700, 0.0910,
         0.1221],
        [0.1651, 0.1025, 0.1094, 0.0865, 0.1012, 0.0748, 0.0897, 0.0772, 0.0899,
         0.1036],
        [0.0803, 0.1541, 0.1068, 0.0876, 0.0955, 0.0899, 0.0886, 0.0767, 0.1204,
         0.1002],
        [0.0836, 0.0861, 0.1310, 0.1282, 0.0872, 0.1225, 0.0897, 0.0807, 0.0963,
         0.0948],
        [0.0771, 0.2094, 0.1079, 0.0682, 0.0923, 0.0652, 0.0818, 0.0814, 0.1218,
         0.0950],
        [0.0780, 0.1929, 0.1079, 0.0733, 0.0938, 0.0714, 0.0832, 0.0803, 0.1225,
         0.0967],
        [0.0965, 0.0897, 0.0966, 0.0993, 0.0848, 0.0907, 0.1826, 0.0741, 0.0798,
         0.1060],
        [0.0827, 0.0838, 0.1472, 0.0946, 0.0841, 0.0946, 0.1728, 0.0595, 0.0803,
         0.1002],
        [0.0828, 0.1037, 0.1033, 0.1119, 0.1019, 0.1265, 0.0879, 0.0685, 0.1078,
         0.1058],
        [0.0829, 0.0952, 0.1021, 0.1224, 0.0910, 0.1447, 0.0881, 0.0651, 0.1090,
         0.0996],
        [0.1931, 0.0922, 0.1062, 0.0828, 0.0918, 0.0654, 0.1108, 0.0782, 0.0787,
         0.1008],
        [0.0829, 0.0986, 0.1014, 0.1204, 0.0915, 0.1410, 0.0880, 0.0662, 0.1101,
         0.0999],
        [0.0843, 0.0915, 0.1048, 0.1300, 0.0888, 0.1340, 0.0878, 0.0783, 0.1026,
         0.0979],
        [0.0773, 0.2139, 0.1082, 0.0674, 0.0910, 0.0646, 0.0815, 0.0815, 0.1204,
         0.0942],
        [0.0826, 0.1165, 0.1041, 0.1084, 0.0936, 0.1214, 0.0879, 0.0702, 0.1148,
         0.1006],
        [0.0768, 0.2141, 0.1078, 0.0666, 0.0915, 0.0632, 0.0829, 0.0819, 0.1206,
         0.0946],
        [0.0854, 0.0983, 0.1050, 0.0818, 0.1728, 0.0794, 0.0836, 0.0724, 0.0827,
         0.1385],
        [0.0712, 0.0926, 0.2596, 0.0816, 0.0858, 0.0906, 0.0922, 0.0474, 0.0936,
         0.0854],
        [0.0836, 0.0937, 0.1026, 0.1259, 0.0901, 0.1401, 0.0879, 0.0708, 0.1063,
         0.0989],
        [0.1546, 0.0898, 0.1074, 0.0842, 0.0883, 0.0669, 0.1536, 0.0771, 0.0744,
         0.1037],
        [0.0829, 0.0954, 0.1008, 0.1227, 0.0910, 0.1450, 0.0879, 0.0654, 0.1091,
         0.0996],
        [0.0844, 0.0913, 0.1050, 0.1303, 0.0887, 0.1335, 0.0878, 0.0789, 0.1024,
         0.0978],
        [0.1800, 0.0933, 0.1071, 0.0867, 0.0926, 0.0713, 0.1082, 0.0773, 0.0821,
         0.1014],
        [0.0994, 0.0927, 0.1019, 0.0986, 0.1061, 0.0936, 0.1340, 0.0740, 0.0847,
         0.1151],
        [0.0829, 0.1017, 0.1020, 0.1182, 0.0919, 0.1373, 0.0880, 0.0670, 0.1110,
         0.1000],
        [0.0767, 0.2176, 0.1079, 0.0660, 0.0912, 0.0627, 0.0811, 0.0818, 0.1210,
         0.0940],
        [0.0819, 0.0939, 0.1178, 0.1179, 0.0911, 0.1401, 0.0897, 0.0617, 0.1075,
         0.0984],
        [0.0809, 0.1553, 0.1084, 0.0886, 0.0944, 0.0879, 0.0859, 0.0808, 0.1188,
         0.0990],
        [0.0801, 0.1006, 0.1047, 0.0892, 0.1566, 0.0913, 0.0847, 0.0714, 0.0892,
         0.1322],
        [0.0849, 0.0890, 0.1070, 0.1341, 0.0874, 0.1276, 0.0875, 0.0869, 0.0988,
         0.0966],
        [0.0829, 0.0954, 0.1008, 0.1227, 0.0910, 0.1450, 0.0879, 0.0654, 0.1091,
         0.0996]], device='cuda:0', grad_fn=<SoftmaxBackward>)
>> best accuracy: 64.18333333333334	best epoch: 10

>> final recovery rate: 20.033333333333335%
>> val epoch: 15
>> current accuracy: 83.2%
outputs: tensor([[0.1020, 0.0850, 0.0767, 0.1081, 0.1059, 0.0894, 0.1658, 0.0666, 0.1019,
         0.0986],
        [0.0973, 0.1171, 0.0876, 0.1054, 0.0940, 0.1033, 0.0907, 0.0770, 0.1307,
         0.0969],
        [0.1006, 0.0968, 0.0769, 0.1052, 0.0945, 0.0909, 0.1633, 0.0707, 0.1090,
         0.0922],
        [0.1010, 0.0883, 0.0944, 0.1899, 0.0891, 0.0743, 0.0863, 0.0904, 0.0956,
         0.0907],
        [0.0841, 0.0784, 0.0870, 0.0784, 0.0819, 0.1903, 0.0919, 0.1000, 0.1117,
         0.0964],
        [0.0969, 0.1239, 0.0884, 0.1023, 0.0938, 0.0986, 0.0904, 0.0799, 0.1287,
         0.0970],
        [0.0980, 0.0988, 0.0932, 0.0937, 0.1421, 0.0826, 0.0867, 0.0828, 0.0929,
         0.1293],
        [0.0981, 0.0761, 0.0919, 0.0975, 0.1637, 0.0876, 0.0851, 0.0741, 0.0852,
         0.1407],
        [0.1192, 0.0897, 0.0747, 0.1027, 0.0962, 0.0844, 0.1737, 0.0668, 0.1037,
         0.0887],
        [0.0975, 0.1108, 0.0870, 0.1083, 0.0941, 0.1079, 0.0910, 0.0742, 0.1325,
         0.0966],
        [0.0970, 0.0810, 0.0927, 0.0939, 0.1509, 0.0941, 0.0866, 0.0801, 0.0884,
         0.1354],
        [0.0893, 0.0830, 0.0868, 0.0910, 0.0865, 0.1662, 0.0924, 0.0868, 0.1212,
         0.0967],
        [0.1677, 0.1035, 0.0857, 0.0897, 0.0988, 0.0864, 0.0916, 0.0743, 0.1139,
         0.0884],
        [0.0982, 0.1065, 0.0922, 0.0965, 0.1266, 0.0872, 0.0882, 0.0826, 0.1026,
         0.1196],
        [0.1009, 0.0786, 0.2029, 0.0972, 0.0917, 0.0738, 0.1034, 0.0686, 0.0931,
         0.0899],
        [0.0957, 0.1429, 0.0925, 0.0854, 0.1132, 0.0720, 0.0895, 0.0961, 0.1011,
         0.1117],
        [0.0981, 0.1021, 0.0929, 0.0945, 0.1362, 0.0839, 0.0872, 0.0831, 0.0962,
         0.1257],
        [0.0975, 0.0788, 0.0927, 0.0932, 0.1698, 0.0814, 0.0840, 0.0772, 0.0807,
         0.1446],
        [0.0988, 0.0774, 0.0912, 0.1016, 0.1524, 0.0938, 0.0865, 0.0725, 0.0922,
         0.1339],
        [0.0956, 0.1440, 0.0894, 0.0942, 0.0928, 0.0865, 0.0892, 0.0881, 0.1230,
         0.0970],
        [0.0933, 0.0881, 0.0871, 0.0958, 0.0896, 0.1496, 0.0925, 0.0828, 0.1240,
         0.0973],
        [0.0875, 0.1097, 0.1002, 0.0990, 0.0806, 0.1000, 0.0889, 0.1559, 0.0819,
         0.0962],
        [0.0983, 0.0854, 0.0911, 0.1012, 0.1342, 0.1006, 0.0885, 0.0760, 0.1008,
         0.1241],
        [0.1212, 0.0901, 0.0754, 0.1027, 0.0965, 0.0854, 0.1677, 0.0670, 0.1049,
         0.0890],
        [0.0962, 0.1377, 0.0904, 0.0940, 0.0993, 0.0856, 0.0891, 0.0881, 0.1180,
         0.1017],
        [0.0983, 0.0889, 0.0926, 0.0962, 0.1490, 0.0859, 0.0864, 0.0788, 0.0910,
         0.1329],
        [0.1024, 0.0846, 0.1559, 0.1150, 0.0933, 0.0806, 0.1016, 0.0734, 0.1006,
         0.0925],
        [0.0961, 0.1034, 0.0917, 0.1150, 0.0907, 0.1087, 0.0913, 0.0913, 0.1150,
         0.0969],
        [0.0975, 0.1120, 0.0871, 0.1078, 0.0941, 0.1071, 0.0909, 0.0747, 0.1322,
         0.0967],
        [0.1005, 0.1021, 0.0940, 0.1551, 0.0925, 0.0790, 0.0882, 0.0902, 0.1038,
         0.0945],
        [0.1008, 0.0663, 0.0915, 0.0922, 0.1885, 0.0805, 0.0821, 0.0723, 0.0734,
         0.1524],
        [0.1020, 0.0873, 0.1384, 0.1206, 0.0937, 0.0874, 0.0955, 0.0740, 0.1074,
         0.0937],
        [0.1008, 0.0804, 0.1775, 0.1176, 0.0917, 0.0827, 0.0832, 0.0725, 0.1016,
         0.0920],
        [0.0921, 0.1075, 0.0995, 0.1178, 0.0841, 0.0919, 0.0891, 0.1349, 0.0873,
         0.0959],
        [0.0984, 0.0858, 0.0924, 0.0970, 0.1512, 0.0870, 0.0863, 0.0775, 0.0905,
         0.1340],
        [0.0828, 0.0943, 0.0983, 0.0848, 0.0773, 0.1328, 0.0898, 0.1621, 0.0813,
         0.0964],
        [0.0971, 0.0961, 0.1261, 0.1060, 0.1002, 0.0900, 0.0876, 0.0988, 0.0942,
         0.1040],
        [0.0989, 0.0961, 0.0971, 0.1699, 0.0877, 0.0748, 0.0870, 0.1051, 0.0910,
         0.0922],
        [0.1005, 0.0851, 0.1587, 0.1127, 0.0928, 0.0904, 0.0852, 0.0719, 0.1091,
         0.0936],
        [0.0956, 0.1447, 0.0906, 0.0915, 0.0983, 0.0821, 0.0886, 0.0907, 0.1166,
         0.1012],
        [0.0941, 0.0826, 0.0889, 0.0977, 0.1057, 0.1368, 0.0914, 0.0807, 0.1137,
         0.1084],
        [0.1047, 0.0823, 0.0948, 0.0955, 0.1494, 0.0850, 0.0864, 0.0875, 0.0816,
         0.1330],
        [0.1000, 0.0768, 0.1995, 0.1115, 0.0907, 0.0806, 0.0813, 0.0702, 0.0987,
         0.0907],
        [0.0996, 0.1371, 0.0905, 0.0927, 0.1005, 0.0839, 0.0891, 0.0885, 0.1161,
         0.1018],
        [0.0874, 0.0976, 0.0997, 0.0980, 0.0797, 0.1147, 0.0897, 0.1554, 0.0817,
         0.0961],
        [0.1007, 0.0783, 0.1735, 0.1144, 0.0923, 0.0894, 0.0838, 0.0689, 0.1064,
         0.0924],
        [0.0985, 0.0908, 0.0949, 0.1399, 0.0969, 0.0946, 0.0896, 0.0948, 0.0999,
         0.1001],
        [0.0989, 0.0766, 0.0909, 0.1029, 0.1503, 0.0958, 0.0868, 0.0715, 0.0937,
         0.1325]], device='cuda:0', grad_fn=<SoftmaxBackward>)
>> best accuracy: 83.2	best epoch: 15

>> final recovery rate: 20.033333333333335%
>> val epoch: 20
>> current accuracy: 71.85000000000001%
outputs: tensor([[0.0910, 0.0927, 0.2009, 0.1192, 0.0676, 0.0884, 0.0789, 0.0881, 0.0820,
         0.0911],
        [0.0837, 0.1073, 0.0850, 0.1075, 0.1274, 0.0796, 0.0877, 0.0897, 0.0892,
         0.1429],
        [0.0777, 0.1215, 0.0764, 0.1073, 0.0765, 0.0850, 0.2166, 0.0781, 0.0775,
         0.0835],
        [0.0912, 0.1171, 0.0834, 0.1629, 0.0669, 0.0695, 0.0736, 0.1706, 0.0744,
         0.0904],
        [0.0924, 0.1001, 0.1615, 0.1269, 0.0704, 0.0900, 0.0796, 0.0998, 0.0862,
         0.0929],
        [0.0867, 0.1038, 0.0844, 0.1273, 0.1185, 0.0805, 0.0862, 0.0913, 0.0936,
         0.1276],
        [0.1287, 0.1161, 0.0828, 0.1072, 0.0868, 0.0935, 0.0914, 0.0792, 0.1233,
         0.0910],
        [0.0816, 0.1319, 0.0838, 0.0994, 0.1102, 0.0729, 0.0874, 0.0995, 0.0889,
         0.1443],
        [0.0890, 0.1073, 0.0807, 0.1321, 0.0606, 0.0801, 0.0682, 0.2333, 0.0599,
         0.0889],
        [0.0851, 0.1166, 0.0842, 0.1125, 0.1062, 0.0942, 0.0865, 0.0824, 0.1117,
         0.1206],
        [0.0852, 0.1010, 0.0887, 0.1111, 0.1187, 0.0977, 0.0873, 0.0784, 0.1051,
         0.1269],
        [0.0934, 0.1045, 0.1358, 0.1565, 0.0724, 0.0761, 0.0796, 0.1029, 0.0878,
         0.0910],
        [0.0843, 0.1024, 0.0835, 0.1096, 0.1283, 0.0882, 0.0876, 0.0825, 0.0973,
         0.1361],
        [0.0907, 0.1000, 0.0810, 0.1421, 0.0632, 0.0808, 0.0681, 0.2270, 0.0601,
         0.0869],
        [0.1495, 0.1130, 0.0824, 0.1026, 0.0880, 0.0878, 0.0827, 0.0805, 0.1235,
         0.0900],
        [0.0879, 0.1218, 0.0816, 0.1397, 0.0586, 0.0698, 0.0703, 0.2150, 0.0636,
         0.0916],
        [0.0848, 0.1659, 0.0821, 0.1642, 0.0586, 0.0453, 0.0752, 0.1516, 0.0767,
         0.0956],
        [0.0926, 0.1041, 0.1026, 0.1386, 0.0658, 0.0834, 0.0729, 0.1811, 0.0680,
         0.0909],
        [0.0898, 0.1328, 0.0844, 0.1743, 0.0717, 0.0632, 0.0785, 0.1181, 0.0948,
         0.0924],
        [0.0914, 0.1116, 0.0833, 0.1465, 0.0670, 0.0802, 0.0726, 0.1844, 0.0723,
         0.0907],
        [0.1579, 0.1132, 0.0821, 0.1000, 0.0881, 0.0826, 0.0887, 0.0827, 0.1157,
         0.0892],
        [0.0814, 0.1777, 0.0833, 0.1015, 0.0682, 0.0826, 0.0854, 0.0959, 0.1194,
         0.1044],
        [0.0850, 0.1336, 0.0834, 0.1153, 0.0800, 0.1070, 0.0831, 0.0767, 0.1390,
         0.0968],
        [0.1096, 0.1445, 0.0834, 0.1023, 0.0787, 0.0815, 0.1030, 0.0907, 0.1099,
         0.0966],
        [0.0805, 0.1464, 0.0837, 0.0957, 0.1019, 0.0679, 0.0867, 0.1057, 0.0870,
         0.1444],
        [0.0877, 0.1352, 0.0846, 0.1189, 0.0721, 0.0978, 0.0800, 0.1183, 0.1067,
         0.0986],
        [0.0911, 0.1099, 0.0819, 0.1760, 0.0640, 0.0619, 0.0704, 0.1939, 0.0643,
         0.0867],
        [0.0845, 0.1170, 0.0839, 0.1107, 0.1076, 0.0899, 0.1003, 0.0839, 0.1018,
         0.1204],
        [0.0977, 0.1002, 0.0979, 0.0927, 0.0795, 0.1488, 0.0804, 0.0879, 0.1217,
         0.0932],
        [0.0820, 0.1723, 0.0835, 0.1033, 0.0696, 0.0857, 0.0826, 0.0933, 0.1238,
         0.1039],
        [0.0815, 0.1805, 0.0836, 0.1009, 0.0685, 0.0811, 0.0823, 0.0964, 0.1203,
         0.1050],
        [0.0800, 0.1909, 0.0828, 0.0977, 0.0645, 0.0778, 0.0819, 0.1009, 0.1171,
         0.1064],
        [0.0856, 0.1138, 0.0839, 0.1145, 0.1024, 0.1025, 0.0857, 0.0782, 0.1200,
         0.1133],
        [0.0906, 0.1148, 0.0834, 0.1359, 0.0664, 0.0853, 0.0731, 0.1838, 0.0743,
         0.0924],
        [0.0762, 0.1208, 0.0750, 0.1049, 0.0751, 0.0813, 0.2345, 0.0782, 0.0722,
         0.0818],
        [0.0927, 0.0958, 0.0815, 0.2403, 0.0749, 0.0592, 0.0740, 0.1167, 0.0846,
         0.0803],
        [0.0926, 0.1025, 0.0827, 0.2221, 0.0758, 0.0621, 0.0756, 0.1144, 0.0891,
         0.0832],
        [0.0769, 0.1438, 0.0773, 0.1009, 0.0717, 0.0742, 0.2045, 0.0882, 0.0744,
         0.0882],
        [0.0889, 0.0913, 0.1679, 0.1137, 0.0955, 0.0687, 0.0830, 0.1029, 0.0642,
         0.1239],
        [0.0821, 0.1096, 0.0834, 0.1004, 0.1374, 0.0710, 0.0877, 0.0933, 0.0809,
         0.1543],
        [0.1377, 0.1173, 0.0817, 0.1019, 0.0864, 0.0815, 0.1189, 0.0841, 0.1018,
         0.0886],
        [0.0856, 0.1075, 0.0817, 0.1067, 0.0811, 0.1461, 0.0807, 0.0809, 0.1370,
         0.0929],
        [0.0907, 0.1165, 0.0834, 0.1417, 0.0663, 0.0797, 0.0731, 0.1831, 0.0733,
         0.0920],
        [0.0871, 0.1537, 0.0857, 0.1497, 0.0673, 0.0626, 0.0794, 0.1212, 0.0959,
         0.0975],
        [0.0903, 0.1076, 0.0819, 0.1353, 0.0636, 0.0823, 0.0697, 0.2156, 0.0642,
         0.0896],
        [0.0909, 0.1020, 0.0814, 0.1447, 0.0636, 0.0789, 0.0687, 0.2214, 0.0613,
         0.0873],
        [0.0861, 0.1131, 0.1488, 0.0941, 0.0726, 0.1168, 0.0830, 0.0721, 0.1158,
         0.0976],
        [0.0942, 0.1218, 0.0796, 0.1039, 0.0879, 0.0779, 0.1760, 0.0852, 0.0792,
         0.0943]], device='cuda:0', grad_fn=<SoftmaxBackward>)
>> best accuracy: 83.2	best epoch: 15

>> final recovery rate: 83.15185185185186%
>> val epoch: 25
>> current accuracy: 87.03333333333333%
outputs: tensor([[1.5318e-05, 5.9752e-05, 4.6148e-04, 9.9895e-01, 1.6357e-05, 1.1816e-04,
         1.8881e-07, 1.1697e-05, 3.6555e-04, 3.3370e-07],
        [3.1003e-06, 5.4427e-06, 9.9995e-01, 3.1889e-05, 2.3565e-06, 4.5540e-06,
         1.4649e-06, 1.6535e-06, 2.0866e-06, 2.7937e-09],
        [1.7984e-04, 1.1108e-03, 3.1470e-05, 6.3133e-05, 9.9707e-01, 4.5744e-05,
         1.1435e-04, 2.0744e-05, 3.5538e-05, 1.3269e-03],
        [6.2814e-07, 9.9993e-01, 2.7979e-06, 6.9166e-07, 4.5279e-06, 1.4017e-07,
         1.1809e-07, 2.8714e-05, 2.7454e-05, 4.2544e-06],
        [1.6611e-07, 2.3558e-07, 1.0000e+00, 5.2911e-08, 1.2289e-07, 2.7473e-07,
         4.5705e-07, 1.1506e-08, 5.0578e-08, 3.8103e-11],
        [2.2243e-06, 9.9964e-01, 7.8664e-06, 3.1364e-06, 7.9085e-05, 7.1959e-07,
         6.5741e-07, 1.5441e-04, 3.0070e-05, 8.6061e-05],
        [1.9115e-05, 4.3404e-02, 9.5279e-01, 2.8050e-03, 4.7038e-04, 7.6263e-06,
         2.1479e-06, 4.2828e-04, 6.3548e-05, 5.1367e-06],
        [5.0845e-07, 9.9994e-01, 1.4763e-06, 4.8636e-07, 3.4119e-06, 9.3046e-08,
         7.2570e-08, 3.0051e-05, 1.5830e-05, 4.5113e-06],
        [1.0008e-06, 1.8545e-06, 2.6035e-05, 9.9996e-01, 2.8264e-06, 1.5924e-06,
         5.4289e-09, 5.4238e-07, 2.6373e-06, 6.3446e-09],
        [1.4284e-07, 8.9462e-07, 4.7279e-09, 1.1997e-09, 3.2665e-08, 6.8690e-07,
         1.0000e+00, 2.2448e-06, 1.7648e-08, 4.9233e-10],
        [1.6215e-07, 5.0358e-07, 1.0000e+00, 2.4383e-07, 1.6634e-07, 4.2129e-07,
         1.3780e-07, 4.6374e-08, 7.5556e-08, 1.4715e-10],
        [4.0104e-03, 5.7562e-02, 1.0643e-02, 1.0019e-02, 3.0034e-02, 6.2115e-01,
         3.7289e-03, 3.6129e-02, 1.5279e-01, 7.3931e-02],
        [2.1263e-05, 9.7829e-05, 9.9916e-01, 2.1538e-04, 3.4148e-05, 2.4398e-04,
         2.4585e-05, 1.0689e-05, 1.9145e-04, 2.9708e-07],
        [1.6915e-05, 4.0434e-03, 1.0319e-04, 1.8823e-04, 1.0645e-05, 8.4454e-05,
         3.0251e-06, 9.9542e-01, 1.7635e-06, 1.2414e-04],
        [2.3811e-08, 8.0010e-07, 1.7216e-07, 2.3076e-07, 9.6044e-10, 4.9603e-06,
         1.3728e-09, 9.9999e-01, 2.8492e-10, 1.6882e-06],
        [1.6664e-06, 9.9987e-01, 3.1228e-06, 1.5350e-06, 2.0916e-05, 2.8712e-07,
         2.7592e-07, 5.3999e-05, 3.7977e-05, 1.3903e-05],
        [1.7305e-07, 4.4208e-06, 9.9999e-01, 2.0165e-06, 1.5322e-06, 5.0274e-07,
         8.4522e-08, 3.7241e-08, 9.6877e-07, 1.2090e-09],
        [1.1204e-08, 1.8796e-08, 8.4049e-09, 1.6092e-07, 9.9997e-01, 2.2496e-07,
         4.1233e-07, 1.0540e-09, 1.3368e-09, 2.5795e-05],
        [1.8403e-06, 3.2794e-06, 5.9544e-05, 9.9993e-01, 1.7904e-06, 8.0969e-07,
         4.3020e-09, 1.9216e-06, 3.0211e-06, 6.7627e-09],
        [1.5385e-05, 2.8229e-04, 9.9032e-01, 9.2027e-03, 5.7296e-05, 9.1362e-06,
         7.8162e-07, 4.1293e-05, 7.3209e-05, 1.4358e-07],
        [9.9998e-01, 7.7930e-07, 4.7604e-07, 4.0714e-08, 1.2875e-05, 1.0679e-07,
         2.5520e-06, 1.8197e-08, 1.3208e-06, 6.3254e-10],
        [1.6169e-04, 6.3632e-03, 2.5674e-04, 3.6844e-02, 2.4879e-04, 3.4043e-03,
         5.1727e-05, 1.3625e-05, 9.5265e-01, 3.3859e-06],
        [1.3840e-07, 1.3282e-06, 3.1343e-06, 1.6319e-06, 2.7321e-08, 2.0193e-05,
         6.8887e-09, 9.9996e-01, 8.1661e-10, 1.2634e-05],
        [1.2565e-02, 7.1868e-06, 9.8741e-01, 6.3107e-06, 5.5675e-06, 1.6332e-06,
         8.4579e-07, 1.1320e-06, 1.5300e-06, 5.2368e-10],
        [7.5008e-04, 5.5399e-03, 3.3921e-04, 3.2202e-03, 5.2899e-04, 2.7864e-02,
         6.5506e-04, 1.0085e-05, 9.6106e-01, 3.6998e-05],
        [2.6570e-08, 2.1492e-07, 1.0682e-07, 1.4336e-07, 7.8882e-10, 2.1448e-06,
         1.3552e-09, 1.0000e+00, 6.4525e-11, 8.1856e-07],
        [3.6785e-04, 7.1562e-03, 1.3003e-04, 1.5758e-03, 2.9145e-04, 3.3893e-03,
         3.1430e-04, 4.0497e-06, 9.8676e-01, 7.0133e-06],
        [4.5861e-07, 5.5697e-07, 9.9999e-01, 1.9526e-06, 8.1927e-08, 8.7886e-07,
         1.1128e-06, 7.9714e-07, 7.5719e-08, 1.8098e-10],
        [3.6670e-04, 7.7297e-03, 2.6433e-04, 3.5068e-03, 5.8139e-04, 9.1637e-03,
         4.1550e-04, 2.6848e-06, 9.7794e-01, 2.8563e-05],
        [1.9568e-03, 5.3360e-02, 8.8067e-03, 2.1690e-01, 2.7595e-03, 9.9507e-03,
         5.5803e-04, 4.0105e-04, 7.0518e-01, 1.1936e-04],
        [1.4457e-06, 3.0223e-06, 2.0572e-06, 7.9447e-07, 2.3937e-08, 1.2042e-04,
         8.7171e-09, 9.9983e-01, 6.2640e-09, 4.2723e-05],
        [6.4640e-08, 6.0143e-07, 5.9015e-07, 1.6231e-07, 7.1046e-10, 7.9280e-07,
         4.4973e-10, 1.0000e+00, 3.8942e-11, 3.3669e-07],
        [1.4100e-03, 5.4641e-01, 7.3846e-03, 3.3947e-03, 3.7619e-03, 3.0413e-03,
         1.2993e-03, 2.5302e-04, 4.3276e-01, 2.8273e-04],
        [3.8719e-06, 2.0170e-06, 1.2437e-06, 1.1847e-05, 9.9973e-01, 1.3641e-05,
         1.3444e-05, 1.5971e-07, 2.6982e-07, 2.2459e-04],
        [2.5288e-07, 4.4904e-07, 1.0000e+00, 3.1090e-07, 3.4635e-08, 1.4948e-08,
         2.2595e-09, 3.4866e-08, 7.8781e-09, 1.5878e-11],
        [2.8768e-06, 2.5194e-05, 1.7650e-06, 2.6760e-05, 9.9968e-01, 1.8859e-05,
         1.4973e-05, 2.0588e-07, 2.3012e-06, 2.3218e-04],
        [5.0742e-06, 9.9978e-01, 5.8527e-06, 3.2327e-06, 1.6483e-05, 3.6501e-07,
         4.2207e-07, 7.5638e-05, 1.0129e-04, 8.6345e-06],
        [1.3651e-03, 3.3934e-02, 1.9599e-03, 7.4479e-03, 5.2058e-03, 1.2304e-02,
         1.5910e-03, 6.9395e-05, 9.3565e-01, 4.7077e-04],
        [9.0864e-06, 1.1620e-04, 9.9970e-01, 1.6102e-04, 1.7537e-06, 7.9836e-08,
         2.3331e-08, 6.3446e-06, 7.9408e-07, 1.4909e-09],
        [5.5826e-04, 8.6593e-03, 3.6038e-04, 4.4737e-03, 7.9152e-04, 1.3269e-02,
         6.7545e-04, 5.3037e-06, 9.7116e-01, 4.6534e-05],
        [2.2631e-04, 2.3583e-06, 3.4900e-06, 6.7314e-06, 9.9969e-01, 1.0339e-05,
         3.2611e-05, 1.0294e-07, 6.4172e-07, 3.1445e-05],
        [4.9220e-04, 2.3271e-03, 8.7359e-04, 1.1471e-03, 5.8770e-02, 5.3372e-01,
         2.0569e-03, 1.6858e-02, 9.0815e-04, 3.8284e-01],
        [1.4680e-06, 9.9992e-01, 3.6181e-06, 6.0549e-07, 4.6531e-06, 8.2308e-08,
         1.5008e-07, 5.0489e-05, 1.3793e-05, 4.6050e-06],
        [2.4026e-06, 1.1339e-07, 7.1389e-07, 1.4474e-07, 9.9998e-01, 3.7202e-07,
         3.8082e-06, 6.6590e-09, 5.7903e-09, 1.0414e-05],
        [5.0218e-05, 1.6297e-01, 1.5304e-03, 1.5401e-03, 8.0638e-01, 3.9160e-04,
         2.7384e-04, 8.6748e-04, 4.9848e-04, 2.5496e-02],
        [9.0794e-07, 9.9990e-01, 3.0710e-06, 9.5938e-07, 6.0197e-06, 1.6718e-07,
         1.5066e-07, 5.3980e-05, 1.9311e-05, 1.5032e-05],
        [1.3314e-08, 3.8488e-07, 1.0381e-07, 1.0705e-07, 5.4052e-10, 8.7766e-07,
         1.4061e-09, 1.0000e+00, 2.5411e-11, 3.5917e-07],
        [7.1214e-05, 4.5793e-04, 5.8492e-03, 1.0157e-02, 5.7232e-04, 1.9708e-03,
         4.1420e-05, 9.8000e-01, 1.1759e-05, 8.7081e-04]], device='cuda:0',
       grad_fn=<SoftmaxBackward>)
>> best accuracy: 87.03333333333333	best epoch: 25

>> final recovery rate: 85.03333333333333%
>> val epoch: 30
>> current accuracy: 87.3%
outputs: tensor([[5.8322e-07, 9.9989e-01, 3.9156e-06, 2.3601e-07, 1.4147e-05, 2.5929e-08,
         2.8724e-07, 4.8791e-05, 4.4488e-05, 1.0679e-06],
        [1.0000e+00, 1.1923e-09, 1.6294e-08, 9.5931e-12, 4.0557e-08, 8.0577e-11,
         4.5253e-09, 1.7438e-11, 1.0726e-09, 6.4966e-16],
        [4.0963e-08, 7.3964e-07, 2.7226e-07, 3.6186e-06, 9.6161e-01, 4.8176e-05,
         1.7022e-06, 3.0332e-05, 2.3023e-08, 3.8308e-02],
        [1.0258e-08, 1.6088e-08, 4.7602e-09, 1.2435e-07, 1.0000e+00, 4.4333e-08,
         2.9397e-07, 5.9173e-10, 4.7238e-10, 6.9103e-08],
        [1.6583e-08, 1.7406e-10, 3.3649e-11, 1.8818e-11, 2.8597e-10, 4.4449e-08,
         1.0000e+00, 2.7033e-08, 4.6776e-11, 2.9089e-13],
        [1.7228e-08, 4.1661e-06, 1.1354e-04, 9.9908e-01, 7.6118e-04, 5.5569e-07,
         3.9816e-09, 3.9319e-05, 2.4622e-07, 3.6683e-08],
        [5.4137e-08, 1.4441e-07, 2.8400e-07, 3.2869e-06, 9.9981e-01, 4.5947e-05,
         1.1067e-06, 2.0009e-07, 1.4566e-07, 1.4091e-04],
        [1.0939e-07, 3.8393e-07, 6.7554e-09, 2.7674e-08, 8.1340e-07, 2.7649e-06,
         9.9999e-01, 1.6199e-06, 4.9583e-08, 1.9777e-09],
        [3.1659e-07, 9.9982e-01, 3.6918e-06, 2.7583e-07, 7.3389e-05, 2.8698e-08,
         4.3006e-07, 7.7878e-05, 1.7821e-05, 4.0265e-06],
        [3.3377e-06, 9.9951e-01, 5.6229e-05, 6.1896e-07, 4.7993e-05, 7.8975e-08,
         8.9836e-07, 3.7305e-05, 3.4232e-04, 3.2061e-07],
        [5.3586e-09, 6.5283e-09, 5.9752e-08, 1.8255e-07, 4.4595e-10, 2.6940e-07,
         2.8652e-10, 1.0000e+00, 3.2265e-12, 2.1483e-08],
        [7.2489e-07, 9.9984e-01, 4.7732e-06, 3.9442e-07, 4.2992e-05, 3.9706e-08,
         3.8701e-07, 4.0966e-05, 6.8273e-05, 8.3952e-07],
        [1.6030e-06, 1.0229e-07, 9.9492e-06, 9.9989e-01, 1.6473e-06, 9.8841e-05,
         7.2792e-09, 3.9820e-07, 2.2768e-07, 6.1727e-10],
        [2.1111e-07, 1.1267e-06, 2.8043e-05, 1.4810e-05, 6.0361e-08, 4.7808e-05,
         1.0169e-08, 9.9991e-01, 4.9507e-09, 2.4677e-06],
        [2.5039e-05, 1.8280e-03, 3.9305e-05, 1.9380e-04, 4.9569e-05, 4.3699e-04,
         5.7051e-06, 4.6960e-07, 9.9742e-01, 1.8917e-08],
        [1.2513e-09, 8.3737e-08, 1.7868e-08, 9.9671e-08, 9.9998e-01, 2.6928e-08,
         1.8150e-07, 3.8562e-08, 5.7367e-10, 1.9913e-05],
        [1.5791e-05, 1.0738e-10, 8.4892e-05, 4.3379e-09, 6.5057e-08, 9.9990e-01,
         2.3202e-06, 2.5842e-07, 7.7762e-08, 1.5540e-07],
        [3.0881e-04, 1.9700e-06, 1.7785e-04, 1.7871e-05, 1.2059e-06, 7.7789e-05,
         1.3821e-07, 9.9941e-01, 3.5533e-08, 1.3647e-06],
        [3.9040e-07, 9.9995e-01, 1.4509e-06, 4.4859e-08, 5.9957e-06, 2.6879e-09,
         6.7777e-08, 2.7764e-05, 1.3790e-05, 9.4936e-08],
        [7.8375e-06, 6.7751e-09, 1.8516e-07, 4.1143e-06, 8.7549e-07, 9.9998e-01,
         2.2998e-06, 1.5634e-07, 2.6678e-06, 2.7519e-06],
        [2.8858e-04, 5.9401e-05, 2.1510e-03, 9.3046e-05, 1.3232e-04, 9.4917e-01,
         8.9328e-04, 1.6857e-05, 4.7193e-02, 7.1992e-06],
        [1.0122e-06, 9.9977e-01, 8.1461e-06, 6.2125e-07, 5.2803e-05, 8.1600e-08,
         6.2455e-07, 6.3443e-05, 1.0008e-04, 1.8367e-06],
        [6.3751e-07, 3.6184e-07, 4.8123e-04, 9.9948e-01, 5.6327e-07, 2.3817e-05,
         3.7409e-09, 1.0524e-05, 7.7233e-07, 1.1590e-09],
        [2.9976e-04, 1.8802e-05, 4.5020e-03, 3.5415e-05, 4.0558e-04, 9.9054e-01,
         3.8466e-05, 3.1670e-04, 3.0894e-03, 7.5804e-04],
        [4.2254e-10, 1.8905e-06, 2.8538e-08, 5.3264e-08, 9.9999e-01, 4.5376e-09,
         2.1931e-07, 3.5518e-08, 6.0322e-10, 8.5778e-06],
        [7.5406e-06, 2.3397e-07, 3.9649e-09, 4.0824e-09, 1.9038e-08, 3.0547e-07,
         9.9999e-01, 5.4398e-07, 7.7919e-08, 1.0914e-11],
        [5.3136e-10, 7.4378e-09, 4.5061e-09, 9.2689e-08, 1.0000e+00, 5.6251e-08,
         6.0714e-08, 8.8829e-11, 8.9522e-10, 2.6746e-08],
        [8.8095e-06, 5.4182e-05, 2.1650e-03, 5.1375e-02, 1.2523e-03, 6.5679e-06,
         9.2745e-07, 9.4513e-01, 4.1890e-08, 4.9287e-06],
        [1.0000e+00, 5.6919e-08, 2.6024e-08, 5.9850e-09, 6.7984e-07, 5.8944e-08,
         2.9020e-07, 2.4647e-09, 6.5970e-08, 7.3042e-13],
        [3.3786e-11, 1.7168e-09, 7.1071e-10, 5.5137e-08, 9.9999e-01, 2.5610e-08,
         4.8590e-08, 9.9211e-10, 5.5267e-11, 1.0722e-05],
        [4.7803e-10, 7.2006e-09, 1.4437e-08, 1.5521e-06, 9.9912e-01, 8.3899e-05,
         1.8036e-06, 4.9685e-08, 5.2755e-09, 7.9389e-04],
        [2.1191e-07, 5.1168e-09, 1.3420e-06, 1.0000e+00, 5.3426e-08, 3.4951e-07,
         5.3921e-11, 2.0335e-08, 1.1322e-09, 1.2178e-12],
        [1.8450e-09, 4.8485e-07, 6.2524e-08, 2.2994e-06, 9.9999e-01, 4.8501e-07,
         7.4000e-07, 6.6296e-09, 6.6195e-08, 2.0725e-06],
        [5.3940e-03, 7.2614e-01, 3.9722e-03, 3.3956e-04, 4.0930e-03, 1.0748e-04,
         1.5777e-04, 1.1329e-04, 2.5969e-01, 1.2969e-06],
        [1.8831e-06, 2.6593e-04, 4.2415e-06, 1.2077e-07, 1.2774e-05, 1.9764e-06,
         9.9968e-01, 2.1063e-05, 9.8880e-06, 9.1233e-09],
        [2.4637e-05, 1.5564e-07, 6.6267e-06, 1.2050e-05, 6.3379e-06, 9.9972e-01,
         1.3202e-05, 2.8301e-07, 2.1923e-04, 1.4727e-06],
        [8.1117e-08, 9.9993e-01, 1.0380e-06, 7.6821e-08, 1.0649e-05, 6.7416e-09,
         1.5511e-07, 4.6385e-05, 6.6494e-06, 3.1963e-06],
        [6.2436e-07, 3.7017e-08, 3.8487e-05, 1.1760e-06, 6.8622e-09, 2.9824e-06,
         3.1703e-09, 9.9996e-01, 2.8373e-10, 2.3266e-08],
        [1.0000e+00, 1.1446e-08, 1.0366e-08, 1.6578e-10, 1.5135e-07, 2.7060e-10,
         9.9499e-09, 5.6083e-11, 5.1685e-09, 3.4814e-15],
        [3.7854e-04, 2.9635e-05, 2.8417e-05, 4.2468e-04, 4.6424e-05, 9.6493e-01,
         5.9774e-06, 1.0446e-05, 3.4128e-02, 1.4090e-05],
        [1.4895e-07, 9.9991e-01, 2.1399e-06, 8.3146e-08, 2.7668e-05, 4.2140e-09,
         1.9147e-07, 4.9308e-05, 5.4881e-06, 2.2929e-06],
        [2.7490e-07, 8.8222e-08, 8.1829e-06, 9.9998e-01, 9.1974e-07, 7.2598e-06,
         1.5862e-09, 1.5975e-07, 1.1866e-07, 1.3338e-10],
        [4.4707e-09, 7.7854e-10, 5.0536e-10, 6.7953e-10, 1.8492e-07, 9.7168e-07,
         1.0000e+00, 3.1926e-08, 3.3950e-10, 7.5596e-11],
        [2.9096e-01, 3.5209e-05, 7.0848e-01, 1.2610e-04, 1.9165e-04, 3.5456e-05,
         4.9058e-06, 1.6653e-05, 1.5390e-04, 1.4444e-09],
        [1.0000e+00, 7.0445e-10, 2.5369e-09, 5.5217e-11, 4.4332e-08, 4.7728e-10,
         5.9494e-09, 2.7812e-11, 1.5956e-09, 5.3877e-15],
        [1.3928e-07, 2.6158e-05, 9.4498e-07, 1.8152e-06, 1.0492e-01, 4.8497e-04,
         1.7148e-06, 3.6633e-03, 6.4807e-08, 8.9090e-01],
        [4.1009e-10, 2.4954e-08, 6.0335e-09, 1.3817e-07, 1.0000e+00, 5.9094e-08,
         1.9532e-07, 2.5266e-09, 1.4331e-09, 2.6394e-06],
        [1.8440e-05, 1.0368e-03, 1.2390e-05, 1.9418e-04, 2.2552e-05, 4.5697e-04,
         4.3075e-06, 1.6708e-07, 9.9825e-01, 8.4696e-09]], device='cuda:0',
       grad_fn=<SoftmaxBackward>)
>> best accuracy: 87.3	best epoch: 30

>> final recovery rate: 85.04444444444445%
