noise type: uniform
noise level: 0.4
when_to_apply_epoch: 25
total clean data num: 26962
probability transition matrix:
[[0.6        0.04444444 0.04444444 0.04444444 0.04444444 0.04444444
  0.04444444 0.04444444 0.04444444 0.04444444]
 [0.04444444 0.6        0.04444444 0.04444444 0.04444444 0.04444444
  0.04444444 0.04444444 0.04444444 0.04444444]
 [0.04444444 0.04444444 0.6        0.04444444 0.04444444 0.04444444
  0.04444444 0.04444444 0.04444444 0.04444444]
 [0.04444444 0.04444444 0.04444444 0.6        0.04444444 0.04444444
  0.04444444 0.04444444 0.04444444 0.04444444]
 [0.04444444 0.04444444 0.04444444 0.04444444 0.6        0.04444444
  0.04444444 0.04444444 0.04444444 0.04444444]
 [0.04444444 0.04444444 0.04444444 0.04444444 0.04444444 0.6
  0.04444444 0.04444444 0.04444444 0.04444444]
 [0.04444444 0.04444444 0.04444444 0.04444444 0.04444444 0.04444444
  0.6        0.04444444 0.04444444 0.04444444]
 [0.04444444 0.04444444 0.04444444 0.04444444 0.04444444 0.04444444
  0.04444444 0.6        0.04444444 0.04444444]
 [0.04444444 0.04444444 0.04444444 0.04444444 0.04444444 0.04444444
  0.04444444 0.04444444 0.6        0.04444444]
 [0.04444444 0.04444444 0.04444444 0.04444444 0.04444444 0.04444444
  0.04444444 0.04444444 0.04444444 0.6       ]]
>> val epoch: 0
>> current accuracy: 40.38%
outputs: tensor([[0.1602, 0.0754, 0.0987, 0.1070, 0.0919, 0.1229, 0.0776, 0.0521, 0.1049,
         0.1092],
        [0.1571, 0.0478, 0.1177, 0.1054, 0.1363, 0.0785, 0.1294, 0.0588, 0.1138,
         0.0551],
        [0.1060, 0.0684, 0.0835, 0.1055, 0.1183, 0.1490, 0.1194, 0.1313, 0.0637,
         0.0550],
        [0.0590, 0.0399, 0.0117, 0.0262, 0.0439, 0.0158, 0.0174, 0.7296, 0.0282,
         0.0283],
        [0.2546, 0.0504, 0.0164, 0.0402, 0.0308, 0.0246, 0.0226, 0.0221, 0.4807,
         0.0576],
        [0.0806, 0.0565, 0.0847, 0.0546, 0.1661, 0.0221, 0.3696, 0.0595, 0.0466,
         0.0597],
        [0.0617, 0.0487, 0.0513, 0.1704, 0.0641, 0.2839, 0.0674, 0.1842, 0.0390,
         0.0293],
        [0.0999, 0.0522, 0.1871, 0.0857, 0.2707, 0.0583, 0.0945, 0.0621, 0.0481,
         0.0413],
        [0.0934, 0.0940, 0.1149, 0.0635, 0.2655, 0.0281, 0.1077, 0.1106, 0.0505,
         0.0718],
        [0.0938, 0.3358, 0.0286, 0.0342, 0.0369, 0.0234, 0.0500, 0.0352, 0.1600,
         0.2023],
        [0.3251, 0.0571, 0.0114, 0.0268, 0.0261, 0.0259, 0.0254, 0.0189, 0.3909,
         0.0925],
        [0.3184, 0.1452, 0.0309, 0.0377, 0.0294, 0.0339, 0.0307, 0.0337, 0.2564,
         0.0836],
        [0.0400, 0.5588, 0.0448, 0.0394, 0.0434, 0.0235, 0.0539, 0.0346, 0.0459,
         0.1156],
        [0.1571, 0.0558, 0.1390, 0.0809, 0.1223, 0.0732, 0.1224, 0.0587, 0.0970,
         0.0935],
        [0.1326, 0.2224, 0.0276, 0.0361, 0.0298, 0.0328, 0.0393, 0.0329, 0.2710,
         0.1754],
        [0.0647, 0.0385, 0.0555, 0.2668, 0.0446, 0.3277, 0.0833, 0.0555, 0.0391,
         0.0244],
        [0.0978, 0.0697, 0.0593, 0.1502, 0.0444, 0.2727, 0.0737, 0.0430, 0.1150,
         0.0743],
        [0.0620, 0.2958, 0.0448, 0.0660, 0.0513, 0.0364, 0.0573, 0.0932, 0.0524,
         0.2408],
        [0.1398, 0.0687, 0.1771, 0.0649, 0.2474, 0.0322, 0.0700, 0.0840, 0.0581,
         0.0577],
        [0.0888, 0.1414, 0.0422, 0.0413, 0.0392, 0.0516, 0.0696, 0.0377, 0.0904,
         0.3979],
        [0.0984, 0.3965, 0.0293, 0.0298, 0.0348, 0.0170, 0.0478, 0.0314, 0.0904,
         0.2245],
        [0.0701, 0.0477, 0.1122, 0.0825, 0.2422, 0.0345, 0.2816, 0.0455, 0.0434,
         0.0403],
        [0.0695, 0.2536, 0.0494, 0.0345, 0.0478, 0.0241, 0.1121, 0.0334, 0.0436,
         0.3321],
        [0.0944, 0.0456, 0.1071, 0.1974, 0.0960, 0.1580, 0.1239, 0.0884, 0.0539,
         0.0354],
        [0.0684, 0.0916, 0.0868, 0.1639, 0.0882, 0.1352, 0.1039, 0.1258, 0.0765,
         0.0597],
        [0.1363, 0.1997, 0.0555, 0.0629, 0.0611, 0.0418, 0.0812, 0.0453, 0.1874,
         0.1287],
        [0.0991, 0.0343, 0.0682, 0.1326, 0.0771, 0.0664, 0.2707, 0.0531, 0.0789,
         0.1196],
        [0.1167, 0.0813, 0.0721, 0.1356, 0.1648, 0.0522, 0.1577, 0.1276, 0.0477,
         0.0442],
        [0.1310, 0.3477, 0.0306, 0.0353, 0.0504, 0.0286, 0.0598, 0.0333, 0.1397,
         0.1437],
        [0.1403, 0.0730, 0.0864, 0.0540, 0.2344, 0.0310, 0.0968, 0.1759, 0.0633,
         0.0448],
        [0.1499, 0.0398, 0.1110, 0.1890, 0.1192, 0.1076, 0.1111, 0.0485, 0.0875,
         0.0364],
        [0.3541, 0.0219, 0.0617, 0.1144, 0.0878, 0.1207, 0.0394, 0.0314, 0.1329,
         0.0356],
        [0.1937, 0.1128, 0.0690, 0.1566, 0.0540, 0.1128, 0.0610, 0.0530, 0.1103,
         0.0767],
        [0.1252, 0.3093, 0.0343, 0.0451, 0.0330, 0.0301, 0.0435, 0.0450, 0.2183,
         0.1162],
        [0.0696, 0.0577, 0.1393, 0.0669, 0.2165, 0.0336, 0.2273, 0.0652, 0.0580,
         0.0661],
        [0.1066, 0.0266, 0.0925, 0.0837, 0.1604, 0.0445, 0.3609, 0.0328, 0.0584,
         0.0336],
        [0.0529, 0.1682, 0.0676, 0.0821, 0.0584, 0.0749, 0.0939, 0.1694, 0.0670,
         0.1656],
        [0.0597, 0.0619, 0.0791, 0.0489, 0.1822, 0.0202, 0.3717, 0.0765, 0.0370,
         0.0626],
        [0.1510, 0.0409, 0.0705, 0.2649, 0.0580, 0.1114, 0.1137, 0.0538, 0.0873,
         0.0487],
        [0.1110, 0.0950, 0.0960, 0.0980, 0.1808, 0.0522, 0.1504, 0.0688, 0.0799,
         0.0679],
        [0.0821, 0.0545, 0.1445, 0.0711, 0.2169, 0.0486, 0.1622, 0.0547, 0.0973,
         0.0683],
        [0.1881, 0.0371, 0.0894, 0.2009, 0.0832, 0.1012, 0.1033, 0.0364, 0.1123,
         0.0481],
        [0.0661, 0.0535, 0.0719, 0.0518, 0.1093, 0.0244, 0.4619, 0.0656, 0.0369,
         0.0587],
        [0.2888, 0.0375, 0.0557, 0.1138, 0.0773, 0.0696, 0.0748, 0.0402, 0.1671,
         0.0753],
        [0.0918, 0.0430, 0.0847, 0.2484, 0.0679, 0.1173, 0.1735, 0.0585, 0.0622,
         0.0528],
        [0.1654, 0.0334, 0.0817, 0.1943, 0.0848, 0.1408, 0.0987, 0.0728, 0.0896,
         0.0386],
        [0.0975, 0.0498, 0.1168, 0.1337, 0.1089, 0.2306, 0.0716, 0.0684, 0.0741,
         0.0487],
        [0.0608, 0.1110, 0.0854, 0.1452, 0.0613, 0.1912, 0.0602, 0.1268, 0.0642,
         0.0939],
        [0.1713, 0.2170, 0.0638, 0.0695, 0.0617, 0.0378, 0.0800, 0.0592, 0.1506,
         0.0890],
        [0.1219, 0.0996, 0.0726, 0.0740, 0.0686, 0.1595, 0.0499, 0.1135, 0.0658,
         0.1745],
        [0.2245, 0.1298, 0.0208, 0.0308, 0.0360, 0.0288, 0.0391, 0.0269, 0.3022,
         0.1613],
        [0.1618, 0.0802, 0.0956, 0.1646, 0.0801, 0.0908, 0.0929, 0.0494, 0.1107,
         0.0739],
        [0.4875, 0.0604, 0.0395, 0.0627, 0.0497, 0.0369, 0.0394, 0.0376, 0.1338,
         0.0525],
        [0.0644, 0.0871, 0.0704, 0.1488, 0.0734, 0.1027, 0.2014, 0.0918, 0.0510,
         0.1090],
        [0.0523, 0.0486, 0.0562, 0.0395, 0.0969, 0.0167, 0.5682, 0.0319, 0.0309,
         0.0587],
        [0.0824, 0.0684, 0.0317, 0.1444, 0.0392, 0.1459, 0.0406, 0.3299, 0.0617,
         0.0557],
        [0.0861, 0.0493, 0.1077, 0.1323, 0.0871, 0.3199, 0.0512, 0.0831, 0.0480,
         0.0352],
        [0.1442, 0.2247, 0.0647, 0.0677, 0.0460, 0.0620, 0.0526, 0.0509, 0.1117,
         0.1755],
        [0.1177, 0.0545, 0.0525, 0.1912, 0.0571, 0.2148, 0.0725, 0.0468, 0.1438,
         0.0492],
        [0.0789, 0.0484, 0.0516, 0.1236, 0.0730, 0.0485, 0.4543, 0.0413, 0.0399,
         0.0405],
        [0.0798, 0.0771, 0.0579, 0.1304, 0.1066, 0.1043, 0.1039, 0.2620, 0.0465,
         0.0315],
        [0.2885, 0.1150, 0.0437, 0.0355, 0.0495, 0.0318, 0.0359, 0.0559, 0.1264,
         0.2179],
        [0.0914, 0.0556, 0.1342, 0.1206, 0.1344, 0.1404, 0.1379, 0.0880, 0.0571,
         0.0406],
        [0.0970, 0.0767, 0.0619, 0.0770, 0.1622, 0.0322, 0.2637, 0.1413, 0.0421,
         0.0459],
        [0.1157, 0.1319, 0.0668, 0.0937, 0.0793, 0.0535, 0.1983, 0.0376, 0.0962,
         0.1269],
        [0.0817, 0.2560, 0.0436, 0.0420, 0.0442, 0.0242, 0.0748, 0.0449, 0.0733,
         0.3154],
        [0.1647, 0.0794, 0.0306, 0.0572, 0.0444, 0.0377, 0.0724, 0.0354, 0.3273,
         0.1508],
        [0.0618, 0.0962, 0.0890, 0.1123, 0.0982, 0.0645, 0.2085, 0.1197, 0.0350,
         0.1148],
        [0.0632, 0.0543, 0.0508, 0.0461, 0.1183, 0.0200, 0.4544, 0.1054, 0.0370,
         0.0507],
        [0.0560, 0.0473, 0.0495, 0.1037, 0.0715, 0.0500, 0.4504, 0.0706, 0.0468,
         0.0543],
        [0.2035, 0.0734, 0.0801, 0.1067, 0.0823, 0.0884, 0.0727, 0.0542, 0.1489,
         0.0898],
        [0.0692, 0.5144, 0.0398, 0.0279, 0.0362, 0.0203, 0.0492, 0.0367, 0.0555,
         0.1508]], device='cuda:0', grad_fn=<SoftmaxBackward>)
>> best accuracy: 40.38	best epoch: 0

>> final recovery rate: 59.91555555555556%
>> val epoch: 5
>> current accuracy: 66.52%
outputs: tensor([[0.0607, 0.0361, 0.0877, 0.1665, 0.0722, 0.1013, 0.3293, 0.0670, 0.0382,
         0.0411],
        [0.0423, 0.0386, 0.0599, 0.0430, 0.0485, 0.0661, 0.0385, 0.0400, 0.5995,
         0.0235],
        [0.1155, 0.0490, 0.0496, 0.0358, 0.2867, 0.0353, 0.0223, 0.3272, 0.0337,
         0.0448],
        [0.2434, 0.0584, 0.0664, 0.0461, 0.0619, 0.0544, 0.0650, 0.0477, 0.2896,
         0.0672],
        [0.0842, 0.1469, 0.0496, 0.0387, 0.0612, 0.0586, 0.0434, 0.0590, 0.2202,
         0.2382],
        [0.3210, 0.0241, 0.2760, 0.0322, 0.0765, 0.0625, 0.0437, 0.0877, 0.0453,
         0.0310],
        [0.0694, 0.3160, 0.0491, 0.0539, 0.0495, 0.0494, 0.0372, 0.0603, 0.0966,
         0.2186],
        [0.4499, 0.0497, 0.0619, 0.0323, 0.0794, 0.0420, 0.0385, 0.1057, 0.0583,
         0.0824],
        [0.0604, 0.0326, 0.0497, 0.0294, 0.0840, 0.1672, 0.0327, 0.4511, 0.0542,
         0.0387],
        [0.0733, 0.0423, 0.1831, 0.0674, 0.2235, 0.0899, 0.0571, 0.1652, 0.0469,
         0.0512],
        [0.0465, 0.6363, 0.0384, 0.0346, 0.0530, 0.0375, 0.0225, 0.0367, 0.0536,
         0.0410],
        [0.2427, 0.0519, 0.0635, 0.0411, 0.0506, 0.0473, 0.0399, 0.0417, 0.3877,
         0.0335],
        [0.2760, 0.0398, 0.0719, 0.0335, 0.0783, 0.0551, 0.0593, 0.0404, 0.3193,
         0.0264],
        [0.1019, 0.0382, 0.0938, 0.1544, 0.1664, 0.2133, 0.0424, 0.0895, 0.0508,
         0.0494],
        [0.5533, 0.0244, 0.1530, 0.0254, 0.0458, 0.0305, 0.0377, 0.0341, 0.0771,
         0.0187],
        [0.0803, 0.0313, 0.1250, 0.4377, 0.0424, 0.1413, 0.0336, 0.0437, 0.0250,
         0.0396],
        [0.0743, 0.0333, 0.1787, 0.0693, 0.0624, 0.0986, 0.3311, 0.0708, 0.0347,
         0.0466],
        [0.0807, 0.0287, 0.1086, 0.0353, 0.1083, 0.1237, 0.0275, 0.4033, 0.0384,
         0.0456],
        [0.0884, 0.0419, 0.0907, 0.0698, 0.1108, 0.1955, 0.1481, 0.1538, 0.0486,
         0.0524],
        [0.0968, 0.4131, 0.0488, 0.0440, 0.0562, 0.0479, 0.0434, 0.0560, 0.1241,
         0.0696],
        [0.0729, 0.0333, 0.1051, 0.0502, 0.2613, 0.2363, 0.0456, 0.1098, 0.0359,
         0.0496],
        [0.0518, 0.0551, 0.0514, 0.0783, 0.0950, 0.0729, 0.0412, 0.0790, 0.0325,
         0.4427],
        [0.0551, 0.0265, 0.3801, 0.0244, 0.3149, 0.0430, 0.0393, 0.0579, 0.0225,
         0.0364],
        [0.0927, 0.0394, 0.0703, 0.1304, 0.1126, 0.0889, 0.0471, 0.0779, 0.0523,
         0.2885],
        [0.1464, 0.0281, 0.4758, 0.0518, 0.0413, 0.0724, 0.0434, 0.0576, 0.0307,
         0.0525],
        [0.0487, 0.0191, 0.0519, 0.0185, 0.7188, 0.0257, 0.0335, 0.0370, 0.0204,
         0.0263],
        [0.1276, 0.0527, 0.0874, 0.2201, 0.1841, 0.0724, 0.0625, 0.0846, 0.0522,
         0.0565],
        [0.0609, 0.0361, 0.1545, 0.0571, 0.0463, 0.4146, 0.0479, 0.0915, 0.0456,
         0.0455],
        [0.0434, 0.5737, 0.0619, 0.0416, 0.0454, 0.0450, 0.0290, 0.0529, 0.0432,
         0.0640],
        [0.0987, 0.1355, 0.0517, 0.0423, 0.0585, 0.0621, 0.0537, 0.0497, 0.0771,
         0.3707],
        [0.0569, 0.0535, 0.0536, 0.0781, 0.0603, 0.0606, 0.0429, 0.0588, 0.0520,
         0.4833],
        [0.1582, 0.0986, 0.1275, 0.1831, 0.0621, 0.0742, 0.0509, 0.0827, 0.0591,
         0.1036],
        [0.1724, 0.3480, 0.0585, 0.0421, 0.0684, 0.0509, 0.0504, 0.0743, 0.0881,
         0.0469],
        [0.0625, 0.0405, 0.1080, 0.0547, 0.1332, 0.3810, 0.0514, 0.0849, 0.0370,
         0.0468],
        [0.0587, 0.0320, 0.0373, 0.0432, 0.0377, 0.0490, 0.6392, 0.0433, 0.0308,
         0.0289],
        [0.0464, 0.0510, 0.0529, 0.0413, 0.0489, 0.0655, 0.0337, 0.0393, 0.5957,
         0.0254],
        [0.0464, 0.0197, 0.0425, 0.0174, 0.6544, 0.0227, 0.0231, 0.1292, 0.0215,
         0.0233],
        [0.0533, 0.0275, 0.6099, 0.0203, 0.0546, 0.0867, 0.0341, 0.0473, 0.0269,
         0.0394],
        [0.0646, 0.0993, 0.1094, 0.1286, 0.0308, 0.1416, 0.0354, 0.0789, 0.0657,
         0.2456],
        [0.0897, 0.0391, 0.1123, 0.0617, 0.0658, 0.1246, 0.0368, 0.1038, 0.3114,
         0.0547],
        [0.0556, 0.0286, 0.4833, 0.1168, 0.0408, 0.0617, 0.0924, 0.0422, 0.0357,
         0.0429],
        [0.0534, 0.0332, 0.0864, 0.0782, 0.0382, 0.4463, 0.0536, 0.0931, 0.0509,
         0.0668],
        [0.0666, 0.0345, 0.1900, 0.0376, 0.3009, 0.0451, 0.2125, 0.0459, 0.0279,
         0.0390],
        [0.0788, 0.0344, 0.1900, 0.0727, 0.2107, 0.1246, 0.0461, 0.1622, 0.0318,
         0.0487],
        [0.1432, 0.0809, 0.1939, 0.0605, 0.0895, 0.0580, 0.1585, 0.0783, 0.0823,
         0.0548],
        [0.0806, 0.1532, 0.0618, 0.1552, 0.0756, 0.1408, 0.0653, 0.0675, 0.1263,
         0.0737],
        [0.1280, 0.0373, 0.3070, 0.0814, 0.0785, 0.0612, 0.0485, 0.0750, 0.0671,
         0.1162],
        [0.0669, 0.0355, 0.0573, 0.0549, 0.1238, 0.0851, 0.4493, 0.0617, 0.0312,
         0.0344],
        [0.0896, 0.0460, 0.1245, 0.2561, 0.1613, 0.0958, 0.0653, 0.0772, 0.0266,
         0.0575],
        [0.1672, 0.0254, 0.1441, 0.0824, 0.1427, 0.0569, 0.1972, 0.0917, 0.0411,
         0.0513],
        [0.3061, 0.2189, 0.0548, 0.0348, 0.0672, 0.0540, 0.0619, 0.0609, 0.0667,
         0.0747],
        [0.1022, 0.0391, 0.0478, 0.0502, 0.0407, 0.0443, 0.0324, 0.0525, 0.0524,
         0.5383],
        [0.0671, 0.0464, 0.0658, 0.2617, 0.0826, 0.2395, 0.0507, 0.0840, 0.0372,
         0.0650],
        [0.1404, 0.0339, 0.0880, 0.0269, 0.3752, 0.0413, 0.0272, 0.1932, 0.0389,
         0.0350],
        [0.0663, 0.0288, 0.0448, 0.0321, 0.0361, 0.0368, 0.6579, 0.0449, 0.0256,
         0.0266],
        [0.1550, 0.0533, 0.1816, 0.0568, 0.0577, 0.0569, 0.0648, 0.0633, 0.2722,
         0.0383],
        [0.0829, 0.0358, 0.1951, 0.1408, 0.1589, 0.1136, 0.0413, 0.0967, 0.0384,
         0.0965],
        [0.0785, 0.0227, 0.0609, 0.0248, 0.5082, 0.0609, 0.0302, 0.1509, 0.0283,
         0.0346],
        [0.0676, 0.0361, 0.1393, 0.0541, 0.0709, 0.0639, 0.4383, 0.0539, 0.0318,
         0.0440],
        [0.0589, 0.0382, 0.0736, 0.0465, 0.4067, 0.1592, 0.0759, 0.0742, 0.0307,
         0.0362],
        [0.0398, 0.6292, 0.0461, 0.0293, 0.0584, 0.0451, 0.0274, 0.0416, 0.0413,
         0.0417],
        [0.2525, 0.0410, 0.3202, 0.0444, 0.1109, 0.0426, 0.0672, 0.0531, 0.0260,
         0.0421],
        [0.0854, 0.0331, 0.3204, 0.0508, 0.0964, 0.0511, 0.2151, 0.0661, 0.0335,
         0.0481],
        [0.0537, 0.0283, 0.0835, 0.0412, 0.0304, 0.5644, 0.0283, 0.0777, 0.0398,
         0.0528],
        [0.0812, 0.0979, 0.0582, 0.0561, 0.0404, 0.0641, 0.0411, 0.0346, 0.0679,
         0.4586],
        [0.0641, 0.0320, 0.2077, 0.0930, 0.2637, 0.1371, 0.0423, 0.0842, 0.0230,
         0.0529],
        [0.0487, 0.0776, 0.0472, 0.0833, 0.0290, 0.1113, 0.0274, 0.0475, 0.0434,
         0.4846],
        [0.3987, 0.0498, 0.0667, 0.0333, 0.0684, 0.0602, 0.0619, 0.0491, 0.1794,
         0.0326],
        [0.0582, 0.0306, 0.1990, 0.0555, 0.4110, 0.0583, 0.0275, 0.0941, 0.0227,
         0.0431],
        [0.1307, 0.0559, 0.0451, 0.0474, 0.0289, 0.0411, 0.0398, 0.0384, 0.0576,
         0.5151],
        [0.1167, 0.1642, 0.1058, 0.0517, 0.0571, 0.0508, 0.2129, 0.0456, 0.1641,
         0.0309],
        [0.0957, 0.0347, 0.0323, 0.0456, 0.3466, 0.0497, 0.0383, 0.2523, 0.0338,
         0.0709]], device='cuda:0', grad_fn=<SoftmaxBackward>)
>> best accuracy: 66.52	best epoch: 5

>> final recovery rate: 59.91555555555556%
>> val epoch: 10
>> current accuracy: 74.14%
outputs: tensor([[0.0280, 0.0361, 0.4916, 0.1270, 0.0670, 0.0430, 0.0439, 0.0964, 0.0357,
         0.0314],
        [0.0667, 0.0464, 0.0466, 0.0551, 0.0603, 0.0521, 0.0547, 0.0687, 0.5192,
         0.0302],
        [0.0792, 0.0318, 0.1411, 0.1157, 0.0671, 0.0379, 0.2578, 0.0948, 0.1421,
         0.0325],
        [0.0394, 0.0772, 0.0510, 0.0587, 0.0706, 0.0560, 0.0558, 0.0524, 0.0395,
         0.4995],
        [0.1115, 0.0533, 0.0693, 0.0578, 0.0883, 0.0783, 0.0617, 0.0518, 0.3961,
         0.0319],
        [0.6667, 0.0290, 0.0326, 0.0290, 0.0384, 0.0325, 0.0410, 0.0615, 0.0410,
         0.0283],
        [0.0214, 0.0226, 0.0233, 0.0241, 0.0280, 0.0340, 0.0345, 0.7551, 0.0343,
         0.0227],
        [0.0392, 0.0451, 0.0582, 0.0776, 0.2649, 0.0750, 0.2749, 0.0836, 0.0477,
         0.0338],
        [0.0620, 0.0579, 0.0446, 0.0616, 0.0658, 0.0426, 0.0432, 0.2520, 0.0456,
         0.3247],
        [0.0477, 0.0387, 0.1831, 0.1017, 0.1634, 0.2146, 0.0804, 0.0797, 0.0445,
         0.0462],
        [0.0180, 0.0266, 0.0437, 0.0224, 0.0328, 0.0337, 0.0226, 0.7533, 0.0259,
         0.0211],
        [0.0459, 0.1697, 0.0728, 0.1419, 0.0485, 0.2513, 0.0441, 0.1141, 0.0406,
         0.0710],
        [0.0333, 0.0401, 0.0447, 0.0441, 0.6489, 0.0557, 0.0354, 0.0411, 0.0293,
         0.0274],
        [0.5705, 0.0295, 0.0874, 0.0393, 0.0680, 0.0394, 0.0539, 0.0312, 0.0445,
         0.0361],
        [0.0509, 0.0463, 0.0436, 0.0639, 0.0965, 0.0375, 0.4772, 0.0793, 0.0679,
         0.0368],
        [0.0352, 0.0307, 0.1136, 0.0648, 0.5085, 0.0638, 0.0655, 0.0531, 0.0332,
         0.0317],
        [0.0477, 0.0831, 0.0557, 0.0463, 0.0521, 0.0496, 0.0439, 0.0595, 0.0651,
         0.4970],
        [0.0490, 0.0314, 0.0491, 0.0394, 0.6098, 0.0406, 0.0730, 0.0296, 0.0470,
         0.0312],
        [0.0603, 0.3452, 0.0497, 0.0590, 0.0449, 0.0376, 0.0729, 0.0636, 0.2155,
         0.0515],
        [0.0333, 0.0284, 0.0825, 0.3875, 0.0940, 0.1480, 0.0992, 0.0518, 0.0453,
         0.0301],
        [0.0386, 0.0482, 0.0469, 0.0493, 0.0641, 0.0663, 0.0478, 0.0506, 0.5596,
         0.0287],
        [0.0316, 0.0344, 0.0802, 0.0644, 0.0660, 0.0621, 0.5318, 0.0643, 0.0377,
         0.0274],
        [0.0426, 0.0586, 0.0527, 0.0508, 0.0603, 0.0493, 0.0503, 0.0504, 0.0370,
         0.5481],
        [0.0442, 0.4605, 0.0543, 0.0352, 0.0469, 0.0465, 0.0331, 0.0449, 0.0492,
         0.1852],
        [0.0231, 0.0239, 0.0268, 0.0278, 0.0242, 0.0316, 0.0440, 0.7347, 0.0404,
         0.0235],
        [0.0289, 0.0494, 0.0900, 0.1837, 0.0761, 0.1504, 0.1165, 0.1775, 0.0373,
         0.0902],
        [0.0233, 0.0276, 0.3525, 0.1240, 0.0651, 0.2194, 0.0628, 0.0596, 0.0353,
         0.0304],
        [0.0445, 0.0371, 0.0586, 0.0673, 0.2125, 0.0741, 0.3276, 0.0923, 0.0545,
         0.0315],
        [0.0431, 0.0448, 0.0364, 0.0625, 0.0422, 0.0426, 0.0418, 0.1171, 0.5355,
         0.0340],
        [0.0427, 0.0305, 0.0620, 0.0412, 0.5994, 0.0439, 0.0683, 0.0268, 0.0581,
         0.0272],
        [0.0331, 0.0443, 0.0440, 0.0959, 0.5516, 0.0524, 0.0416, 0.0427, 0.0340,
         0.0604],
        [0.0222, 0.0288, 0.6670, 0.0371, 0.0398, 0.0287, 0.0466, 0.0562, 0.0407,
         0.0329],
        [0.0501, 0.0262, 0.1310, 0.1003, 0.0769, 0.1449, 0.0310, 0.3880, 0.0288,
         0.0229],
        [0.0453, 0.0394, 0.3470, 0.0503, 0.1999, 0.0364, 0.0415, 0.1620, 0.0385,
         0.0397],
        [0.0340, 0.5955, 0.0501, 0.0378, 0.0635, 0.0474, 0.0417, 0.0456, 0.0416,
         0.0427],
        [0.0521, 0.0340, 0.0532, 0.3749, 0.0616, 0.2072, 0.0524, 0.0697, 0.0447,
         0.0503],
        [0.1105, 0.0377, 0.0855, 0.0956, 0.2627, 0.0539, 0.1732, 0.0601, 0.0806,
         0.0401],
        [0.0355, 0.5873, 0.0440, 0.0471, 0.0503, 0.0455, 0.0505, 0.0480, 0.0677,
         0.0241],
        [0.0304, 0.0408, 0.0353, 0.0384, 0.6722, 0.0398, 0.0393, 0.0444, 0.0298,
         0.0297],
        [0.0463, 0.0996, 0.0525, 0.0581, 0.0560, 0.0555, 0.0460, 0.0654, 0.0594,
         0.4612],
        [0.0729, 0.0687, 0.0580, 0.0592, 0.0625, 0.0650, 0.0617, 0.0443, 0.4797,
         0.0281],
        [0.0456, 0.0344, 0.0407, 0.1871, 0.0626, 0.3195, 0.0443, 0.1604, 0.0514,
         0.0540],
        [0.0435, 0.0367, 0.0399, 0.2198, 0.0530, 0.2855, 0.0471, 0.1801, 0.0550,
         0.0394],
        [0.1100, 0.0461, 0.0602, 0.1394, 0.0835, 0.0741, 0.0463, 0.0561, 0.2713,
         0.1131],
        [0.0352, 0.0273, 0.0461, 0.0470, 0.0495, 0.6658, 0.0335, 0.0364, 0.0290,
         0.0303],
        [0.0560, 0.0540, 0.0553, 0.0516, 0.0903, 0.0527, 0.4427, 0.0951, 0.0623,
         0.0399],
        [0.0668, 0.2498, 0.0662, 0.0481, 0.0552, 0.0568, 0.0530, 0.0646, 0.0763,
         0.2633],
        [0.0390, 0.0286, 0.1454, 0.4575, 0.0456, 0.0720, 0.0669, 0.0802, 0.0367,
         0.0279],
        [0.0357, 0.0462, 0.0456, 0.0581, 0.4209, 0.0752, 0.1984, 0.0528, 0.0364,
         0.0307],
        [0.0551, 0.0361, 0.0479, 0.4558, 0.0843, 0.1107, 0.0437, 0.0855, 0.0476,
         0.0333],
        [0.0286, 0.0393, 0.0289, 0.0535, 0.5274, 0.0573, 0.1360, 0.0496, 0.0413,
         0.0381],
        [0.0677, 0.0465, 0.0774, 0.0628, 0.0881, 0.0497, 0.3998, 0.0919, 0.0739,
         0.0421],
        [0.0332, 0.0374, 0.1503, 0.1005, 0.1786, 0.0995, 0.2838, 0.0437, 0.0419,
         0.0311],
        [0.0380, 0.6023, 0.0655, 0.0426, 0.0398, 0.0354, 0.0312, 0.0612, 0.0452,
         0.0388],
        [0.0536, 0.0761, 0.0577, 0.0536, 0.0637, 0.0518, 0.0501, 0.0479, 0.0403,
         0.5052],
        [0.0809, 0.0239, 0.1308, 0.0438, 0.0679, 0.0390, 0.0311, 0.5295, 0.0338,
         0.0194],
        [0.0341, 0.0552, 0.0434, 0.0511, 0.0573, 0.0620, 0.0454, 0.0498, 0.5672,
         0.0347],
        [0.0336, 0.0325, 0.0411, 0.5159, 0.0438, 0.1825, 0.0278, 0.0631, 0.0297,
         0.0300],
        [0.2496, 0.0352, 0.2873, 0.0762, 0.0674, 0.0400, 0.0624, 0.0743, 0.0627,
         0.0449],
        [0.0330, 0.5661, 0.0476, 0.0501, 0.0652, 0.0474, 0.0523, 0.0552, 0.0516,
         0.0315],
        [0.2055, 0.3366, 0.0753, 0.0517, 0.0511, 0.0579, 0.0602, 0.0484, 0.0848,
         0.0285],
        [0.3219, 0.0448, 0.0676, 0.0590, 0.1674, 0.0559, 0.0588, 0.0517, 0.1365,
         0.0366],
        [0.4351, 0.0757, 0.0784, 0.0527, 0.0778, 0.0404, 0.0525, 0.0674, 0.0359,
         0.0841],
        [0.0197, 0.0333, 0.6376, 0.0400, 0.0293, 0.0263, 0.0420, 0.0965, 0.0457,
         0.0296],
        [0.0551, 0.1022, 0.1820, 0.2403, 0.0843, 0.0583, 0.0630, 0.0848, 0.0896,
         0.0405],
        [0.1147, 0.0328, 0.3851, 0.0758, 0.1412, 0.0492, 0.0699, 0.0491, 0.0451,
         0.0371],
        [0.0661, 0.0890, 0.0303, 0.0361, 0.0529, 0.0400, 0.0464, 0.0520, 0.5470,
         0.0402],
        [0.0399, 0.0205, 0.0536, 0.5970, 0.0404, 0.0449, 0.0686, 0.0567, 0.0509,
         0.0276],
        [0.0361, 0.0309, 0.2409, 0.1152, 0.0629, 0.1121, 0.2317, 0.0844, 0.0520,
         0.0337],
        [0.0335, 0.0487, 0.0474, 0.0530, 0.0574, 0.0615, 0.0451, 0.0482, 0.5737,
         0.0315],
        [0.0410, 0.0264, 0.1077, 0.1004, 0.0542, 0.5002, 0.0272, 0.0887, 0.0239,
         0.0303],
        [0.0297, 0.0373, 0.0887, 0.0828, 0.4351, 0.0526, 0.1446, 0.0496, 0.0462,
         0.0332]], device='cuda:0', grad_fn=<SoftmaxBackward>)
>> best accuracy: 74.14	best epoch: 10

>> final recovery rate: 59.91555555555556%
>> val epoch: 15
>> current accuracy: 73.1%
outputs: tensor([[0.0719, 0.0337, 0.0364, 0.5501, 0.0199, 0.1473, 0.0331, 0.0307, 0.0416,
         0.0353],
        [0.0359, 0.0286, 0.0356, 0.0287, 0.0225, 0.0703, 0.0276, 0.0457, 0.6623,
         0.0429],
        [0.1389, 0.0472, 0.3995, 0.0586, 0.0249, 0.0829, 0.1115, 0.0359, 0.0511,
         0.0495],
        [0.0434, 0.0384, 0.0520, 0.0483, 0.5398, 0.0490, 0.0290, 0.1181, 0.0416,
         0.0405],
        [0.0789, 0.0422, 0.0422, 0.0323, 0.0424, 0.0672, 0.5318, 0.0681, 0.0377,
         0.0572],
        [0.0692, 0.0418, 0.0560, 0.0340, 0.0182, 0.5763, 0.0397, 0.0750, 0.0312,
         0.0588],
        [0.0502, 0.0555, 0.0394, 0.0350, 0.0195, 0.0465, 0.0545, 0.0466, 0.0358,
         0.6171],
        [0.0628, 0.3280, 0.0438, 0.0397, 0.0336, 0.0861, 0.0505, 0.0570, 0.1754,
         0.1231],
        [0.1120, 0.0605, 0.4681, 0.0269, 0.0372, 0.0585, 0.0347, 0.1099, 0.0500,
         0.0421],
        [0.0724, 0.0360, 0.1046, 0.3956, 0.0237, 0.0944, 0.1153, 0.0500, 0.0558,
         0.0521],
        [0.1577, 0.0552, 0.0967, 0.3020, 0.0197, 0.1148, 0.0567, 0.0639, 0.0602,
         0.0732],
        [0.0630, 0.5987, 0.0280, 0.0304, 0.0261, 0.0565, 0.0423, 0.0653, 0.0453,
         0.0443],
        [0.3574, 0.0478, 0.0925, 0.0437, 0.0666, 0.0613, 0.0523, 0.1316, 0.0580,
         0.0887],
        [0.0624, 0.0423, 0.0434, 0.0932, 0.4081, 0.0818, 0.1118, 0.0631, 0.0536,
         0.0403],
        [0.0948, 0.0595, 0.4681, 0.0288, 0.0287, 0.0618, 0.0465, 0.0846, 0.0419,
         0.0853],
        [0.0989, 0.0437, 0.0335, 0.0503, 0.2543, 0.0533, 0.2650, 0.1004, 0.0476,
         0.0530],
        [0.0388, 0.0346, 0.0313, 0.0278, 0.0171, 0.0428, 0.0345, 0.7029, 0.0348,
         0.0353],
        [0.0470, 0.0795, 0.0514, 0.0367, 0.0198, 0.0487, 0.0494, 0.0446, 0.0277,
         0.5953],
        [0.0468, 0.0469, 0.0575, 0.0438, 0.0276, 0.0855, 0.0505, 0.0613, 0.0365,
         0.5438],
        [0.0903, 0.0290, 0.0513, 0.2007, 0.0327, 0.0671, 0.3243, 0.0733, 0.0812,
         0.0500],
        [0.0465, 0.0278, 0.0479, 0.0317, 0.0310, 0.0811, 0.0538, 0.0542, 0.5936,
         0.0324],
        [0.0658, 0.0399, 0.0368, 0.0439, 0.0271, 0.0573, 0.6033, 0.0551, 0.0310,
         0.0397],
        [0.0895, 0.0476, 0.5185, 0.0626, 0.0286, 0.0727, 0.0381, 0.0292, 0.0533,
         0.0599],
        [0.0539, 0.0587, 0.0290, 0.0526, 0.3745, 0.0989, 0.0889, 0.1438, 0.0439,
         0.0558],
        [0.0511, 0.6406, 0.0289, 0.0269, 0.0249, 0.0474, 0.0433, 0.0435, 0.0486,
         0.0447],
        [0.0391, 0.0276, 0.0431, 0.0388, 0.0296, 0.1486, 0.0297, 0.0528, 0.5455,
         0.0451],
        [0.1059, 0.0308, 0.0312, 0.0349, 0.0241, 0.0597, 0.0402, 0.0389, 0.5177,
         0.1166],
        [0.0441, 0.6647, 0.0306, 0.0229, 0.0259, 0.0517, 0.0367, 0.0444, 0.0253,
         0.0537],
        [0.0220, 0.0516, 0.0349, 0.0352, 0.0135, 0.0540, 0.0305, 0.6917, 0.0385,
         0.0280],
        [0.5307, 0.0470, 0.0300, 0.0332, 0.0245, 0.0594, 0.0514, 0.1105, 0.0423,
         0.0709],
        [0.0532, 0.0441, 0.0314, 0.0423, 0.0517, 0.0692, 0.0420, 0.5621, 0.0415,
         0.0623],
        [0.0679, 0.0405, 0.0553, 0.1531, 0.1043, 0.0958, 0.3288, 0.0594, 0.0522,
         0.0428],
        [0.0630, 0.0609, 0.4981, 0.0226, 0.0327, 0.0952, 0.0602, 0.0371, 0.0628,
         0.0673],
        [0.0370, 0.0569, 0.0493, 0.0344, 0.0183, 0.0403, 0.0521, 0.0424, 0.0274,
         0.6420],
        [0.0614, 0.6267, 0.0299, 0.0307, 0.0266, 0.0495, 0.0458, 0.0505, 0.0323,
         0.0466],
        [0.0610, 0.0319, 0.0249, 0.0674, 0.0236, 0.0616, 0.5982, 0.0435, 0.0356,
         0.0522],
        [0.0933, 0.0534, 0.1295, 0.0281, 0.0260, 0.0726, 0.0477, 0.0637, 0.4357,
         0.0501],
        [0.0280, 0.0331, 0.0352, 0.0242, 0.0230, 0.0861, 0.0249, 0.6854, 0.0308,
         0.0293],
        [0.0652, 0.0498, 0.0525, 0.0625, 0.2687, 0.0741, 0.0442, 0.2443, 0.0587,
         0.0800],
        [0.0717, 0.0368, 0.0325, 0.4883, 0.0150, 0.1758, 0.0324, 0.0499, 0.0435,
         0.0541],
        [0.0493, 0.0365, 0.0435, 0.0382, 0.0242, 0.0851, 0.0407, 0.0465, 0.5785,
         0.0576],
        [0.0556, 0.0311, 0.0297, 0.0359, 0.0589, 0.0526, 0.6058, 0.0590, 0.0296,
         0.0418],
        [0.1639, 0.3154, 0.0434, 0.0299, 0.0245, 0.0742, 0.0679, 0.0574, 0.0353,
         0.1881],
        [0.0683, 0.0429, 0.0674, 0.0463, 0.0544, 0.0606, 0.4684, 0.0678, 0.0506,
         0.0732],
        [0.0820, 0.0298, 0.0673, 0.0495, 0.0206, 0.0782, 0.5418, 0.0531, 0.0286,
         0.0490],
        [0.5414, 0.0388, 0.0740, 0.0351, 0.0326, 0.0595, 0.0392, 0.0736, 0.0394,
         0.0666],
        [0.0475, 0.0590, 0.5325, 0.0229, 0.0261, 0.0872, 0.0549, 0.0496, 0.0608,
         0.0595],
        [0.0780, 0.0333, 0.2065, 0.0445, 0.0252, 0.0518, 0.3960, 0.0669, 0.0422,
         0.0556],
        [0.0622, 0.0301, 0.0456, 0.0341, 0.0179, 0.6712, 0.0242, 0.0388, 0.0272,
         0.0487],
        [0.0526, 0.0293, 0.0380, 0.0957, 0.0199, 0.5890, 0.0321, 0.0676, 0.0342,
         0.0417],
        [0.6134, 0.0268, 0.0524, 0.0315, 0.0212, 0.0428, 0.0487, 0.0517, 0.0386,
         0.0729],
        [0.0576, 0.0391, 0.0300, 0.0319, 0.0196, 0.0616, 0.0355, 0.0494, 0.6288,
         0.0467],
        [0.0618, 0.0396, 0.0347, 0.0338, 0.0179, 0.0429, 0.0580, 0.0418, 0.0340,
         0.6357],
        [0.3725, 0.1315, 0.0438, 0.0464, 0.0309, 0.0790, 0.0609, 0.0772, 0.0773,
         0.0805],
        [0.0554, 0.0372, 0.0336, 0.5550, 0.0221, 0.1240, 0.0400, 0.0305, 0.0666,
         0.0356],
        [0.0946, 0.0488, 0.3029, 0.0644, 0.0479, 0.2204, 0.0583, 0.0397, 0.0590,
         0.0640],
        [0.0472, 0.0346, 0.0782, 0.1490, 0.0266, 0.1556, 0.3445, 0.0704, 0.0352,
         0.0588],
        [0.0587, 0.0627, 0.4882, 0.0239, 0.0186, 0.0707, 0.0689, 0.0775, 0.0603,
         0.0705],
        [0.0542, 0.5928, 0.0428, 0.0369, 0.0245, 0.0666, 0.0453, 0.0517, 0.0325,
         0.0528],
        [0.0398, 0.0296, 0.0259, 0.0290, 0.0292, 0.0438, 0.0319, 0.6931, 0.0328,
         0.0448],
        [0.0570, 0.6217, 0.0382, 0.0290, 0.0285, 0.0502, 0.0439, 0.0513, 0.0393,
         0.0410],
        [0.0652, 0.0666, 0.0457, 0.0623, 0.2853, 0.1134, 0.0393, 0.2159, 0.0434,
         0.0628],
        [0.0776, 0.0291, 0.0359, 0.0455, 0.5552, 0.0665, 0.0416, 0.0668, 0.0455,
         0.0361],
        [0.0377, 0.0333, 0.0429, 0.0345, 0.0213, 0.0432, 0.0580, 0.0395, 0.0387,
         0.6508],
        [0.0588, 0.0419, 0.0542, 0.4717, 0.0272, 0.1473, 0.0447, 0.0428, 0.0632,
         0.0484],
        [0.0349, 0.0313, 0.0362, 0.0217, 0.0183, 0.0968, 0.0256, 0.6650, 0.0309,
         0.0392],
        [0.0475, 0.6523, 0.0377, 0.0274, 0.0265, 0.0476, 0.0396, 0.0434, 0.0315,
         0.0464],
        [0.0443, 0.0353, 0.3563, 0.1192, 0.0426, 0.0584, 0.1986, 0.0641, 0.0474,
         0.0337],
        [0.0599, 0.0468, 0.5346, 0.0286, 0.0571, 0.0378, 0.0454, 0.0893, 0.0563,
         0.0443],
        [0.0536, 0.6627, 0.0381, 0.0277, 0.0237, 0.0484, 0.0359, 0.0417, 0.0290,
         0.0392],
        [0.0783, 0.0286, 0.0530, 0.0331, 0.0976, 0.0948, 0.0455, 0.0716, 0.4595,
         0.0380],
        [0.0619, 0.0411, 0.0296, 0.0456, 0.5548, 0.0527, 0.0492, 0.0644, 0.0528,
         0.0479]], device='cuda:0', grad_fn=<SoftmaxBackward>)
>> best accuracy: 74.14	best epoch: 10

>> final recovery rate: 59.91555555555556%
>> val epoch: 20
>> current accuracy: 80.06%
outputs: tensor([[0.0369, 0.0284, 0.0410, 0.0155, 0.0373, 0.0306, 0.6965, 0.0400, 0.0291,
         0.0448],
        [0.0447, 0.0438, 0.0518, 0.1011, 0.3774, 0.0716, 0.0529, 0.1412, 0.0530,
         0.0626],
        [0.0360, 0.1227, 0.0436, 0.0409, 0.0858, 0.0462, 0.0565, 0.0720, 0.0752,
         0.4210],
        [0.5458, 0.0499, 0.0598, 0.0511, 0.0523, 0.0249, 0.0464, 0.0707, 0.0468,
         0.0524],
        [0.0409, 0.0306, 0.0511, 0.1169, 0.5184, 0.0630, 0.0582, 0.0460, 0.0397,
         0.0353],
        [0.0570, 0.0528, 0.1136, 0.0523, 0.0811, 0.2744, 0.0531, 0.2175, 0.0469,
         0.0514],
        [0.0290, 0.0318, 0.0441, 0.0363, 0.0766, 0.0321, 0.0282, 0.6346, 0.0438,
         0.0437],
        [0.0322, 0.5975, 0.0313, 0.0285, 0.0409, 0.0331, 0.0394, 0.0492, 0.0404,
         0.1074],
        [0.0755, 0.0396, 0.0438, 0.0668, 0.0468, 0.0434, 0.4810, 0.0819, 0.0465,
         0.0748],
        [0.1278, 0.0578, 0.0842, 0.0759, 0.0989, 0.0542, 0.1258, 0.2647, 0.0573,
         0.0534],
        [0.0352, 0.0359, 0.0632, 0.0304, 0.0322, 0.0267, 0.6491, 0.0491, 0.0365,
         0.0415],
        [0.0253, 0.0332, 0.0977, 0.0377, 0.0478, 0.0290, 0.6027, 0.0407, 0.0390,
         0.0468],
        [0.0226, 0.0699, 0.0267, 0.0279, 0.0318, 0.0320, 0.0354, 0.0350, 0.6801,
         0.0386],
        [0.0474, 0.0329, 0.0365, 0.0269, 0.0325, 0.6668, 0.0322, 0.0411, 0.0368,
         0.0469],
        [0.0441, 0.0449, 0.1858, 0.0564, 0.0563, 0.0429, 0.3159, 0.1393, 0.0590,
         0.0553],
        [0.0225, 0.0395, 0.0273, 0.0346, 0.0370, 0.0325, 0.0458, 0.0424, 0.6842,
         0.0342],
        [0.0656, 0.0394, 0.0410, 0.0489, 0.0383, 0.5413, 0.0352, 0.0919, 0.0456,
         0.0528],
        [0.0373, 0.0726, 0.0326, 0.0351, 0.0356, 0.0386, 0.0564, 0.0543, 0.0543,
         0.5833],
        [0.0517, 0.0242, 0.0345, 0.0648, 0.5927, 0.0609, 0.0582, 0.0341, 0.0457,
         0.0332],
        [0.0408, 0.0299, 0.0411, 0.0969, 0.0465, 0.5465, 0.0392, 0.0751, 0.0290,
         0.0551],
        [0.0899, 0.0574, 0.0925, 0.4353, 0.0407, 0.1229, 0.0324, 0.0637, 0.0298,
         0.0354],
        [0.3538, 0.0438, 0.1068, 0.0978, 0.0457, 0.0552, 0.0397, 0.1678, 0.0467,
         0.0426],
        [0.0456, 0.0281, 0.0247, 0.1075, 0.0741, 0.5630, 0.0443, 0.0326, 0.0373,
         0.0427],
        [0.0418, 0.0383, 0.1067, 0.1623, 0.1140, 0.0721, 0.0512, 0.3044, 0.0630,
         0.0462],
        [0.0330, 0.0930, 0.0448, 0.0352, 0.0446, 0.0440, 0.0457, 0.0398, 0.0346,
         0.5852],
        [0.0254, 0.0366, 0.0357, 0.0308, 0.0358, 0.0339, 0.0364, 0.0421, 0.6837,
         0.0396],
        [0.0462, 0.0428, 0.0526, 0.4807, 0.0722, 0.1221, 0.0524, 0.0436, 0.0399,
         0.0474],
        [0.0407, 0.0398, 0.0395, 0.0215, 0.0395, 0.0327, 0.6614, 0.0410, 0.0396,
         0.0442],
        [0.0542, 0.0326, 0.0308, 0.5359, 0.0443, 0.0917, 0.0573, 0.0514, 0.0541,
         0.0476],
        [0.0362, 0.0270, 0.0325, 0.0349, 0.0370, 0.6888, 0.0328, 0.0323, 0.0321,
         0.0465],
        [0.0208, 0.0475, 0.6868, 0.0156, 0.0318, 0.0276, 0.0484, 0.0342, 0.0384,
         0.0490],
        [0.0258, 0.0481, 0.1201, 0.1217, 0.2969, 0.0718, 0.0888, 0.0677, 0.0543,
         0.1049],
        [0.0434, 0.0629, 0.0379, 0.0470, 0.0434, 0.0452, 0.0472, 0.0562, 0.2624,
         0.3544],
        [0.0455, 0.0363, 0.0608, 0.0524, 0.1279, 0.4606, 0.0404, 0.0971, 0.0312,
         0.0478],
        [0.0219, 0.0473, 0.6770, 0.0181, 0.0252, 0.0340, 0.0494, 0.0612, 0.0238,
         0.0421],
        [0.7101, 0.0236, 0.0275, 0.0259, 0.0295, 0.0282, 0.0350, 0.0646, 0.0238,
         0.0318],
        [0.0680, 0.0584, 0.0551, 0.4100, 0.0585, 0.1000, 0.0598, 0.0651, 0.0622,
         0.0629],
        [0.0458, 0.0309, 0.0329, 0.0254, 0.0601, 0.6299, 0.0348, 0.0562, 0.0402,
         0.0438],
        [0.0374, 0.0373, 0.0390, 0.0355, 0.0233, 0.0379, 0.0320, 0.6697, 0.0466,
         0.0412],
        [0.1251, 0.0501, 0.0404, 0.1029, 0.0601, 0.0654, 0.0784, 0.1845, 0.0836,
         0.2094],
        [0.0260, 0.0479, 0.5698, 0.0278, 0.0446, 0.0439, 0.0861, 0.0448, 0.0456,
         0.0635],
        [0.0460, 0.5633, 0.0308, 0.0438, 0.0515, 0.0423, 0.0621, 0.0590, 0.0514,
         0.0500],
        [0.0450, 0.0375, 0.0756, 0.0648, 0.0585, 0.4456, 0.0573, 0.1136, 0.0468,
         0.0553],
        [0.1536, 0.0457, 0.0447, 0.0387, 0.0503, 0.0458, 0.0607, 0.0644, 0.2422,
         0.2541],
        [0.5105, 0.0373, 0.0491, 0.0369, 0.1317, 0.0369, 0.0525, 0.0643, 0.0369,
         0.0440],
        [0.0434, 0.5901, 0.0355, 0.0430, 0.0457, 0.0482, 0.0611, 0.0446, 0.0445,
         0.0438],
        [0.6266, 0.0367, 0.0461, 0.0368, 0.0440, 0.0364, 0.0413, 0.0562, 0.0424,
         0.0335],
        [0.0421, 0.0324, 0.0271, 0.0287, 0.0237, 0.0312, 0.0365, 0.7089, 0.0348,
         0.0345],
        [0.1022, 0.0441, 0.0408, 0.0322, 0.0363, 0.0243, 0.0479, 0.0410, 0.5693,
         0.0621],
        [0.0347, 0.0466, 0.6105, 0.0291, 0.0336, 0.0308, 0.0630, 0.0672, 0.0441,
         0.0404],
        [0.0303, 0.4371, 0.0230, 0.0291, 0.0460, 0.0261, 0.1771, 0.0596, 0.0548,
         0.1167],
        [0.0325, 0.5685, 0.0332, 0.0291, 0.0421, 0.0341, 0.0437, 0.0476, 0.0501,
         0.1190],
        [0.1837, 0.0638, 0.1107, 0.1067, 0.0462, 0.0308, 0.0504, 0.1268, 0.0789,
         0.2020],
        [0.0290, 0.5982, 0.0285, 0.0353, 0.0545, 0.0377, 0.0574, 0.0693, 0.0309,
         0.0593],
        [0.0480, 0.0395, 0.0308, 0.1121, 0.3880, 0.0560, 0.1842, 0.0614, 0.0424,
         0.0375],
        [0.0475, 0.0461, 0.0849, 0.2889, 0.0565, 0.1260, 0.1313, 0.1357, 0.0421,
         0.0410],
        [0.5490, 0.0274, 0.0406, 0.0412, 0.0305, 0.0332, 0.0448, 0.0603, 0.0342,
         0.1387],
        [0.0400, 0.0587, 0.0932, 0.0693, 0.1409, 0.0777, 0.0436, 0.3776, 0.0480,
         0.0509],
        [0.0416, 0.0414, 0.0362, 0.0792, 0.0397, 0.5649, 0.0688, 0.0310, 0.0412,
         0.0562],
        [0.0214, 0.7566, 0.0210, 0.0214, 0.0337, 0.0231, 0.0266, 0.0370, 0.0263,
         0.0329],
        [0.0203, 0.0280, 0.7107, 0.0276, 0.0422, 0.0281, 0.0401, 0.0388, 0.0257,
         0.0386],
        [0.0507, 0.0455, 0.0607, 0.5336, 0.0878, 0.0547, 0.0344, 0.0455, 0.0508,
         0.0363],
        [0.0267, 0.0543, 0.0952, 0.0684, 0.1667, 0.0515, 0.0592, 0.2778, 0.1347,
         0.0654],
        [0.0404, 0.0618, 0.0407, 0.0429, 0.0418, 0.0495, 0.0457, 0.0638, 0.0603,
         0.5534],
        [0.0293, 0.0359, 0.0282, 0.0454, 0.0426, 0.0417, 0.0512, 0.0473, 0.0385,
         0.6399],
        [0.0361, 0.0318, 0.0300, 0.0312, 0.0351, 0.0268, 0.6895, 0.0462, 0.0350,
         0.0384],
        [0.0570, 0.0346, 0.0343, 0.2516, 0.0453, 0.3519, 0.0413, 0.0676, 0.0476,
         0.0688],
        [0.3061, 0.0645, 0.1066, 0.0377, 0.0844, 0.0526, 0.0395, 0.1977, 0.0635,
         0.0474],
        [0.0247, 0.0498, 0.0327, 0.0338, 0.0332, 0.0335, 0.0395, 0.0397, 0.6754,
         0.0377],
        [0.0304, 0.6717, 0.0214, 0.0299, 0.0349, 0.0332, 0.0570, 0.0555, 0.0303,
         0.0356],
        [0.0324, 0.0392, 0.0390, 0.0327, 0.0400, 0.0237, 0.5766, 0.0677, 0.1101,
         0.0386],
        [0.0553, 0.0429, 0.0387, 0.5899, 0.0366, 0.0752, 0.0297, 0.0416, 0.0399,
         0.0502]], device='cuda:0', grad_fn=<SoftmaxBackward>)
>> best accuracy: 80.06	best epoch: 20

>> final recovery rate: 59.91555555555556%
>> val epoch: 25
>> current accuracy: 80.64%
outputs: tensor([[0.0241, 0.0231, 0.0372, 0.0158, 0.0341, 0.0484, 0.0307, 0.0171, 0.7428,
         0.0267],
        [0.0896, 0.3829, 0.0954, 0.0303, 0.0445, 0.0551, 0.0569, 0.0463, 0.0939,
         0.1051],
        [0.0482, 0.0412, 0.0787, 0.1737, 0.0443, 0.4224, 0.0355, 0.0277, 0.0543,
         0.0739],
        [0.1091, 0.0765, 0.2120, 0.1998, 0.0979, 0.0890, 0.0302, 0.0323, 0.0548,
         0.0986],
        [0.1036, 0.0684, 0.3533, 0.0337, 0.0384, 0.0448, 0.1715, 0.0897, 0.0302,
         0.0664],
        [0.0506, 0.0581, 0.5827, 0.0267, 0.0362, 0.0392, 0.0439, 0.0251, 0.0640,
         0.0736],
        [0.0481, 0.0383, 0.0598, 0.0239, 0.0648, 0.5866, 0.0415, 0.0311, 0.0421,
         0.0637],
        [0.5855, 0.0475, 0.0536, 0.0303, 0.0414, 0.0508, 0.0391, 0.0371, 0.0500,
         0.0647],
        [0.6260, 0.0377, 0.0594, 0.0335, 0.0349, 0.0368, 0.0373, 0.0222, 0.0681,
         0.0442],
        [0.0559, 0.4539, 0.0586, 0.0374, 0.0560, 0.0553, 0.0606, 0.0763, 0.0852,
         0.0607],
        [0.0180, 0.0207, 0.0819, 0.0224, 0.7059, 0.0312, 0.0234, 0.0206, 0.0325,
         0.0434],
        [0.0268, 0.0227, 0.0334, 0.0169, 0.0298, 0.0488, 0.0298, 0.0352, 0.6951,
         0.0614],
        [0.0351, 0.0512, 0.1485, 0.0265, 0.1048, 0.0467, 0.0472, 0.3949, 0.0815,
         0.0636],
        [0.0557, 0.4411, 0.1393, 0.0224, 0.0541, 0.0522, 0.0402, 0.0909, 0.0395,
         0.0646],
        [0.0471, 0.0348, 0.1268, 0.2138, 0.0705, 0.2555, 0.0734, 0.0272, 0.0524,
         0.0986],
        [0.0460, 0.0316, 0.0212, 0.0208, 0.0296, 0.0295, 0.6929, 0.0342, 0.0651,
         0.0292],
        [0.0625, 0.0360, 0.0604, 0.0208, 0.0303, 0.0470, 0.5692, 0.0583, 0.0572,
         0.0583],
        [0.0516, 0.0380, 0.0751, 0.0277, 0.0402, 0.0654, 0.5285, 0.0475, 0.0682,
         0.0577],
        [0.0523, 0.4751, 0.0679, 0.0376, 0.0498, 0.0619, 0.0735, 0.0468, 0.0854,
         0.0498],
        [0.0427, 0.0581, 0.0480, 0.5761, 0.0233, 0.0405, 0.0385, 0.0500, 0.0662,
         0.0565],
        [0.0310, 0.0432, 0.0421, 0.0247, 0.2067, 0.0592, 0.4414, 0.0505, 0.0510,
         0.0502],
