noise type: uniform
noise level: 0.2
when_to_apply_epoch: 25
total clean data num: 36018
probability transition matrix:
[[0.8        0.02222222 0.02222222 0.02222222 0.02222222 0.02222222
  0.02222222 0.02222222 0.02222222 0.02222222]
 [0.02222222 0.8        0.02222222 0.02222222 0.02222222 0.02222222
  0.02222222 0.02222222 0.02222222 0.02222222]
 [0.02222222 0.02222222 0.8        0.02222222 0.02222222 0.02222222
  0.02222222 0.02222222 0.02222222 0.02222222]
 [0.02222222 0.02222222 0.02222222 0.8        0.02222222 0.02222222
  0.02222222 0.02222222 0.02222222 0.02222222]
 [0.02222222 0.02222222 0.02222222 0.02222222 0.8        0.02222222
  0.02222222 0.02222222 0.02222222 0.02222222]
 [0.02222222 0.02222222 0.02222222 0.02222222 0.02222222 0.8
  0.02222222 0.02222222 0.02222222 0.02222222]
 [0.02222222 0.02222222 0.02222222 0.02222222 0.02222222 0.02222222
  0.8        0.02222222 0.02222222 0.02222222]
 [0.02222222 0.02222222 0.02222222 0.02222222 0.02222222 0.02222222
  0.02222222 0.8        0.02222222 0.02222222]
 [0.02222222 0.02222222 0.02222222 0.02222222 0.02222222 0.02222222
  0.02222222 0.02222222 0.8        0.02222222]
 [0.02222222 0.02222222 0.02222222 0.02222222 0.02222222 0.02222222
  0.02222222 0.02222222 0.02222222 0.8       ]]
>> val epoch: 0
>> current accuracy: 48.76%
outputs: tensor([[0.2914, 0.0518, 0.1143, 0.0844, 0.1152, 0.0384, 0.0904, 0.0480, 0.1106,
         0.0556],
        [0.0589, 0.0569, 0.0221, 0.0713, 0.1485, 0.0567, 0.0432, 0.3551, 0.0791,
         0.1082],
        [0.0192, 0.0270, 0.0505, 0.1136, 0.2631, 0.0409, 0.4112, 0.0402, 0.0207,
         0.0138],
        [0.0458, 0.0575, 0.0707, 0.2529, 0.1016, 0.0874, 0.1407, 0.1358, 0.0454,
         0.0622],
        [0.1659, 0.0289, 0.1772, 0.0821, 0.2021, 0.0488, 0.0639, 0.0923, 0.1120,
         0.0268],
        [0.0319, 0.0323, 0.0249, 0.0370, 0.4826, 0.0320, 0.0587, 0.2645, 0.0161,
         0.0200],
        [0.1408, 0.2466, 0.0224, 0.0217, 0.0196, 0.0152, 0.0267, 0.0247, 0.3232,
         0.1589],
        [0.1301, 0.0960, 0.0384, 0.0301, 0.2553, 0.0202, 0.0239, 0.3179, 0.0264,
         0.0618],
        [0.0288, 0.0210, 0.0775, 0.0910, 0.1381, 0.0457, 0.5202, 0.0283, 0.0262,
         0.0232],
        [0.3421, 0.2686, 0.0091, 0.0107, 0.0346, 0.0076, 0.0215, 0.0434, 0.0398,
         0.2226],
        [0.0993, 0.0246, 0.2514, 0.1909, 0.0711, 0.1103, 0.0278, 0.0798, 0.1172,
         0.0276],
        [0.3281, 0.0427, 0.1349, 0.0715, 0.0955, 0.0388, 0.0654, 0.0443, 0.1458,
         0.0331],
        [0.0402, 0.0333, 0.0394, 0.1514, 0.1738, 0.0753, 0.1315, 0.2886, 0.0281,
         0.0383],
        [0.0072, 0.0136, 0.0241, 0.6138, 0.0220, 0.2313, 0.0240, 0.0436, 0.0081,
         0.0121],
        [0.0412, 0.0338, 0.0993, 0.3321, 0.0741, 0.1409, 0.0959, 0.1149, 0.0454,
         0.0225],
        [0.0517, 0.1854, 0.0219, 0.0291, 0.0271, 0.0242, 0.0356, 0.0276, 0.2650,
         0.3323],
        [0.0339, 0.1591, 0.0082, 0.0174, 0.0105, 0.0116, 0.0486, 0.0334, 0.0219,
         0.6554],
        [0.3977, 0.0334, 0.0339, 0.0316, 0.0274, 0.0166, 0.0324, 0.0367, 0.3675,
         0.0229],
        [0.2366, 0.0732, 0.0238, 0.0228, 0.0240, 0.0138, 0.0299, 0.0260, 0.4939,
         0.0560],
        [0.5898, 0.0637, 0.0506, 0.0213, 0.0320, 0.0150, 0.0281, 0.0183, 0.1537,
         0.0276],
        [0.0199, 0.0259, 0.0610, 0.0605, 0.2843, 0.0745, 0.0416, 0.3979, 0.0199,
         0.0145],
        [0.0244, 0.0292, 0.0783, 0.1852, 0.2954, 0.1085, 0.1631, 0.0712, 0.0245,
         0.0202],
        [0.0317, 0.1704, 0.0335, 0.0928, 0.0655, 0.0541, 0.0286, 0.2246, 0.0281,
         0.2708],
        [0.2256, 0.0251, 0.0945, 0.0310, 0.3156, 0.0259, 0.0395, 0.1486, 0.0658,
         0.0284],
        [0.0296, 0.0492, 0.0292, 0.2097, 0.1455, 0.0983, 0.0511, 0.3517, 0.0205,
         0.0153],
        [0.0794, 0.0419, 0.0861, 0.1526, 0.1317, 0.0638, 0.1941, 0.0720, 0.0915,
         0.0870],
        [0.3827, 0.0457, 0.0466, 0.0369, 0.0558, 0.0194, 0.0548, 0.0329, 0.2994,
         0.0258],
        [0.0193, 0.0350, 0.0621, 0.4023, 0.1128, 0.1271, 0.1271, 0.0722, 0.0221,
         0.0201],
        [0.0233, 0.0220, 0.1325, 0.3290, 0.0935, 0.2213, 0.0579, 0.0881, 0.0204,
         0.0119],
        [0.1207, 0.0317, 0.1761, 0.1179, 0.1456, 0.0775, 0.0824, 0.0451, 0.1790,
         0.0240],
        [0.1361, 0.0468, 0.0074, 0.0179, 0.0186, 0.0118, 0.0201, 0.0216, 0.6972,
         0.0226],
        [0.0211, 0.0284, 0.0508, 0.3076, 0.1230, 0.1735, 0.0788, 0.1705, 0.0208,
         0.0255],
        [0.0680, 0.0276, 0.2166, 0.1710, 0.1931, 0.0720, 0.1084, 0.0596, 0.0568,
         0.0269],
        [0.1232, 0.0515, 0.0564, 0.0944, 0.1450, 0.0626, 0.0581, 0.1351, 0.2372,
         0.0366],
        [0.2652, 0.2217, 0.0240, 0.0296, 0.0255, 0.0197, 0.0371, 0.0285, 0.2326,
         0.1159],
        [0.0244, 0.0250, 0.0499, 0.1358, 0.3168, 0.1260, 0.2172, 0.0686, 0.0238,
         0.0126],
        [0.0476, 0.0657, 0.1752, 0.1718, 0.1502, 0.1107, 0.0460, 0.1481, 0.0317,
         0.0530],
        [0.0269, 0.0248, 0.1202, 0.2195, 0.2652, 0.1295, 0.1043, 0.0697, 0.0249,
         0.0149],
        [0.0072, 0.0112, 0.0429, 0.4906, 0.0641, 0.2871, 0.0276, 0.0532, 0.0089,
         0.0072],
        [0.0740, 0.0795, 0.0189, 0.0232, 0.0385, 0.0189, 0.0308, 0.1315, 0.0367,
         0.5481],
        [0.0223, 0.0503, 0.0655, 0.0596, 0.1210, 0.0214, 0.5790, 0.0279, 0.0255,
         0.0277],
        [0.0739, 0.0653, 0.0918, 0.2011, 0.1256, 0.0765, 0.0846, 0.0608, 0.1605,
         0.0599],
        [0.0347, 0.0330, 0.0615, 0.2624, 0.1602, 0.1579, 0.1335, 0.1024, 0.0313,
         0.0231],
        [0.0335, 0.0259, 0.0460, 0.0298, 0.4042, 0.0339, 0.0472, 0.3418, 0.0218,
         0.0159],
        [0.0835, 0.2132, 0.0268, 0.0519, 0.0727, 0.0189, 0.1507, 0.0589, 0.0359,
         0.2875],
        [0.0174, 0.0274, 0.0719, 0.2098, 0.1041, 0.0525, 0.4598, 0.0296, 0.0148,
         0.0128],
        [0.0390, 0.0132, 0.2005, 0.3230, 0.0734, 0.1796, 0.0293, 0.0962, 0.0265,
         0.0192],
        [0.0258, 0.0982, 0.0128, 0.0167, 0.1133, 0.0157, 0.0130, 0.6795, 0.0124,
         0.0125],
        [0.0247, 0.0292, 0.1316, 0.1947, 0.1740, 0.1239, 0.2252, 0.0545, 0.0237,
         0.0185],
        [0.0602, 0.0510, 0.2097, 0.1625, 0.1808, 0.0882, 0.0629, 0.0774, 0.0676,
         0.0397],
        [0.0393, 0.0183, 0.1172, 0.3740, 0.0626, 0.1977, 0.0319, 0.0998, 0.0304,
         0.0287],
        [0.1314, 0.6922, 0.0112, 0.0149, 0.0234, 0.0083, 0.0202, 0.0121, 0.0509,
         0.0354],
        [0.5736, 0.0451, 0.0423, 0.0230, 0.0354, 0.0108, 0.0389, 0.0294, 0.1818,
         0.0196],
        [0.1201, 0.4093, 0.0129, 0.0167, 0.0320, 0.0121, 0.0288, 0.0331, 0.0580,
         0.2771],
        [0.0204, 0.0390, 0.0703, 0.1540, 0.2879, 0.0624, 0.2826, 0.0471, 0.0235,
         0.0128],
        [0.0752, 0.0364, 0.0084, 0.0219, 0.0110, 0.0178, 0.0235, 0.0168, 0.7465,
         0.0424],
        [0.0232, 0.0332, 0.0501, 0.4952, 0.0775, 0.1295, 0.0743, 0.0812, 0.0184,
         0.0175],
        [0.6081, 0.1528, 0.0135, 0.0105, 0.0367, 0.0073, 0.0251, 0.0173, 0.0503,
         0.0785],
        [0.0542, 0.0718, 0.0854, 0.2138, 0.1423, 0.0972, 0.0584, 0.1664, 0.0446,
         0.0659],
        [0.0260, 0.0256, 0.1846, 0.3657, 0.1017, 0.0720, 0.1465, 0.0397, 0.0259,
         0.0124],
        [0.0445, 0.0210, 0.1838, 0.2802, 0.1792, 0.1318, 0.0559, 0.0601, 0.0296,
         0.0139],
        [0.3807, 0.1462, 0.0402, 0.0648, 0.0409, 0.0240, 0.0531, 0.0400, 0.1507,
         0.0594],
        [0.0153, 0.0263, 0.0477, 0.1576, 0.1881, 0.0642, 0.4413, 0.0337, 0.0159,
         0.0099],
        [0.1053, 0.2586, 0.0553, 0.0444, 0.0594, 0.0305, 0.0576, 0.0394, 0.2095,
         0.1399],
        [0.0203, 0.0473, 0.0795, 0.1746, 0.0940, 0.0482, 0.4460, 0.0448, 0.0204,
         0.0249],
        [0.0331, 0.0401, 0.1286, 0.2297, 0.1087, 0.1666, 0.0934, 0.1352, 0.0331,
         0.0314],
        [0.0253, 0.0254, 0.1233, 0.3250, 0.1117, 0.1745, 0.1271, 0.0460, 0.0262,
         0.0155],
        [0.1239, 0.0969, 0.0642, 0.1205, 0.0801, 0.0466, 0.1241, 0.0766, 0.1443,
         0.1229],
        [0.3196, 0.1896, 0.0237, 0.0253, 0.0305, 0.0133, 0.0342, 0.0288, 0.2303,
         0.1048],
        [0.0512, 0.0257, 0.2299, 0.1892, 0.1755, 0.1480, 0.0524, 0.0830, 0.0289,
         0.0162],
        [0.2394, 0.2214, 0.0228, 0.0362, 0.0633, 0.0186, 0.0268, 0.1686, 0.1244,
         0.0786],
        [0.0279, 0.0308, 0.2032, 0.0562, 0.2985, 0.0425, 0.2568, 0.0357, 0.0247,
         0.0237]], device='cuda:0', grad_fn=<SoftmaxBackward>)
>> best accuracy: 48.76	best epoch: 0

>> final recovery rate: 80.04%
>> val epoch: 5
>> current accuracy: 70.06%
outputs: tensor([[0.0177, 0.0360, 0.0214, 0.0183, 0.6678, 0.0266, 0.0117, 0.1737, 0.0127,
         0.0140],
        [0.0186, 0.0276, 0.0419, 0.1490, 0.0581, 0.6387, 0.0292, 0.0138, 0.0089,
         0.0143],
        [0.0553, 0.7863, 0.0218, 0.0315, 0.0192, 0.0245, 0.0168, 0.0153, 0.0117,
         0.0175],
        [0.0632, 0.0224, 0.0901, 0.0152, 0.0317, 0.0375, 0.6110, 0.0425, 0.0245,
         0.0619],
        [0.0244, 0.8484, 0.0157, 0.0237, 0.0276, 0.0100, 0.0143, 0.0127, 0.0139,
         0.0092],
        [0.0314, 0.0184, 0.0282, 0.6043, 0.0990, 0.0981, 0.0432, 0.0235, 0.0293,
         0.0246],
        [0.0184, 0.0258, 0.5038, 0.0560, 0.0712, 0.2269, 0.0176, 0.0395, 0.0112,
         0.0296],
        [0.0482, 0.0238, 0.0346, 0.3151, 0.2513, 0.0484, 0.2146, 0.0235, 0.0156,
         0.0249],
        [0.0183, 0.0118, 0.0596, 0.0448, 0.7693, 0.0101, 0.0151, 0.0203, 0.0178,
         0.0330],
        [0.0928, 0.0238, 0.0686, 0.1942, 0.2036, 0.1744, 0.1295, 0.0693, 0.0187,
         0.0251],
        [0.2484, 0.0117, 0.0409, 0.0236, 0.0349, 0.0116, 0.0173, 0.0173, 0.5740,
         0.0202],
        [0.0361, 0.0336, 0.0308, 0.1557, 0.2845, 0.1008, 0.1814, 0.1394, 0.0179,
         0.0198],
        [0.0432, 0.0212, 0.2296, 0.0703, 0.4158, 0.0165, 0.0262, 0.1068, 0.0432,
         0.0272],
        [0.0187, 0.0325, 0.0339, 0.1440, 0.0563, 0.6322, 0.0190, 0.0264, 0.0164,
         0.0205],
        [0.0489, 0.0191, 0.5381, 0.0528, 0.0438, 0.0381, 0.1660, 0.0388, 0.0188,
         0.0357],
        [0.0532, 0.0324, 0.0388, 0.0241, 0.0278, 0.0206, 0.7179, 0.0234, 0.0179,
         0.0438],
        [0.0352, 0.0234, 0.0943, 0.0541, 0.0121, 0.1282, 0.0350, 0.5773, 0.0236,
         0.0168],
        [0.0221, 0.0178, 0.0899, 0.5221, 0.0982, 0.0274, 0.1411, 0.0246, 0.0331,
         0.0237],
        [0.0214, 0.0300, 0.0569, 0.2909, 0.0953, 0.3181, 0.1090, 0.0322, 0.0178,
         0.0284],
        [0.0378, 0.7937, 0.0201, 0.0323, 0.0216, 0.0163, 0.0198, 0.0261, 0.0143,
         0.0181],
        [0.0779, 0.5872, 0.0309, 0.0357, 0.0206, 0.0215, 0.0288, 0.0199, 0.1609,
         0.0167],
        [0.0449, 0.5400, 0.0210, 0.0420, 0.0559, 0.0261, 0.0248, 0.0309, 0.0787,
         0.1355],
        [0.0293, 0.0126, 0.8761, 0.0145, 0.0042, 0.0105, 0.0118, 0.0164, 0.0079,
         0.0168],
        [0.0061, 0.0059, 0.0061, 0.8950, 0.0096, 0.0191, 0.0437, 0.0049, 0.0036,
         0.0060],
        [0.0291, 0.0254, 0.0153, 0.1487, 0.0315, 0.2619, 0.0256, 0.4253, 0.0177,
         0.0195],
        [0.0602, 0.2459, 0.0254, 0.0566, 0.0582, 0.0441, 0.0270, 0.0394, 0.1837,
         0.2595],
        [0.7369, 0.0113, 0.1439, 0.0146, 0.0144, 0.0114, 0.0158, 0.0155, 0.0230,
         0.0131],
        [0.2114, 0.1136, 0.0378, 0.1961, 0.0497, 0.1925, 0.0639, 0.0390, 0.0418,
         0.0542],
        [0.3886, 0.0137, 0.0404, 0.0233, 0.0318, 0.0108, 0.0231, 0.0161, 0.4266,
         0.0257],
        [0.0162, 0.0115, 0.0109, 0.0197, 0.0205, 0.0114, 0.0118, 0.0153, 0.8750,
         0.0078],
        [0.0234, 0.8053, 0.0258, 0.0306, 0.0297, 0.0122, 0.0223, 0.0207, 0.0184,
         0.0118],
        [0.0203, 0.0180, 0.0112, 0.0168, 0.0185, 0.0146, 0.0109, 0.0152, 0.8684,
         0.0060],
        [0.7037, 0.0080, 0.2118, 0.0128, 0.0128, 0.0119, 0.0137, 0.0088, 0.0075,
         0.0089],
        [0.0196, 0.0212, 0.0124, 0.0734, 0.0347, 0.0999, 0.0145, 0.6912, 0.0160,
         0.0172],
        [0.0588, 0.6466, 0.0196, 0.0282, 0.0313, 0.0222, 0.0197, 0.0196, 0.0365,
         0.1176],
        [0.3274, 0.0186, 0.4357, 0.0301, 0.0278, 0.0401, 0.0207, 0.0689, 0.0128,
         0.0179],
        [0.0199, 0.0193, 0.0289, 0.1692, 0.1066, 0.5005, 0.0677, 0.0427, 0.0258,
         0.0193],
        [0.0194, 0.0131, 0.0106, 0.0232, 0.0232, 0.0179, 0.0172, 0.0226, 0.0193,
         0.8334],
        [0.0387, 0.0271, 0.0089, 0.0264, 0.0229, 0.0177, 0.0136, 0.0228, 0.0198,
         0.8021],
        [0.0314, 0.0291, 0.0178, 0.0753, 0.0684, 0.2286, 0.0224, 0.4913, 0.0176,
         0.0180],
        [0.0221, 0.0171, 0.0142, 0.0363, 0.0888, 0.0196, 0.0179, 0.7594, 0.0160,
         0.0086],
        [0.0224, 0.0338, 0.0140, 0.0185, 0.7776, 0.0128, 0.0131, 0.0849, 0.0098,
         0.0131],
        [0.1822, 0.0226, 0.0267, 0.0352, 0.0620, 0.0151, 0.0276, 0.0340, 0.3136,
         0.2810],
        [0.8748, 0.0079, 0.0474, 0.0060, 0.0050, 0.0112, 0.0082, 0.0122, 0.0176,
         0.0097],
        [0.0235, 0.0231, 0.0167, 0.0515, 0.0302, 0.0525, 0.0249, 0.7447, 0.0196,
         0.0134],
        [0.1304, 0.0384, 0.3825, 0.1401, 0.0260, 0.1108, 0.0678, 0.0584, 0.0087,
         0.0369],
        [0.9617, 0.0040, 0.0054, 0.0042, 0.0038, 0.0039, 0.0035, 0.0038, 0.0043,
         0.0053],
        [0.0099, 0.0058, 0.0124, 0.8745, 0.0521, 0.0142, 0.0100, 0.0087, 0.0032,
         0.0091],
        [0.0266, 0.0265, 0.0183, 0.0728, 0.0176, 0.0189, 0.0161, 0.0302, 0.3115,
         0.4615],
        [0.0184, 0.8673, 0.0132, 0.0227, 0.0173, 0.0125, 0.0150, 0.0095, 0.0164,
         0.0077],
        [0.0250, 0.0125, 0.0213, 0.0200, 0.0279, 0.0109, 0.0157, 0.0184, 0.8400,
         0.0083],
        [0.0674, 0.0122, 0.7322, 0.0645, 0.0089, 0.0164, 0.0171, 0.0410, 0.0112,
         0.0290],
        [0.3988, 0.0433, 0.0418, 0.0801, 0.0610, 0.0172, 0.0343, 0.0828, 0.2120,
         0.0286],
        [0.0304, 0.0164, 0.0542, 0.0371, 0.0637, 0.0361, 0.6946, 0.0182, 0.0167,
         0.0325],
        [0.0226, 0.0274, 0.0258, 0.2889, 0.0783, 0.3606, 0.0171, 0.1522, 0.0086,
         0.0185],
        [0.0260, 0.0306, 0.1948, 0.0558, 0.0887, 0.0271, 0.4845, 0.0330, 0.0227,
         0.0368],
        [0.0195, 0.0143, 0.0182, 0.0211, 0.8010, 0.0324, 0.0127, 0.0528, 0.0114,
         0.0163],
        [0.8026, 0.0104, 0.0448, 0.0179, 0.0265, 0.0087, 0.0109, 0.0122, 0.0575,
         0.0084],
        [0.0339, 0.0165, 0.0089, 0.0262, 0.0287, 0.0158, 0.0169, 0.0177, 0.0471,
         0.7883],
        [0.0403, 0.0581, 0.1269, 0.0301, 0.0304, 0.0733, 0.5529, 0.0267, 0.0200,
         0.0414],
        [0.8530, 0.0145, 0.0327, 0.0211, 0.0114, 0.0109, 0.0181, 0.0089, 0.0196,
         0.0097],
        [0.0573, 0.0214, 0.0308, 0.0770, 0.2491, 0.0263, 0.3919, 0.1030, 0.0255,
         0.0177],
        [0.0196, 0.0135, 0.0097, 0.0300, 0.0363, 0.0132, 0.0134, 0.0189, 0.8329,
         0.0126],
        [0.0337, 0.0127, 0.7560, 0.0284, 0.0704, 0.0279, 0.0138, 0.0292, 0.0110,
         0.0168],
        [0.0103, 0.0072, 0.0193, 0.8148, 0.0225, 0.0758, 0.0193, 0.0134, 0.0062,
         0.0110],
        [0.2571, 0.0131, 0.0293, 0.0283, 0.0343, 0.0176, 0.0160, 0.0196, 0.5740,
         0.0107],
        [0.0380, 0.0256, 0.0888, 0.0268, 0.0413, 0.0241, 0.6574, 0.0337, 0.0229,
         0.0415],
        [0.0112, 0.0147, 0.0702, 0.1808, 0.0226, 0.0156, 0.6069, 0.0211, 0.0301,
         0.0268],
        [0.0308, 0.0341, 0.0139, 0.0444, 0.0244, 0.0148, 0.0200, 0.0344, 0.4402,
         0.3429],
        [0.2129, 0.0111, 0.0469, 0.5861, 0.0158, 0.0432, 0.0285, 0.0229, 0.0125,
         0.0201],
        [0.0460, 0.0372, 0.4671, 0.1655, 0.0391, 0.0385, 0.0691, 0.0539, 0.0168,
         0.0668],
        [0.0122, 0.0095, 0.0191, 0.0122, 0.8991, 0.0076, 0.0131, 0.0054, 0.0084,
         0.0134]], device='cuda:0', grad_fn=<SoftmaxBackward>)
>> best accuracy: 70.06	best epoch: 5

>> final recovery rate: 80.04%
>> val epoch: 10
>> current accuracy: 79.25999999999999%
outputs: tensor([[0.7874, 0.0123, 0.0552, 0.0105, 0.0139, 0.0334, 0.0332, 0.0161, 0.0199,
         0.0181],
        [0.0143, 0.0287, 0.1675, 0.0358, 0.5489, 0.0197, 0.0996, 0.0107, 0.0317,
         0.0430],
        [0.3721, 0.0256, 0.0710, 0.0303, 0.0316, 0.0338, 0.0556, 0.0271, 0.3264,
         0.0264],
        [0.0256, 0.7471, 0.0429, 0.0266, 0.0272, 0.0247, 0.0259, 0.0339, 0.0237,
         0.0224],
        [0.0412, 0.0185, 0.0923, 0.5248, 0.0586, 0.0263, 0.0232, 0.0467, 0.1176,
         0.0508],
        [0.0199, 0.0150, 0.0507, 0.5150, 0.0906, 0.2141, 0.0243, 0.0343, 0.0194,
         0.0167],
        [0.0082, 0.0178, 0.0190, 0.0129, 0.0228, 0.0240, 0.0165, 0.0152, 0.8489,
         0.0146],
        [0.0166, 0.7857, 0.0412, 0.0248, 0.0253, 0.0223, 0.0238, 0.0174, 0.0199,
         0.0231],
        [0.0126, 0.0136, 0.0174, 0.0290, 0.0230, 0.0126, 0.7944, 0.0215, 0.0314,
         0.0444],
        [0.0449, 0.0121, 0.0356, 0.0926, 0.0218, 0.0279, 0.0170, 0.0330, 0.0272,
         0.6880],
        [0.0201, 0.0227, 0.0268, 0.0546, 0.0333, 0.2908, 0.0200, 0.4892, 0.0193,
         0.0231],
        [0.0451, 0.1072, 0.0147, 0.0155, 0.0084, 0.0304, 0.0160, 0.0125, 0.0172,
         0.7331],
        [0.0135, 0.0099, 0.8272, 0.0288, 0.0127, 0.0164, 0.0285, 0.0288, 0.0137,
         0.0204],
        [0.0186, 0.0184, 0.0332, 0.0181, 0.0326, 0.0201, 0.0192, 0.0182, 0.7946,
         0.0270],
        [0.0074, 0.0042, 0.0162, 0.0072, 0.0089, 0.0154, 0.0113, 0.0173, 0.0106,
         0.9015],
        [0.0216, 0.7617, 0.0407, 0.0225, 0.0215, 0.0285, 0.0224, 0.0231, 0.0165,
         0.0415],
        [0.8178, 0.0107, 0.0180, 0.0146, 0.0159, 0.0317, 0.0209, 0.0107, 0.0393,
         0.0204],
        [0.0765, 0.0367, 0.0307, 0.0234, 0.0198, 0.0367, 0.0255, 0.0171, 0.7115,
         0.0220],
        [0.0165, 0.7853, 0.0410, 0.0268, 0.0284, 0.0207, 0.0235, 0.0177, 0.0226,
         0.0174],
        [0.0178, 0.0198, 0.0182, 0.0150, 0.8247, 0.0291, 0.0142, 0.0270, 0.0140,
         0.0202],
        [0.0103, 0.0098, 0.0151, 0.0212, 0.0121, 0.0248, 0.0086, 0.8712, 0.0136,
         0.0133],
        [0.0073, 0.0208, 0.0129, 0.0113, 0.8858, 0.0124, 0.0098, 0.0065, 0.0126,
         0.0206],
        [0.0172, 0.0418, 0.0157, 0.0287, 0.0310, 0.0200, 0.7407, 0.0341, 0.0288,
         0.0420],
        [0.4516, 0.0513, 0.1726, 0.0488, 0.0598, 0.0517, 0.0364, 0.0239, 0.0431,
         0.0608],
        [0.0142, 0.0230, 0.0113, 0.0181, 0.0663, 0.0322, 0.0124, 0.7822, 0.0204,
         0.0198],
        [0.0186, 0.0227, 0.0222, 0.0124, 0.1083, 0.0199, 0.0152, 0.7182, 0.0297,
         0.0327],
        [0.0037, 0.0063, 0.0132, 0.9110, 0.0114, 0.0060, 0.0102, 0.0075, 0.0200,
         0.0106],
        [0.0161, 0.0231, 0.1869, 0.1357, 0.1330, 0.3882, 0.0366, 0.0298, 0.0263,
         0.0244],
        [0.0245, 0.0188, 0.0575, 0.0887, 0.0624, 0.4777, 0.1735, 0.0405, 0.0248,
         0.0316],
        [0.0403, 0.0305, 0.0169, 0.0186, 0.0134, 0.0289, 0.0136, 0.4744, 0.0260,
         0.3373],
        [0.0794, 0.0223, 0.5277, 0.0347, 0.0574, 0.1297, 0.0189, 0.0489, 0.0517,
         0.0292],
        [0.0149, 0.0180, 0.0284, 0.0154, 0.0190, 0.0194, 0.0157, 0.0144, 0.8373,
         0.0174],
        [0.3398, 0.0189, 0.0373, 0.0502, 0.0338, 0.0478, 0.0295, 0.3118, 0.0937,
         0.0371],
        [0.0110, 0.0173, 0.0135, 0.0463, 0.0290, 0.8190, 0.0134, 0.0165, 0.0160,
         0.0180],
        [0.0293, 0.0570, 0.0506, 0.0601, 0.2495, 0.0493, 0.1926, 0.2388, 0.0274,
         0.0454],
        [0.0271, 0.0171, 0.1122, 0.1338, 0.1487, 0.1041, 0.3542, 0.0453, 0.0264,
         0.0310],
        [0.0134, 0.0332, 0.0215, 0.0339, 0.0238, 0.7489, 0.0187, 0.0221, 0.0518,
         0.0327],
        [0.0098, 0.0121, 0.0154, 0.0165, 0.0318, 0.8448, 0.0112, 0.0150, 0.0177,
         0.0257],
        [0.0222, 0.0283, 0.0542, 0.0318, 0.1562, 0.0261, 0.5943, 0.0249, 0.0309,
         0.0309],
        [0.0230, 0.0345, 0.0838, 0.0349, 0.0719, 0.0243, 0.6164, 0.0333, 0.0369,
         0.0410],
        [0.0154, 0.0244, 0.0181, 0.0827, 0.0115, 0.0227, 0.0182, 0.0255, 0.0784,
         0.7030],
        [0.0210, 0.0153, 0.0493, 0.2174, 0.0565, 0.3892, 0.1544, 0.0467, 0.0300,
         0.0201],
        [0.0415, 0.0199, 0.0137, 0.0085, 0.0075, 0.0223, 0.0105, 0.0127, 0.0101,
         0.8534],
        [0.0069, 0.0053, 0.0083, 0.0062, 0.0086, 0.0143, 0.0077, 0.0136, 0.0061,
         0.9230],
        [0.0176, 0.8329, 0.0251, 0.0149, 0.0180, 0.0197, 0.0128, 0.0115, 0.0123,
         0.0353],
        [0.3263, 0.0235, 0.3273, 0.0553, 0.0388, 0.0370, 0.0755, 0.0612, 0.0308,
         0.0243],
        [0.2452, 0.0340, 0.1472, 0.1622, 0.0685, 0.1316, 0.0694, 0.0641, 0.0435,
         0.0345],
        [0.0665, 0.0619, 0.0342, 0.0294, 0.0212, 0.0476, 0.0280, 0.0223, 0.6685,
         0.0205],
        [0.0087, 0.0254, 0.2630, 0.0151, 0.5737, 0.0213, 0.0256, 0.0110, 0.0192,
         0.0372],
        [0.0151, 0.0182, 0.0234, 0.0182, 0.7550, 0.0205, 0.0619, 0.0282, 0.0183,
         0.0412],
        [0.0172, 0.0050, 0.0090, 0.0070, 0.0110, 0.0210, 0.0066, 0.0199, 0.0090,
         0.8942],
        [0.3713, 0.1575, 0.0432, 0.1065, 0.0169, 0.0937, 0.0789, 0.0572, 0.0197,
         0.0552],
        [0.0120, 0.0194, 0.0188, 0.0138, 0.0175, 0.0176, 0.0119, 0.8530, 0.0193,
         0.0167],
        [0.2199, 0.0376, 0.0252, 0.3429, 0.0319, 0.0855, 0.0425, 0.0288, 0.1295,
         0.0562],
        [0.0326, 0.0543, 0.0090, 0.0099, 0.0096, 0.0298, 0.0122, 0.0107, 0.0117,
         0.8203],
        [0.0107, 0.0167, 0.0158, 0.0230, 0.0390, 0.0387, 0.0080, 0.8196, 0.0123,
         0.0162],
        [0.0079, 0.0113, 0.8364, 0.0087, 0.0198, 0.0205, 0.0489, 0.0138, 0.0129,
         0.0197],
        [0.0127, 0.0093, 0.0182, 0.7856, 0.0207, 0.0897, 0.0121, 0.0217, 0.0115,
         0.0185],
        [0.0123, 0.0172, 0.0188, 0.0994, 0.0148, 0.7679, 0.0172, 0.0279, 0.0118,
         0.0127],
        [0.0087, 0.0141, 0.0082, 0.0145, 0.0268, 0.8643, 0.0122, 0.0130, 0.0171,
         0.0211],
        [0.0151, 0.8050, 0.0390, 0.0209, 0.0269, 0.0202, 0.0218, 0.0142, 0.0176,
         0.0195],
        [0.0134, 0.0112, 0.0260, 0.0128, 0.0132, 0.0102, 0.0123, 0.8619, 0.0211,
         0.0178],
        [0.0145, 0.0235, 0.0245, 0.0158, 0.0199, 0.0235, 0.0176, 0.0177, 0.8272,
         0.0158],
        [0.0748, 0.0294, 0.4093, 0.0591, 0.0525, 0.0351, 0.2207, 0.0430, 0.0416,
         0.0345],
        [0.0102, 0.0168, 0.0346, 0.0549, 0.6943, 0.0710, 0.0591, 0.0185, 0.0186,
         0.0219],
        [0.0112, 0.0118, 0.8811, 0.0125, 0.0104, 0.0181, 0.0096, 0.0139, 0.0146,
         0.0168],
        [0.0282, 0.0155, 0.0237, 0.1606, 0.0155, 0.5700, 0.0284, 0.1265, 0.0131,
         0.0184],
        [0.0144, 0.0132, 0.0124, 0.3567, 0.0389, 0.4813, 0.0134, 0.0271, 0.0258,
         0.0168],
        [0.0124, 0.0161, 0.3682, 0.1844, 0.0698, 0.0789, 0.0139, 0.1735, 0.0437,
         0.0391],
        [0.0122, 0.0316, 0.0221, 0.0197, 0.0175, 0.0203, 0.0164, 0.0127, 0.8311,
         0.0165],
        [0.0179, 0.0124, 0.0239, 0.0119, 0.0308, 0.0134, 0.8212, 0.0204, 0.0195,
         0.0286],
        [0.0614, 0.0166, 0.0997, 0.1584, 0.1490, 0.3162, 0.0314, 0.1150, 0.0245,
         0.0278]], device='cuda:0', grad_fn=<SoftmaxBackward>)
>> best accuracy: 79.25999999999999	best epoch: 10

>> final recovery rate: 80.04%
>> val epoch: 15
>> current accuracy: 82.82000000000001%
outputs: tensor([[0.0250, 0.0133, 0.7797, 0.0601, 0.0128, 0.0210, 0.0192, 0.0241, 0.0313,
         0.0134],
        [0.0114, 0.0078, 0.0059, 0.0067, 0.0290, 0.8849, 0.0094, 0.0161, 0.0107,
         0.0180],
        [0.8009, 0.0157, 0.0275, 0.0473, 0.0256, 0.0169, 0.0230, 0.0120, 0.0195,
         0.0117],
        [0.0176, 0.0111, 0.0124, 0.0154, 0.7822, 0.0200, 0.0148, 0.0905, 0.0132,
         0.0229],
        [0.8482, 0.0118, 0.0217, 0.0212, 0.0097, 0.0148, 0.0261, 0.0119, 0.0216,
         0.0130],
        [0.0211, 0.0103, 0.7919, 0.0332, 0.0214, 0.0379, 0.0173, 0.0237, 0.0266,
         0.0165],
        [0.0287, 0.0142, 0.0223, 0.0155, 0.7823, 0.0169, 0.0547, 0.0219, 0.0228,
         0.0206],
        [0.0385, 0.0123, 0.0263, 0.0166, 0.7848, 0.0150, 0.0455, 0.0173, 0.0274,
         0.0162],
        [0.0469, 0.0279, 0.0786, 0.1500, 0.1103, 0.1687, 0.0458, 0.2262, 0.0850,
         0.0607],
        [0.0241, 0.0370, 0.0218, 0.1650, 0.0872, 0.1892, 0.0555, 0.2222, 0.0997,
         0.0984],
        [0.0222, 0.0082, 0.0132, 0.0261, 0.0110, 0.0139, 0.0165, 0.8621, 0.0138,
         0.0131],
        [0.7861, 0.0129, 0.0414, 0.0206, 0.0126, 0.0114, 0.0184, 0.0122, 0.0735,
         0.0111],
        [0.1851, 0.0143, 0.4016, 0.0367, 0.0136, 0.0216, 0.0280, 0.2469, 0.0342,
         0.0179],
        [0.0250, 0.0086, 0.0208, 0.0312, 0.0111, 0.0090, 0.0182, 0.8464, 0.0160,
         0.0137],
        [0.0249, 0.7157, 0.0261, 0.0363, 0.0410, 0.0217, 0.0299, 0.0476, 0.0295,
         0.0273],
        [0.0427, 0.0140, 0.0150, 0.0308, 0.0095, 0.0190, 0.0162, 0.0223, 0.0192,
         0.8113],
        [0.0176, 0.0132, 0.0180, 0.1567, 0.0428, 0.6677, 0.0149, 0.0383, 0.0179,
         0.0130],
        [0.0273, 0.0223, 0.0263, 0.0495, 0.0262, 0.0303, 0.0256, 0.7586, 0.0212,
         0.0127],
        [0.0273, 0.0063, 0.0289, 0.0255, 0.0181, 0.0281, 0.0208, 0.0183, 0.0140,
         0.8126],
        [0.9190, 0.0059, 0.0053, 0.0098, 0.0054, 0.0085, 0.0192, 0.0073, 0.0089,
         0.0107],
        [0.0152, 0.0105, 0.0129, 0.0226, 0.8471, 0.0251, 0.0192, 0.0140, 0.0135,
         0.0199],
        [0.0168, 0.0099, 0.0913, 0.0255, 0.0186, 0.0278, 0.7545, 0.0185, 0.0215,
         0.0156],
        [0.0270, 0.0258, 0.0185, 0.0253, 0.0136, 0.0166, 0.0211, 0.0167, 0.0265,
         0.8090],
        [0.0224, 0.7588, 0.0194, 0.0280, 0.0335, 0.0117, 0.0282, 0.0342, 0.0252,
         0.0385],
        [0.0227, 0.0104, 0.0738, 0.5279, 0.0203, 0.1137, 0.1399, 0.0382, 0.0263,
         0.0267],
        [0.0477, 0.0202, 0.0213, 0.2900, 0.2464, 0.0761, 0.0263, 0.2066, 0.0361,
         0.0293],
        [0.0169, 0.0121, 0.0218, 0.0599, 0.0364, 0.0191, 0.7691, 0.0253, 0.0166,
         0.0229],
        [0.0228, 0.0737, 0.0154, 0.6775, 0.0298, 0.0671, 0.0417, 0.0286, 0.0262,
         0.0173],
        [0.0133, 0.0094, 0.0216, 0.0197, 0.0119, 0.0121, 0.0164, 0.0078, 0.0149,
         0.8729],
        [0.5320, 0.0211, 0.1095, 0.0784, 0.0260, 0.0234, 0.0251, 0.0914, 0.0820,
         0.0111],
        [0.0419, 0.0090, 0.0354, 0.0203, 0.0347, 0.0242, 0.0138, 0.0284, 0.7731,
         0.0193],
        [0.0436, 0.0253, 0.0214, 0.4309, 0.0237, 0.0662, 0.2955, 0.0320, 0.0389,
         0.0225],
        [0.0222, 0.0205, 0.0125, 0.6236, 0.0258, 0.2301, 0.0154, 0.0241, 0.0127,
         0.0131],
        [0.7577, 0.0134, 0.0434, 0.0386, 0.0099, 0.0113, 0.0231, 0.0145, 0.0748,
         0.0134],
        [0.0464, 0.0117, 0.5979, 0.0864, 0.0837, 0.0354, 0.0301, 0.0491, 0.0400,
         0.0192],
        [0.2065, 0.0308, 0.3779, 0.0523, 0.0649, 0.0194, 0.0268, 0.0771, 0.1120,
         0.0323],
        [0.0238, 0.0201, 0.0148, 0.6797, 0.0179, 0.1778, 0.0198, 0.0213, 0.0120,
         0.0127],
        [0.7974, 0.0173, 0.0325, 0.0454, 0.0241, 0.0116, 0.0220, 0.0095, 0.0322,
         0.0078],
        [0.0236, 0.0246, 0.6101, 0.1360, 0.0360, 0.0616, 0.0382, 0.0386, 0.0235,
         0.0078],
        [0.0376, 0.3551, 0.0298, 0.0394, 0.0586, 0.1922, 0.0202, 0.0215, 0.1882,
         0.0576],
        [0.8122, 0.0179, 0.0258, 0.0363, 0.0231, 0.0155, 0.0236, 0.0151, 0.0162,
         0.0143],
        [0.0228, 0.0142, 0.0446, 0.0280, 0.7764, 0.0095, 0.0291, 0.0103, 0.0437,
         0.0215],
        [0.0182, 0.0089, 0.0308, 0.0209, 0.0134, 0.0293, 0.0191, 0.0163, 0.0143,
         0.8288],
        [0.0232, 0.0189, 0.0162, 0.0325, 0.1078, 0.0640, 0.0170, 0.6898, 0.0146,
         0.0159],
        [0.0165, 0.0130, 0.0225, 0.2031, 0.0164, 0.0191, 0.6306, 0.0279, 0.0286,
         0.0223],
        [0.0122, 0.0091, 0.0383, 0.0293, 0.0099, 0.0329, 0.7996, 0.0246, 0.0217,
         0.0223],
        [0.0511, 0.0105, 0.0157, 0.0218, 0.0390, 0.0194, 0.0166, 0.0148, 0.7884,
         0.0226],
        [0.0325, 0.0218, 0.0933, 0.2958, 0.3391, 0.0422, 0.1084, 0.0253, 0.0272,
         0.0145],
        [0.0166, 0.6885, 0.0325, 0.0438, 0.0182, 0.0151, 0.0358, 0.0111, 0.0435,
         0.0948],
        [0.0093, 0.0091, 0.0069, 0.0154, 0.0159, 0.8987, 0.0139, 0.0109, 0.0084,
         0.0115],
        [0.0354, 0.0092, 0.0348, 0.0168, 0.0391, 0.0261, 0.0151, 0.0532, 0.7426,
         0.0276],
        [0.0344, 0.0147, 0.0202, 0.5999, 0.0864, 0.1787, 0.0191, 0.0209, 0.0120,
         0.0137],
        [0.0248, 0.0238, 0.0175, 0.6323, 0.0179, 0.1148, 0.0994, 0.0236, 0.0208,
         0.0251],
        [0.0154, 0.0089, 0.0138, 0.0191, 0.0136, 0.0154, 0.8394, 0.0243, 0.0214,
         0.0287],
        [0.0706, 0.5896, 0.0183, 0.0452, 0.0189, 0.0125, 0.0270, 0.0148, 0.0606,
         0.1426],
        [0.0289, 0.0170, 0.0128, 0.0136, 0.7752, 0.0163, 0.0236, 0.0762, 0.0135,
         0.0229],
        [0.1177, 0.0537, 0.0235, 0.0689, 0.0195, 0.0206, 0.0464, 0.0182, 0.2520,
         0.3795],
        [0.0192, 0.0113, 0.0104, 0.0118, 0.8680, 0.0094, 0.0152, 0.0134, 0.0151,
         0.0262],
        [0.0253, 0.0157, 0.0165, 0.0248, 0.8292, 0.0101, 0.0182, 0.0223, 0.0174,
         0.0204],
        [0.0170, 0.0093, 0.0094, 0.0099, 0.0119, 0.0167, 0.8648, 0.0156, 0.0188,
         0.0266],
        [0.0331, 0.0161, 0.0109, 0.0235, 0.0258, 0.0236, 0.0310, 0.0204, 0.4152,
         0.4003],
        [0.0201, 0.0166, 0.0839, 0.0285, 0.7360, 0.0169, 0.0531, 0.0167, 0.0160,
         0.0123],
        [0.0364, 0.7015, 0.0310, 0.0396, 0.0399, 0.0160, 0.0302, 0.0327, 0.0365,
         0.0362],
        [0.0238, 0.0134, 0.0200, 0.0201, 0.0091, 0.0206, 0.0163, 0.8474, 0.0148,
         0.0146],
        [0.0178, 0.0096, 0.0212, 0.0219, 0.0159, 0.0194, 0.8293, 0.0180, 0.0236,
         0.0232],
        [0.0170, 0.0087, 0.0069, 0.0310, 0.0145, 0.0205, 0.8275, 0.0317, 0.0185,
         0.0236],
        [0.0211, 0.7110, 0.0233, 0.0481, 0.0477, 0.0229, 0.0282, 0.0326, 0.0456,
         0.0196],
        [0.0220, 0.0234, 0.0092, 0.4406, 0.0245, 0.4160, 0.0219, 0.0224, 0.0122,
         0.0077],
        [0.0182, 0.0137, 0.7661, 0.0178, 0.0203, 0.0679, 0.0089, 0.0401, 0.0347,
         0.0124],
        [0.5597, 0.0132, 0.0164, 0.0389, 0.0221, 0.0158, 0.0271, 0.0131, 0.2723,
         0.0213],
        [0.0142, 0.0165, 0.8045, 0.0189, 0.0232, 0.0392, 0.0187, 0.0319, 0.0182,
         0.0147],
        [0.0391, 0.0205, 0.0401, 0.0561, 0.0338, 0.0598, 0.1458, 0.5463, 0.0291,
         0.0294]], device='cuda:0', grad_fn=<SoftmaxBackward>)
>> best accuracy: 82.82000000000001	best epoch: 15

>> final recovery rate: 80.04%
>> val epoch: 20
>> current accuracy: 81.64%
outputs: tensor([[0.0085, 0.0274, 0.0178, 0.3892, 0.0210, 0.0669, 0.0752, 0.0317, 0.3388,
         0.0235],
        [0.0307, 0.0599, 0.0261, 0.0280, 0.0245, 0.0343, 0.0279, 0.0407, 0.0263,
         0.7016],
        [0.0145, 0.8402, 0.0210, 0.0141, 0.0211, 0.0103, 0.0269, 0.0280, 0.0167,
         0.0072],
        [0.6344, 0.0300, 0.1051, 0.0168, 0.0449, 0.0260, 0.0280, 0.0463, 0.0503,
         0.0181],
        [0.0133, 0.8851, 0.0088, 0.0151, 0.0163, 0.0092, 0.0146, 0.0218, 0.0099,
         0.0060],
        [0.0196, 0.0098, 0.8332, 0.0157, 0.0362, 0.0160, 0.0069, 0.0264, 0.0158,
         0.0205],
        [0.0255, 0.0217, 0.0714, 0.0206, 0.0231, 0.0840, 0.6530, 0.0450, 0.0347,
         0.0210],
        [0.0294, 0.0125, 0.0090, 0.8250, 0.0133, 0.0453, 0.0157, 0.0300, 0.0137,
         0.0060],
        [0.0225, 0.0197, 0.0221, 0.0170, 0.7290, 0.0615, 0.0245, 0.0578, 0.0175,
         0.0284],
        [0.0534, 0.0129, 0.0303, 0.0223, 0.7499, 0.0139, 0.0218, 0.0553, 0.0176,
         0.0224],
        [0.0123, 0.0208, 0.0315, 0.1486, 0.0159, 0.6587, 0.0348, 0.0210, 0.0360,
         0.0204],
        [0.0210, 0.6697, 0.0128, 0.0375, 0.0119, 0.0183, 0.0319, 0.0694, 0.0680,
         0.0595],
        [0.0130, 0.0098, 0.0142, 0.0064, 0.8711, 0.0083, 0.0195, 0.0286, 0.0099,
         0.0192],
        [0.6641, 0.0270, 0.0721, 0.0405, 0.0152, 0.0426, 0.0378, 0.0588, 0.0325,
         0.0094],
        [0.0530, 0.0160, 0.0273, 0.0176, 0.0272, 0.0127, 0.0432, 0.0440, 0.7415,
         0.0174],
        [0.7633, 0.0082, 0.0105, 0.0093, 0.0141, 0.0325, 0.0546, 0.0585, 0.0380,
         0.0110],
        [0.0272, 0.0328, 0.0253, 0.4012, 0.0668, 0.1956, 0.0633, 0.1328, 0.0350,
         0.0201],
        [0.0106, 0.0271, 0.8183, 0.0075, 0.0113, 0.0158, 0.0212, 0.0369, 0.0377,
         0.0137],
        [0.0362, 0.0429, 0.0151, 0.0610, 0.3776, 0.0457, 0.2747, 0.0387, 0.0943,
         0.0138],
        [0.0650, 0.0875, 0.0157, 0.0222, 0.0303, 0.0477, 0.0217, 0.0560, 0.0321,
         0.6218],
        [0.0188, 0.0367, 0.0379, 0.0827, 0.0170, 0.0214, 0.6177, 0.1174, 0.0340,
         0.0163],
        [0.0070, 0.0132, 0.0118, 0.0146, 0.0257, 0.0083, 0.0100, 0.0324, 0.8658,
         0.0112],
        [0.0208, 0.0242, 0.0205, 0.5031, 0.0264, 0.2848, 0.0460, 0.0273, 0.0241,
         0.0228],
        [0.0438, 0.0277, 0.0306, 0.0307, 0.0192, 0.1471, 0.0819, 0.5586, 0.0384,
         0.0220],
        [0.7544, 0.0122, 0.0520, 0.0336, 0.0126, 0.0262, 0.0218, 0.0367, 0.0424,
         0.0081],
        [0.8743, 0.0031, 0.0056, 0.0057, 0.0085, 0.0105, 0.0514, 0.0164, 0.0211,
         0.0034],
        [0.0087, 0.0214, 0.8004, 0.0070, 0.0319, 0.0172, 0.0326, 0.0409, 0.0248,
         0.0151],
        [0.0141, 0.7697, 0.0121, 0.0292, 0.0189, 0.0116, 0.0224, 0.0209, 0.0415,
         0.0596],
        [0.0219, 0.0064, 0.0139, 0.0213, 0.0141, 0.8603, 0.0307, 0.0113, 0.0122,
         0.0079],
        [0.0108, 0.0109, 0.0756, 0.0681, 0.6637, 0.0419, 0.0310, 0.0403, 0.0305,
         0.0273],
        [0.0301, 0.0101, 0.0087, 0.0081, 0.0234, 0.0088, 0.0244, 0.8516, 0.0223,
         0.0125],
        [0.0287, 0.0161, 0.0142, 0.0188, 0.0289, 0.0318, 0.0347, 0.0298, 0.0327,
         0.7643],
        [0.0148, 0.0194, 0.0207, 0.1616, 0.0292, 0.6721, 0.0162, 0.0303, 0.0175,
         0.0182],
        [0.0080, 0.0139, 0.0297, 0.0295, 0.0115, 0.0148, 0.0342, 0.0433, 0.0244,
         0.7908],
        [0.0215, 0.8209, 0.0160, 0.0149, 0.0172, 0.0365, 0.0136, 0.0208, 0.0200,
         0.0186],
        [0.8576, 0.0100, 0.0382, 0.0080, 0.0082, 0.0112, 0.0103, 0.0211, 0.0257,
         0.0097],
        [0.0169, 0.0402, 0.0306, 0.0264, 0.0090, 0.0175, 0.0336, 0.0417, 0.0145,
         0.7698],
        [0.0206, 0.0206, 0.0070, 0.0197, 0.0519, 0.0184, 0.7911, 0.0236, 0.0348,
         0.0122],
        [0.0182, 0.0057, 0.0163, 0.0174, 0.0242, 0.0256, 0.0318, 0.0512, 0.0245,
         0.7850],
        [0.0135, 0.0118, 0.6741, 0.0312, 0.0098, 0.0292, 0.0177, 0.1582, 0.0434,
         0.0111],
        [0.0195, 0.0118, 0.0619, 0.0252, 0.0221, 0.0440, 0.0349, 0.0368, 0.0153,
         0.7285],
        [0.0199, 0.7707, 0.0234, 0.0242, 0.0386, 0.0207, 0.0252, 0.0449, 0.0209,
         0.0115],
        [0.0236, 0.0082, 0.0818, 0.6666, 0.0066, 0.0208, 0.0952, 0.0572, 0.0341,
         0.0059],
        [0.0097, 0.0080, 0.0150, 0.0049, 0.8679, 0.0093, 0.0271, 0.0227, 0.0132,
         0.0221],
        [0.0153, 0.8074, 0.0117, 0.0199, 0.0180, 0.0145, 0.0260, 0.0249, 0.0545,
         0.0077],
        [0.0122, 0.0061, 0.0117, 0.0143, 0.8716, 0.0048, 0.0226, 0.0217, 0.0145,
         0.0204],
        [0.0246, 0.0107, 0.0162, 0.0130, 0.0156, 0.0077, 0.0573, 0.8257, 0.0195,
         0.0097],
        [0.0307, 0.0134, 0.0293, 0.0164, 0.0249, 0.7823, 0.0280, 0.0207, 0.0353,
         0.0191],
        [0.0161, 0.0166, 0.0688, 0.4682, 0.0496, 0.2316, 0.0235, 0.0507, 0.0547,
         0.0201],
        [0.0369, 0.0201, 0.0242, 0.0171, 0.0380, 0.7214, 0.0465, 0.0418, 0.0265,
         0.0276],
        [0.7702, 0.0088, 0.0394, 0.0100, 0.0345, 0.0203, 0.0458, 0.0333, 0.0262,
         0.0115],
        [0.0227, 0.7555, 0.0220, 0.0332, 0.0283, 0.0209, 0.0255, 0.0420, 0.0207,
         0.0293],
        [0.0124, 0.0074, 0.0247, 0.0215, 0.0302, 0.0267, 0.0453, 0.0367, 0.0299,
         0.7652],
        [0.0066, 0.0176, 0.0109, 0.0088, 0.0507, 0.0220, 0.0150, 0.0920, 0.7428,
         0.0336],
        [0.0102, 0.0063, 0.0264, 0.0225, 0.8509, 0.0111, 0.0152, 0.0236, 0.0137,
         0.0200],
        [0.0203, 0.0181, 0.6610, 0.0190, 0.0941, 0.0517, 0.0267, 0.0523, 0.0382,
         0.0185],
        [0.0164, 0.0104, 0.0113, 0.0412, 0.0117, 0.0206, 0.8218, 0.0365, 0.0183,
         0.0120],
        [0.0164, 0.8443, 0.0139, 0.0129, 0.0191, 0.0154, 0.0185, 0.0319, 0.0197,
         0.0079],
        [0.0111, 0.0224, 0.8254, 0.0097, 0.0168, 0.0141, 0.0187, 0.0327, 0.0301,
         0.0190],
        [0.0093, 0.0177, 0.0071, 0.0135, 0.0269, 0.0062, 0.0080, 0.0167, 0.8709,
         0.0235],
        [0.0145, 0.0076, 0.0162, 0.0207, 0.0305, 0.0184, 0.0336, 0.0907, 0.0495,
         0.7183],
        [0.0154, 0.0110, 0.0280, 0.0247, 0.0167, 0.8473, 0.0185, 0.0096, 0.0185,
         0.0102],
        [0.0797, 0.0220, 0.3109, 0.3335, 0.0289, 0.0440, 0.0865, 0.0495, 0.0354,
         0.0096],
        [0.0094, 0.0182, 0.5272, 0.0211, 0.2775, 0.0325, 0.0300, 0.0339, 0.0297,
         0.0204],
        [0.0105, 0.8701, 0.0128, 0.0121, 0.0209, 0.0093, 0.0145, 0.0287, 0.0144,
         0.0067],
        [0.0107, 0.0119, 0.0512, 0.7081, 0.0122, 0.0505, 0.0634, 0.0622, 0.0193,
         0.0105],
        [0.0141, 0.0143, 0.0118, 0.0466, 0.0132, 0.0379, 0.7908, 0.0323, 0.0226,
         0.0165],
        [0.0196, 0.0109, 0.0133, 0.0149, 0.8594, 0.0082, 0.0216, 0.0214, 0.0156,
         0.0152],
        [0.8415, 0.0081, 0.0127, 0.0074, 0.0167, 0.0183, 0.0425, 0.0226, 0.0239,
         0.0063],
        [0.7268, 0.0208, 0.0079, 0.0149, 0.0212, 0.0456, 0.0508, 0.0266, 0.0408,
         0.0445],
        [0.0169, 0.0091, 0.0119, 0.0045, 0.0132, 0.0115, 0.8759, 0.0330, 0.0179,
         0.0059],
        [0.0158, 0.0057, 0.0348, 0.0236, 0.0339, 0.0199, 0.0457, 0.0408, 0.0215,
         0.7582]], device='cuda:0', grad_fn=<SoftmaxBackward>)
>> best accuracy: 82.82000000000001	best epoch: 15

>> final recovery rate: 80.04%
>> val epoch: 25
>> current accuracy: 84.54%
outputs: tensor([[0.9627, 0.0030, 0.0014, 0.0045, 0.0023, 0.0087, 0.0068, 0.0022, 0.0046,
         0.0038],
        [0.0329, 0.7520, 0.0426, 0.0336, 0.0272, 0.0341, 0.0234, 0.0236, 0.0143,
         0.0162],
        [0.0354, 0.0229, 0.0567, 0.0565, 0.1152, 0.0144, 0.0372, 0.3077, 0.1101,
         0.2440],
        [0.0350, 0.7853, 0.0230, 0.0358, 0.0243, 0.0291, 0.0218, 0.0138, 0.0125,
         0.0195],
        [0.0408, 0.7274, 0.0238, 0.0427, 0.0352, 0.0400, 0.0241, 0.0236, 0.0288,
         0.0135],
        [0.0215, 0.0260, 0.0284, 0.3043, 0.0220, 0.5266, 0.0183, 0.0247, 0.0143,
         0.0139],
        [0.0144, 0.0168, 0.0249, 0.0200, 0.0162, 0.0240, 0.0263, 0.0231, 0.7913,
         0.0431],
        [0.0502, 0.0233, 0.0308, 0.0182, 0.6698, 0.0413, 0.0377, 0.0481, 0.0506,
         0.0301],
        [0.0082, 0.0063, 0.0376, 0.0261, 0.0123, 0.0198, 0.0234, 0.0126, 0.0108,
         0.8430],
        [0.8837, 0.0051, 0.0082, 0.0097, 0.0076, 0.0082, 0.0110, 0.0063, 0.0523,
         0.0079],
        [0.0155, 0.0181, 0.0088, 0.2637, 0.0338, 0.6033, 0.0130, 0.0210, 0.0132,
         0.0096],
        [0.0215, 0.0118, 0.0139, 0.0180, 0.0161, 0.0246, 0.0150, 0.0153, 0.0547,
         0.8090],
        [0.0291, 0.0248, 0.0159, 0.0194, 0.7380, 0.0360, 0.0699, 0.0156, 0.0301,
         0.0213],
        [0.9440, 0.0032, 0.0040, 0.0039, 0.0024, 0.0111, 0.0051, 0.0060, 0.0077,
         0.0127],
        [0.0185, 0.0087, 0.4656, 0.2829, 0.0228, 0.0499, 0.0703, 0.0308, 0.0324,
         0.0182],
        [0.0154, 0.0084, 0.0333, 0.0129, 0.0105, 0.1591, 0.0115, 0.7117, 0.0154,
         0.0218],
        [0.0107, 0.0204, 0.0225, 0.4936, 0.0191, 0.3783, 0.0159, 0.0172, 0.0103,
         0.0120],
        [0.0902, 0.0215, 0.0427, 0.1143, 0.6233, 0.0392, 0.0215, 0.0194, 0.0175,
         0.0102],
        [0.0296, 0.0275, 0.0211, 0.0401, 0.0182, 0.0216, 0.0264, 0.7810, 0.0199,
         0.0147],
        [0.0167, 0.0225, 0.0921, 0.1170, 0.2103, 0.4365, 0.0195, 0.0217, 0.0361,
         0.0277],
        [0.0128, 0.0214, 0.0137, 0.0326, 0.0141, 0.0313, 0.0149, 0.0244, 0.8238,
         0.0110],
