noise type: uniform
noise level: 0.4
when_to_apply_epoch: 10
total clean data num: 27309
probability transition matrix:
[[0.6        0.04444444 0.04444444 0.04444444 0.04444444 0.04444444
  0.04444444 0.04444444 0.04444444 0.04444444]
 [0.04444444 0.6        0.04444444 0.04444444 0.04444444 0.04444444
  0.04444444 0.04444444 0.04444444 0.04444444]
 [0.04444444 0.04444444 0.6        0.04444444 0.04444444 0.04444444
  0.04444444 0.04444444 0.04444444 0.04444444]
 [0.04444444 0.04444444 0.04444444 0.6        0.04444444 0.04444444
  0.04444444 0.04444444 0.04444444 0.04444444]
 [0.04444444 0.04444444 0.04444444 0.04444444 0.6        0.04444444
  0.04444444 0.04444444 0.04444444 0.04444444]
 [0.04444444 0.04444444 0.04444444 0.04444444 0.04444444 0.6
  0.04444444 0.04444444 0.04444444 0.04444444]
 [0.04444444 0.04444444 0.04444444 0.04444444 0.04444444 0.04444444
  0.6        0.04444444 0.04444444 0.04444444]
 [0.04444444 0.04444444 0.04444444 0.04444444 0.04444444 0.04444444
  0.04444444 0.6        0.04444444 0.04444444]
 [0.04444444 0.04444444 0.04444444 0.04444444 0.04444444 0.04444444
  0.04444444 0.04444444 0.6        0.04444444]
 [0.04444444 0.04444444 0.04444444 0.04444444 0.04444444 0.04444444
  0.04444444 0.04444444 0.04444444 0.6       ]]
>> val epoch: 0
>> current accuracy: 41.64%
outputs: tensor([[0.0603, 0.1050, 0.0642, 0.0713, 0.0696, 0.1587, 0.1183, 0.1225, 0.0513,
         0.1787],
        [0.0530, 0.0369, 0.1142, 0.0992, 0.0938, 0.2417, 0.1093, 0.1127, 0.0597,
         0.0797],
        [0.1565, 0.0187, 0.2924, 0.0492, 0.1540, 0.0940, 0.0403, 0.0723, 0.0938,
         0.0288],
        [0.0579, 0.0760, 0.1026, 0.1091, 0.0715, 0.1944, 0.1786, 0.0802, 0.0551,
         0.0746],
        [0.0897, 0.0794, 0.1794, 0.0787, 0.1536, 0.0996, 0.1266, 0.0734, 0.0666,
         0.0530],
        [0.0936, 0.0523, 0.1228, 0.1113, 0.0787, 0.2334, 0.0424, 0.1269, 0.0754,
         0.0632],
        [0.2012, 0.2161, 0.0590, 0.0318, 0.0583, 0.0729, 0.0463, 0.0741, 0.1060,
         0.1345],
        [0.1152, 0.1462, 0.0710, 0.0687, 0.0714, 0.1904, 0.0483, 0.1207, 0.1011,
         0.0670],
        [0.0497, 0.0531, 0.1160, 0.0641, 0.1507, 0.1264, 0.2629, 0.0997, 0.0376,
         0.0398],
        [0.1479, 0.2419, 0.0624, 0.0532, 0.0621, 0.0858, 0.0672, 0.0728, 0.1257,
         0.0810],
        [0.5328, 0.0396, 0.0864, 0.0292, 0.0393, 0.0393, 0.0231, 0.0308, 0.1542,
         0.0255],
        [0.0819, 0.1246, 0.1208, 0.0645, 0.1322, 0.0949, 0.1639, 0.0785, 0.0589,
         0.0798],
        [0.0493, 0.0638, 0.1016, 0.0889, 0.1114, 0.1440, 0.1062, 0.2431, 0.0289,
         0.0627],
        [0.0941, 0.0749, 0.0947, 0.0736, 0.0734, 0.1473, 0.0841, 0.1273, 0.0976,
         0.1329],
        [0.0520, 0.0436, 0.0819, 0.1028, 0.0750, 0.1863, 0.1882, 0.1371, 0.0450,
         0.0881],
        [0.1541, 0.0530, 0.1783, 0.0766, 0.0967, 0.1396, 0.0420, 0.1475, 0.0487,
         0.0634],
        [0.1868, 0.2197, 0.0636, 0.0343, 0.0462, 0.0638, 0.0301, 0.0584, 0.1922,
         0.1050],
        [0.0425, 0.0674, 0.0833, 0.0664, 0.0807, 0.1111, 0.3667, 0.0569, 0.0533,
         0.0716],
        [0.1660, 0.1789, 0.0487, 0.0264, 0.0411, 0.0714, 0.0390, 0.0562, 0.2460,
         0.1263],
        [0.0578, 0.0358, 0.1915, 0.0974, 0.1503, 0.1853, 0.1426, 0.0542, 0.0500,
         0.0350],
        [0.0576, 0.0544, 0.1014, 0.1230, 0.0931, 0.2173, 0.1335, 0.1101, 0.0501,
         0.0595],
        [0.0804, 0.0578, 0.1050, 0.0880, 0.1133, 0.2054, 0.0969, 0.1713, 0.0332,
         0.0488],
        [0.1042, 0.1428, 0.0792, 0.0785, 0.0687, 0.1379, 0.1217, 0.0809, 0.1036,
         0.0824],
        [0.2798, 0.0615, 0.0346, 0.0191, 0.0260, 0.0374, 0.0273, 0.0284, 0.4630,
         0.0229],
        [0.1170, 0.0784, 0.0959, 0.0770, 0.0592, 0.1382, 0.0707, 0.1213, 0.0368,
         0.2055],
        [0.0638, 0.0441, 0.2540, 0.0482, 0.2688, 0.0909, 0.0898, 0.0771, 0.0241,
         0.0391],
        [0.0463, 0.0610, 0.0760, 0.0440, 0.1316, 0.1120, 0.3282, 0.1095, 0.0400,
         0.0514],
        [0.1082, 0.1459, 0.0968, 0.0878, 0.0806, 0.1297, 0.0583, 0.1209, 0.0585,
         0.1131],
        [0.1386, 0.0542, 0.1204, 0.0731, 0.0700, 0.1460, 0.0511, 0.0975, 0.1734,
         0.0757],
        [0.0559, 0.0307, 0.0503, 0.0283, 0.0707, 0.0847, 0.0368, 0.5254, 0.0197,
         0.0975],
        [0.1098, 0.0515, 0.1959, 0.1124, 0.0943, 0.1113, 0.0861, 0.0887, 0.0723,
         0.0776],
        [0.0849, 0.2822, 0.0533, 0.0551, 0.0483, 0.1074, 0.0617, 0.0782, 0.0586,
         0.1703],
        [0.1820, 0.3183, 0.0620, 0.0370, 0.0519, 0.0614, 0.0316, 0.0631, 0.0783,
         0.1143],
        [0.0824, 0.0495, 0.1793, 0.0993, 0.1092, 0.1335, 0.1031, 0.0706, 0.1173,
         0.0559],
        [0.0344, 0.0516, 0.0866, 0.0619, 0.0852, 0.1008, 0.4438, 0.0547, 0.0381,
         0.0428],
        [0.0944, 0.0339, 0.1562, 0.1100, 0.0901, 0.2195, 0.0640, 0.0858, 0.0932,
         0.0529],
        [0.1354, 0.0916, 0.0877, 0.0727, 0.0737, 0.1403, 0.0553, 0.1124, 0.1189,
         0.1121],
        [0.2806, 0.0629, 0.0944, 0.0367, 0.0641, 0.0615, 0.0442, 0.0546, 0.2364,
         0.0646],
        [0.0582, 0.5837, 0.0259, 0.0319, 0.0288, 0.0635, 0.0337, 0.0408, 0.0793,
         0.0540],
        [0.0382, 0.0398, 0.1214, 0.1452, 0.1004, 0.2718, 0.1159, 0.0856, 0.0443,
         0.0375],
        [0.1061, 0.1019, 0.0879, 0.0397, 0.0682, 0.0820, 0.0517, 0.1085, 0.0465,
         0.3075],
        [0.2562, 0.2421, 0.0535, 0.0325, 0.0296, 0.0539, 0.0287, 0.0378, 0.2148,
         0.0507],
        [0.0358, 0.0309, 0.0801, 0.0502, 0.1302, 0.1939, 0.1343, 0.2691, 0.0287,
         0.0468],
        [0.1804, 0.1816, 0.0836, 0.0625, 0.0394, 0.0810, 0.0510, 0.0576, 0.0817,
         0.1812],
        [0.1082, 0.0502, 0.2576, 0.0579, 0.2043, 0.0929, 0.0744, 0.0590, 0.0588,
         0.0367],
        [0.0764, 0.0424, 0.1449, 0.0528, 0.1272, 0.1411, 0.1393, 0.1416, 0.0430,
         0.0914],
        [0.3258, 0.0829, 0.1019, 0.0670, 0.0582, 0.1044, 0.0372, 0.0680, 0.0733,
         0.0813],
        [0.0382, 0.0494, 0.0987, 0.0710, 0.1145, 0.1430, 0.3279, 0.0769, 0.0425,
         0.0380],
        [0.0926, 0.0414, 0.0991, 0.1697, 0.0686, 0.2660, 0.0672, 0.0893, 0.0497,
         0.0565],
        [0.0458, 0.0594, 0.0587, 0.0725, 0.0729, 0.1635, 0.1023, 0.2484, 0.0326,
         0.1439],
        [0.0552, 0.0526, 0.2004, 0.0804, 0.1979, 0.1133, 0.1360, 0.0939, 0.0300,
         0.0402],
        [0.1199, 0.0582, 0.1205, 0.0607, 0.1240, 0.1454, 0.0853, 0.1268, 0.0785,
         0.0806],
        [0.0502, 0.0537, 0.1300, 0.0700, 0.1293, 0.1124, 0.2837, 0.0753, 0.0442,
         0.0513],
        [0.2630, 0.0726, 0.0681, 0.0293, 0.0579, 0.0763, 0.0548, 0.0769, 0.1943,
         0.1069],
        [0.0488, 0.0472, 0.1507, 0.0661, 0.1705, 0.1025, 0.2697, 0.0589, 0.0407,
         0.0449],
        [0.1052, 0.4483, 0.0476, 0.0333, 0.0494, 0.0561, 0.0290, 0.0602, 0.0525,
         0.1185],
        [0.0446, 0.0425, 0.1371, 0.0972, 0.1408, 0.2040, 0.1237, 0.1382, 0.0336,
         0.0383],
        [0.2862, 0.0532, 0.1883, 0.0464, 0.1182, 0.0794, 0.0506, 0.0561, 0.0852,
         0.0366],
        [0.1669, 0.1764, 0.0713, 0.0398, 0.0504, 0.0676, 0.0362, 0.0746, 0.0626,
         0.2544],
        [0.1474, 0.1224, 0.0664, 0.0405, 0.0770, 0.0957, 0.0794, 0.1049, 0.1423,
         0.1241],
        [0.1267, 0.1206, 0.0814, 0.0478, 0.0929, 0.1220, 0.0408, 0.2096, 0.0540,
         0.1042],
        [0.2756, 0.0385, 0.1649, 0.0490, 0.0787, 0.0754, 0.0426, 0.0532, 0.1855,
         0.0367],
        [0.3959, 0.0594, 0.1178, 0.0508, 0.0633, 0.0720, 0.0310, 0.0451, 0.1304,
         0.0343],
        [0.0998, 0.0493, 0.1312, 0.1486, 0.0666, 0.1416, 0.1135, 0.0793, 0.0734,
         0.0967],
        [0.0414, 0.0332, 0.0726, 0.0860, 0.0822, 0.2177, 0.1146, 0.2587, 0.0369,
         0.0567],
        [0.0519, 0.0313, 0.2006, 0.0922, 0.1326, 0.1844, 0.0770, 0.1329, 0.0365,
         0.0606],
        [0.0805, 0.4656, 0.0468, 0.0381, 0.0447, 0.0818, 0.0406, 0.0615, 0.0629,
         0.0774],
        [0.0495, 0.0442, 0.1215, 0.0647, 0.1678, 0.1637, 0.1434, 0.1723, 0.0293,
         0.0436],
        [0.1378, 0.1743, 0.0459, 0.0407, 0.0413, 0.0993, 0.0663, 0.0667, 0.1551,
         0.1725],
        [0.0583, 0.0419, 0.1438, 0.1138, 0.0750, 0.1427, 0.1642, 0.0777, 0.0965,
         0.0862],
        [0.1075, 0.0936, 0.0852, 0.0655, 0.0990, 0.1392, 0.1886, 0.0995, 0.0571,
         0.0648],
        [0.0414, 0.0502, 0.0743, 0.1163, 0.0704, 0.2491, 0.2026, 0.0816, 0.0532,
         0.0610]], device='cuda:0', grad_fn=<SoftmaxBackward>)
>> best accuracy: 41.64	best epoch: 0

>> final recovery rate: 60.68666666666667%
>> val epoch: 5
>> current accuracy: 65.74%
outputs: tensor([[0.0196, 0.7409, 0.0188, 0.0260, 0.0332, 0.0334, 0.0395, 0.0342, 0.0271,
         0.0271],
        [0.0371, 0.0613, 0.0397, 0.0710, 0.1451, 0.0555, 0.0855, 0.0377, 0.4349,
         0.0322],
        [0.0349, 0.0421, 0.0451, 0.4783, 0.0589, 0.1505, 0.0806, 0.0486, 0.0340,
         0.0270],
        [0.0571, 0.3539, 0.0409, 0.0468, 0.0518, 0.0595, 0.0817, 0.0612, 0.2007,
         0.0465],
        [0.0759, 0.0659, 0.2689, 0.0933, 0.1407, 0.0896, 0.1307, 0.0405, 0.0463,
         0.0482],
        [0.0295, 0.0771, 0.2505, 0.1476, 0.0750, 0.1874, 0.0734, 0.0594, 0.0485,
         0.0515],
        [0.0393, 0.0509, 0.0241, 0.0714, 0.0572, 0.4666, 0.0573, 0.1535, 0.0355,
         0.0442],
        [0.0274, 0.0530, 0.1055, 0.2275, 0.2077, 0.1738, 0.0692, 0.0503, 0.0414,
         0.0442],
        [0.0459, 0.6006, 0.0322, 0.0396, 0.0499, 0.0393, 0.0398, 0.0497, 0.0675,
         0.0355],
        [0.0750, 0.0581, 0.1425, 0.0770, 0.1163, 0.1580, 0.0465, 0.1260, 0.1041,
         0.0965],
        [0.0350, 0.1024, 0.0296, 0.0333, 0.0455, 0.0453, 0.0520, 0.0319, 0.0852,
         0.5398],
        [0.0413, 0.0510, 0.0359, 0.0383, 0.1699, 0.0849, 0.0657, 0.4507, 0.0321,
         0.0301],
        [0.0977, 0.1270, 0.0477, 0.0659, 0.0835, 0.0750, 0.0588, 0.0565, 0.3189,
         0.0690],
        [0.1053, 0.0489, 0.0440, 0.0844, 0.1984, 0.0639, 0.1269, 0.0550, 0.1841,
         0.0889],
        [0.0552, 0.0759, 0.2181, 0.1197, 0.0714, 0.1616, 0.0829, 0.1070, 0.0451,
         0.0631],
        [0.0285, 0.0458, 0.0229, 0.0166, 0.0299, 0.0297, 0.0386, 0.0279, 0.0385,
         0.7216],
        [0.0398, 0.0531, 0.0383, 0.1142, 0.1199, 0.2368, 0.2280, 0.0770, 0.0445,
         0.0485],
        [0.2528, 0.0661, 0.1546, 0.0826, 0.1403, 0.0915, 0.0609, 0.0611, 0.0381,
         0.0519],
        [0.0254, 0.7204, 0.0187, 0.0301, 0.0318, 0.0324, 0.0294, 0.0435, 0.0348,
         0.0338],
        [0.0384, 0.0427, 0.0744, 0.0679, 0.1379, 0.0897, 0.3543, 0.1111, 0.0390,
         0.0446],
        [0.3893, 0.0500, 0.0298, 0.0397, 0.0627, 0.0642, 0.0435, 0.0464, 0.1329,
         0.1416],
        [0.0722, 0.0923, 0.1078, 0.1620, 0.0992, 0.1415, 0.0758, 0.0878, 0.1224,
         0.0389],
        [0.0248, 0.6801, 0.0295, 0.0267, 0.0434, 0.0422, 0.0400, 0.0451, 0.0363,
         0.0319],
        [0.0481, 0.0553, 0.0399, 0.1357, 0.0991, 0.2837, 0.0468, 0.1361, 0.1190,
         0.0361],
        [0.0265, 0.0506, 0.0524, 0.2218, 0.0583, 0.3715, 0.0420, 0.0728, 0.0382,
         0.0658],
        [0.0202, 0.0325, 0.0261, 0.0341, 0.0346, 0.0513, 0.0387, 0.0284, 0.0448,
         0.6892],
        [0.0492, 0.0329, 0.0877, 0.0918, 0.3624, 0.1080, 0.1378, 0.0488, 0.0411,
         0.0403],
        [0.0741, 0.1932, 0.1077, 0.0902, 0.0892, 0.0855, 0.1029, 0.0578, 0.1411,
         0.0582],
        [0.0454, 0.0732, 0.1864, 0.1731, 0.0468, 0.1344, 0.1699, 0.0624, 0.0383,
         0.0700],
        [0.2099, 0.0553, 0.1077, 0.0704, 0.2737, 0.0847, 0.0359, 0.0684, 0.0507,
         0.0434],
        [0.0379, 0.0378, 0.0389, 0.0465, 0.0848, 0.1688, 0.0429, 0.4802, 0.0260,
         0.0363],
        [0.0530, 0.0371, 0.0240, 0.0403, 0.0644, 0.0570, 0.0314, 0.0274, 0.6162,
         0.0492],
        [0.0536, 0.5968, 0.0220, 0.0352, 0.0436, 0.0375, 0.0330, 0.0413, 0.0629,
         0.0741],
        [0.0192, 0.6316, 0.0257, 0.0364, 0.0427, 0.0439, 0.0364, 0.0427, 0.0427,
         0.0787],
        [0.0537, 0.0425, 0.0496, 0.1196, 0.0705, 0.0860, 0.4133, 0.0660, 0.0379,
         0.0608],
        [0.0321, 0.0433, 0.1786, 0.0459, 0.2208, 0.0639, 0.3056, 0.0285, 0.0356,
         0.0458],
        [0.0817, 0.0455, 0.0271, 0.0445, 0.0597, 0.0652, 0.0369, 0.0356, 0.5666,
         0.0371],
        [0.0318, 0.0574, 0.0529, 0.1464, 0.0976, 0.0777, 0.3909, 0.0359, 0.0727,
         0.0366],
        [0.0499, 0.0544, 0.4801, 0.0740, 0.0597, 0.0644, 0.0837, 0.0466, 0.0385,
         0.0488],
        [0.0411, 0.0663, 0.0789, 0.1797, 0.0949, 0.2141, 0.0919, 0.0937, 0.0860,
         0.0532],
        [0.0285, 0.0488, 0.0917, 0.1406, 0.3932, 0.1431, 0.0395, 0.0458, 0.0349,
         0.0339],
        [0.0375, 0.0903, 0.2190, 0.1064, 0.0932, 0.2354, 0.0435, 0.0605, 0.0484,
         0.0657],
        [0.0724, 0.1663, 0.0407, 0.0564, 0.0479, 0.0635, 0.0575, 0.0365, 0.1050,
         0.3538],
        [0.0797, 0.0858, 0.1126, 0.0807, 0.3475, 0.0906, 0.0705, 0.0402, 0.0385,
         0.0540],
        [0.0259, 0.3994, 0.0446, 0.0609, 0.0415, 0.1198, 0.1010, 0.0568, 0.1088,
         0.0412],
        [0.0718, 0.1012, 0.0209, 0.0232, 0.0412, 0.0313, 0.0266, 0.0251, 0.1787,
         0.4800],
        [0.0402, 0.0510, 0.0342, 0.0514, 0.0925, 0.1029, 0.0585, 0.4666, 0.0323,
         0.0705],
        [0.0403, 0.0702, 0.0613, 0.1307, 0.0767, 0.4304, 0.0403, 0.0638, 0.0468,
         0.0394],
        [0.0348, 0.0557, 0.0410, 0.0580, 0.2378, 0.0942, 0.0572, 0.3387, 0.0412,
         0.0413],
        [0.0755, 0.1435, 0.0653, 0.1868, 0.0639, 0.1142, 0.0936, 0.0626, 0.1267,
         0.0679],
        [0.0196, 0.0447, 0.0228, 0.0524, 0.0563, 0.0389, 0.6601, 0.0272, 0.0348,
         0.0433],
        [0.5260, 0.0940, 0.0310, 0.0538, 0.0630, 0.0549, 0.0351, 0.0420, 0.0463,
         0.0538],
        [0.0438, 0.0702, 0.0688, 0.0562, 0.1566, 0.1943, 0.0719, 0.2393, 0.0422,
         0.0567],
        [0.0451, 0.0718, 0.0287, 0.0337, 0.0786, 0.0659, 0.0348, 0.5832, 0.0265,
         0.0317],
        [0.0966, 0.0911, 0.0715, 0.0619, 0.2531, 0.0687, 0.0389, 0.2169, 0.0717,
         0.0296],
        [0.0793, 0.0418, 0.0314, 0.0675, 0.1411, 0.0954, 0.0338, 0.0329, 0.4390,
         0.0379],
        [0.0298, 0.3932, 0.0260, 0.0305, 0.0531, 0.0420, 0.0556, 0.0321, 0.0389,
         0.2989],
        [0.0495, 0.0567, 0.0699, 0.0879, 0.2245, 0.1259, 0.0505, 0.2515, 0.0424,
         0.0412],
        [0.0744, 0.1999, 0.0390, 0.0831, 0.1553, 0.0743, 0.0433, 0.0360, 0.2316,
         0.0631],
        [0.0177, 0.0333, 0.0283, 0.0345, 0.0444, 0.0367, 0.7212, 0.0322, 0.0234,
         0.0283],
        [0.1216, 0.1176, 0.1998, 0.0824, 0.0518, 0.0842, 0.1730, 0.0752, 0.0354,
         0.0590],
        [0.0643, 0.0957, 0.1160, 0.1764, 0.0842, 0.1261, 0.0716, 0.0620, 0.0547,
         0.1489],
        [0.0386, 0.0578, 0.0385, 0.2136, 0.1187, 0.3739, 0.0361, 0.0571, 0.0422,
         0.0235],
        [0.0337, 0.0296, 0.0214, 0.0257, 0.0441, 0.0625, 0.0299, 0.7088, 0.0158,
         0.0285],
        [0.0283, 0.0985, 0.0173, 0.0540, 0.0447, 0.0480, 0.0341, 0.0245, 0.0326,
         0.6180],
        [0.0339, 0.0899, 0.1103, 0.0623, 0.0925, 0.3938, 0.0493, 0.0868, 0.0494,
         0.0318],
        [0.0393, 0.0437, 0.0544, 0.1335, 0.2099, 0.1853, 0.0873, 0.0701, 0.0917,
         0.0847],
        [0.0412, 0.0504, 0.0869, 0.0580, 0.0690, 0.0525, 0.5072, 0.0651, 0.0320,
         0.0376],
        [0.0478, 0.3267, 0.0385, 0.0306, 0.0561, 0.0571, 0.0475, 0.0366, 0.1504,
         0.2086],
        [0.0466, 0.0965, 0.0606, 0.0868, 0.0823, 0.0688, 0.0550, 0.0500, 0.4188,
         0.0346],
        [0.1490, 0.1171, 0.0768, 0.0706, 0.0695, 0.0768, 0.0655, 0.0740, 0.1487,
         0.1519],
        [0.0892, 0.0650, 0.1191, 0.1756, 0.0811, 0.1459, 0.1318, 0.0831, 0.0530,
         0.0562]], device='cuda:0', grad_fn=<SoftmaxBackward>)
>> best accuracy: 65.74	best epoch: 5

>> final recovery rate: 60.68666666666667%
