noise type: uniform
noise level: 0.6
when_to_apply_epoch: 20
total clean data num: 18134
probability transition matrix:
[[0.4        0.06666667 0.06666667 0.06666667 0.06666667 0.06666667
  0.06666667 0.06666667 0.06666667 0.06666667]
 [0.06666667 0.4        0.06666667 0.06666667 0.06666667 0.06666667
  0.06666667 0.06666667 0.06666667 0.06666667]
 [0.06666667 0.06666667 0.4        0.06666667 0.06666667 0.06666667
  0.06666667 0.06666667 0.06666667 0.06666667]
 [0.06666667 0.06666667 0.06666667 0.4        0.06666667 0.06666667
  0.06666667 0.06666667 0.06666667 0.06666667]
 [0.06666667 0.06666667 0.06666667 0.06666667 0.4        0.06666667
  0.06666667 0.06666667 0.06666667 0.06666667]
 [0.06666667 0.06666667 0.06666667 0.06666667 0.06666667 0.4
  0.06666667 0.06666667 0.06666667 0.06666667]
 [0.06666667 0.06666667 0.06666667 0.06666667 0.06666667 0.06666667
  0.4        0.06666667 0.06666667 0.06666667]
 [0.06666667 0.06666667 0.06666667 0.06666667 0.06666667 0.06666667
  0.06666667 0.4        0.06666667 0.06666667]
 [0.06666667 0.06666667 0.06666667 0.06666667 0.06666667 0.06666667
  0.06666667 0.06666667 0.4        0.06666667]
 [0.06666667 0.06666667 0.06666667 0.06666667 0.06666667 0.06666667
  0.06666667 0.06666667 0.06666667 0.4       ]]
>> val epoch: 0
>> current accuracy: 25.28%
outputs: tensor([[0.0961, 0.1036, 0.1752, 0.0658, 0.1330, 0.0775, 0.1563, 0.0507, 0.0948,
         0.0470],
        [0.1822, 0.1023, 0.1519, 0.0544, 0.0911, 0.0512, 0.1214, 0.0607, 0.1194,
         0.0654],
        [0.3915, 0.0252, 0.1176, 0.0376, 0.0388, 0.0368, 0.0741, 0.0404, 0.1734,
         0.0647],
        [0.1019, 0.2321, 0.1075, 0.0377, 0.0698, 0.0852, 0.0816, 0.0902, 0.0844,
         0.1097],
        [0.3290, 0.0396, 0.1207, 0.0457, 0.0476, 0.0462, 0.0952, 0.0486, 0.1532,
         0.0743],
        [0.0979, 0.0885, 0.1219, 0.0718, 0.0968, 0.1102, 0.1468, 0.0769, 0.1074,
         0.0818],
        [0.0797, 0.0947, 0.0929, 0.0434, 0.0925, 0.1099, 0.0986, 0.2024, 0.0746,
         0.1114],
        [0.1596, 0.1123, 0.1302, 0.0576, 0.0664, 0.0567, 0.0999, 0.0764, 0.1505,
         0.0904],
        [0.0976, 0.1025, 0.1292, 0.0464, 0.0807, 0.1276, 0.1040, 0.1345, 0.0862,
         0.0913],
        [0.0876, 0.0912, 0.1042, 0.0545, 0.0799, 0.1254, 0.1032, 0.1508, 0.0888,
         0.1144],
        [0.1200, 0.0923, 0.1571, 0.0743, 0.1090, 0.0676, 0.1787, 0.0452, 0.0990,
         0.0568],
        [0.2069, 0.1005, 0.0889, 0.0441, 0.0400, 0.0457, 0.0660, 0.0448, 0.2509,
         0.1121],
        [0.0963, 0.1015, 0.1775, 0.0500, 0.1619, 0.0550, 0.1545, 0.0827, 0.0688,
         0.0519],
        [0.0930, 0.1019, 0.1621, 0.0696, 0.1262, 0.0612, 0.1916, 0.0530, 0.0831,
         0.0583],
        [0.0936, 0.0788, 0.1586, 0.0697, 0.1329, 0.0826, 0.1212, 0.1292, 0.0745,
         0.0588],
        [0.0740, 0.3515, 0.0693, 0.0400, 0.0403, 0.0749, 0.0517, 0.0545, 0.0983,
         0.1455],
        [0.1580, 0.0702, 0.1530, 0.0700, 0.1086, 0.0585, 0.1363, 0.0675, 0.1126,
         0.0653],
        [0.0951, 0.2723, 0.0946, 0.0383, 0.0625, 0.0850, 0.0784, 0.0843, 0.0815,
         0.1079],
        [0.0929, 0.0862, 0.1167, 0.0854, 0.0744, 0.1518, 0.1261, 0.0821, 0.1067,
         0.0776],
        [0.0858, 0.0885, 0.0956, 0.0324, 0.1026, 0.0865, 0.0803, 0.2597, 0.0632,
         0.1054],
        [0.0856, 0.1054, 0.1186, 0.0743, 0.1020, 0.1063, 0.1662, 0.0801, 0.0853,
         0.0762],
        [0.2267, 0.0689, 0.1061, 0.0478, 0.0450, 0.0591, 0.0822, 0.0685, 0.1641,
         0.1316],
        [0.0995, 0.1410, 0.1032, 0.0430, 0.0761, 0.1073, 0.0900, 0.1510, 0.0790,
         0.1098],
        [0.1340, 0.1395, 0.1258, 0.0612, 0.0741, 0.0989, 0.1208, 0.0634, 0.1049,
         0.0773],
        [0.0781, 0.1672, 0.1467, 0.0540, 0.0979, 0.0907, 0.1128, 0.0998, 0.0701,
         0.0827],
        [0.0882, 0.0937, 0.1236, 0.0827, 0.1268, 0.0951, 0.1311, 0.1159, 0.0747,
         0.0683],
        [0.1723, 0.1014, 0.1229, 0.0537, 0.0521, 0.0772, 0.0999, 0.0781, 0.1298,
         0.1126],
        [0.3421, 0.0374, 0.1070, 0.0403, 0.0498, 0.0474, 0.0867, 0.0424, 0.1813,
         0.0656],
        [0.0960, 0.1183, 0.1322, 0.0845, 0.0758, 0.1047, 0.1371, 0.0784, 0.0853,
         0.0877],
        [0.1707, 0.0998, 0.1518, 0.0492, 0.0912, 0.0559, 0.0888, 0.0780, 0.1533,
         0.0614],
        [0.1000, 0.2105, 0.1072, 0.0361, 0.0812, 0.0910, 0.0859, 0.1153, 0.0744,
         0.0985],
        [0.2228, 0.0391, 0.1077, 0.0427, 0.0702, 0.0616, 0.0931, 0.0985, 0.1661,
         0.0982],
        [0.0980, 0.1224, 0.1021, 0.0398, 0.0684, 0.1029, 0.0924, 0.1577, 0.0751,
         0.1412],
        [0.0880, 0.1556, 0.1303, 0.0741, 0.0768, 0.0856, 0.1265, 0.0823, 0.0763,
         0.1045],
        [0.0921, 0.1174, 0.1736, 0.0544, 0.1181, 0.0884, 0.1190, 0.0969, 0.0741,
         0.0661],
        [0.1026, 0.0970, 0.1257, 0.0840, 0.0859, 0.1138, 0.1382, 0.0961, 0.0877,
         0.0690],
        [0.1015, 0.1247, 0.1496, 0.0809, 0.0897, 0.0781, 0.1408, 0.0781, 0.0831,
         0.0735],
        [0.1877, 0.0655, 0.1240, 0.0472, 0.0565, 0.0799, 0.1003, 0.0695, 0.1642,
         0.1053],
        [0.2690, 0.0558, 0.0712, 0.0286, 0.0371, 0.0351, 0.0540, 0.0331, 0.3341,
         0.0820],
        [0.0867, 0.0879, 0.1541, 0.0792, 0.1167, 0.0686, 0.1793, 0.0906, 0.0699,
         0.0669],
        [0.1048, 0.0688, 0.1760, 0.0394, 0.2072, 0.0467, 0.1229, 0.1228, 0.0643,
         0.0470],
        [0.1037, 0.0946, 0.1106, 0.0559, 0.0705, 0.1350, 0.1035, 0.1224, 0.0999,
         0.1037],
        [0.0917, 0.2516, 0.0831, 0.0462, 0.0476, 0.0916, 0.0595, 0.0769, 0.1133,
         0.1384],
        [0.0938, 0.1376, 0.1041, 0.0452, 0.0742, 0.1172, 0.0848, 0.1417, 0.0798,
         0.1216],
        [0.1052, 0.0860, 0.1139, 0.0569, 0.1029, 0.0655, 0.1736, 0.1249, 0.0706,
         0.1005],
        [0.0950, 0.1941, 0.1374, 0.0602, 0.0913, 0.0786, 0.1247, 0.0730, 0.0698,
         0.0759],
        [0.0981, 0.0824, 0.1345, 0.0716, 0.1155, 0.0747, 0.1353, 0.1354, 0.0793,
         0.0733],
        [0.1442, 0.1315, 0.1415, 0.0460, 0.0866, 0.0693, 0.0833, 0.1033, 0.1191,
         0.0751],
        [0.0724, 0.1201, 0.1560, 0.0621, 0.1144, 0.1179, 0.1142, 0.1093, 0.0753,
         0.0582],
        [0.0964, 0.0976, 0.1435, 0.0344, 0.1484, 0.0849, 0.0837, 0.1857, 0.0708,
         0.0547],
        [0.0964, 0.1010, 0.1190, 0.0806, 0.0642, 0.1555, 0.1021, 0.0985, 0.0965,
         0.0862],
        [0.1156, 0.0993, 0.1252, 0.0809, 0.0949, 0.0798, 0.1838, 0.0623, 0.0823,
         0.0760],
        [0.0963, 0.1147, 0.1163, 0.0855, 0.0850, 0.1015, 0.1646, 0.0622, 0.1023,
         0.0717],
        [0.0970, 0.1487, 0.1435, 0.0762, 0.1045, 0.0548, 0.2057, 0.0463, 0.0673,
         0.0559],
        [0.1356, 0.0747, 0.1758, 0.0563, 0.1530, 0.0488, 0.1333, 0.0854, 0.0897,
         0.0473],
        [0.1131, 0.1312, 0.1358, 0.0686, 0.0980, 0.0766, 0.1320, 0.0835, 0.0810,
         0.0803],
        [0.1578, 0.0944, 0.1491, 0.0573, 0.0774, 0.0962, 0.0933, 0.1056, 0.0948,
         0.0742],
        [0.1099, 0.2302, 0.1417, 0.0461, 0.0861, 0.0616, 0.1012, 0.0578, 0.0982,
         0.0673],
        [0.0743, 0.0882, 0.1045, 0.0638, 0.0937, 0.1494, 0.1089, 0.1672, 0.0726,
         0.0773],
        [0.0940, 0.1141, 0.1081, 0.0595, 0.0698, 0.1288, 0.1137, 0.1289, 0.0762,
         0.1069],
        [0.1308, 0.0805, 0.1352, 0.0690, 0.0787, 0.0738, 0.1366, 0.0961, 0.1000,
         0.0993],
        [0.2372, 0.0804, 0.0868, 0.0335, 0.0396, 0.0400, 0.0527, 0.0444, 0.2847,
         0.1008],
        [0.0959, 0.0676, 0.2049, 0.0333, 0.2096, 0.0541, 0.1131, 0.1041, 0.0720,
         0.0453],
        [0.1124, 0.1306, 0.1451, 0.0494, 0.0833, 0.1036, 0.1045, 0.1167, 0.0843,
         0.0702],
        [0.0835, 0.0894, 0.1571, 0.0599, 0.1576, 0.0523, 0.2346, 0.0647, 0.0517,
         0.0493],
        [0.0862, 0.1445, 0.1430, 0.0575, 0.1116, 0.0996, 0.1371, 0.0836, 0.0769,
         0.0600],
        [0.0877, 0.1053, 0.1197, 0.0721, 0.0956, 0.1072, 0.1432, 0.1196, 0.0670,
         0.0827],
        [0.0797, 0.1125, 0.1146, 0.1018, 0.0653, 0.1545, 0.1332, 0.0643, 0.0943,
         0.0798],
        [0.3802, 0.0361, 0.1185, 0.0402, 0.0422, 0.0402, 0.0695, 0.0491, 0.1537,
         0.0703],
        [0.1470, 0.0935, 0.1221, 0.0582, 0.0715, 0.0819, 0.1177, 0.0819, 0.1228,
         0.1034],
        [0.1169, 0.1055, 0.1834, 0.0659, 0.1080, 0.0739, 0.1314, 0.0656, 0.0950,
         0.0544],
        [0.0909, 0.1034, 0.1467, 0.0677, 0.1299, 0.0591, 0.2128, 0.0657, 0.0628,
         0.0610]], device='cuda:0', grad_fn=<SoftmaxBackward>)
>> best accuracy: 25.28	best epoch: 0

>> final recovery rate: 40.297777777777775%
>> val epoch: 5
>> current accuracy: 52.22%
outputs: tensor([[0.0734, 0.0497, 0.1451, 0.1357, 0.0790, 0.1998, 0.1012, 0.0753, 0.0639,
         0.0769],
        [0.0869, 0.0403, 0.1644, 0.0836, 0.0795, 0.1690, 0.0667, 0.1877, 0.0541,
         0.0680],
        [0.2287, 0.0543, 0.1527, 0.0699, 0.0755, 0.0783, 0.0762, 0.1055, 0.0834,
         0.0755],
        [0.0640, 0.0375, 0.1249, 0.0598, 0.2639, 0.0705, 0.1898, 0.0841, 0.0516,
         0.0541],
        [0.1416, 0.0519, 0.1282, 0.0863, 0.1026, 0.0645, 0.1110, 0.0783, 0.1090,
         0.1267],
        [0.1401, 0.0698, 0.0977, 0.0526, 0.0545, 0.0568, 0.0762, 0.0521, 0.3235,
         0.0767],
        [0.0731, 0.0525, 0.1061, 0.1513, 0.0904, 0.2009, 0.0994, 0.0979, 0.0536,
         0.0747],
        [0.1229, 0.0561, 0.0924, 0.0792, 0.0587, 0.1078, 0.0841, 0.1093, 0.0730,
         0.2167],
        [0.1702, 0.0422, 0.1175, 0.0650, 0.1088, 0.0544, 0.1466, 0.0871, 0.1418,
         0.0663],
        [0.0775, 0.0540, 0.1148, 0.1679, 0.0782, 0.2050, 0.0802, 0.0878, 0.0615,
         0.0732],
        [0.1311, 0.0669, 0.2117, 0.1090, 0.0775, 0.0898, 0.0964, 0.0933, 0.0671,
         0.0572],
        [0.0957, 0.0555, 0.1476, 0.0907, 0.0828, 0.1267, 0.0878, 0.1505, 0.0616,
         0.1011],
        [0.0876, 0.0349, 0.1207, 0.0697, 0.0655, 0.1775, 0.0656, 0.2280, 0.0659,
         0.0846],
        [0.1630, 0.1213, 0.1348, 0.0763, 0.0696, 0.0624, 0.0954, 0.0742, 0.0806,
         0.1224],
        [0.0742, 0.0762, 0.0734, 0.0599, 0.0573, 0.0582, 0.0924, 0.0575, 0.0483,
         0.4026],
        [0.0910, 0.0991, 0.0954, 0.0740, 0.0524, 0.0624, 0.0842, 0.0538, 0.1462,
         0.2416],
        [0.0734, 0.0514, 0.1211, 0.1474, 0.0668, 0.2562, 0.0692, 0.0783, 0.0617,
         0.0744],
        [0.1155, 0.0527, 0.1444, 0.1047, 0.0848, 0.1097, 0.1190, 0.1154, 0.0602,
         0.0936],
        [0.0724, 0.0507, 0.1529, 0.0647, 0.1626, 0.1108, 0.0731, 0.2025, 0.0474,
         0.0629],
        [0.0704, 0.0490, 0.0883, 0.1184, 0.1657, 0.1348, 0.1513, 0.0899, 0.0644,
         0.0678],
        [0.0747, 0.0598, 0.0832, 0.0635, 0.0730, 0.0529, 0.0973, 0.0634, 0.0606,
         0.3715],
        [0.0998, 0.1322, 0.1212, 0.1330, 0.0605, 0.1445, 0.0793, 0.0698, 0.0777,
         0.0820],
        [0.0674, 0.0450, 0.1500, 0.1543, 0.0842, 0.1682, 0.1188, 0.0850, 0.0511,
         0.0760],
        [0.0834, 0.0570, 0.1027, 0.1090, 0.0706, 0.1982, 0.0785, 0.1544, 0.0546,
         0.0916],
        [0.0724, 0.0377, 0.2773, 0.0524, 0.1404, 0.1191, 0.0669, 0.1215, 0.0433,
         0.0690],
        [0.0869, 0.1033, 0.0896, 0.0540, 0.0514, 0.0636, 0.0788, 0.0547, 0.0694,
         0.3485],
        [0.0619, 0.4455, 0.0813, 0.0404, 0.0580, 0.0662, 0.0591, 0.0511, 0.0562,
         0.0803],
        [0.1069, 0.0935, 0.1590, 0.0979, 0.0604, 0.0902, 0.1260, 0.0718, 0.1064,
         0.0879],
        [0.0634, 0.0368, 0.2582, 0.0524, 0.2166, 0.1052, 0.0687, 0.0991, 0.0468,
         0.0527],
        [0.0706, 0.0366, 0.1498, 0.0837, 0.2071, 0.0838, 0.0788, 0.1800, 0.0500,
         0.0596],
        [0.0823, 0.0592, 0.0951, 0.1782, 0.0582, 0.2184, 0.0848, 0.0809, 0.0577,
         0.0852],
        [0.0639, 0.0408, 0.1185, 0.0691, 0.0656, 0.0752, 0.4005, 0.0569, 0.0532,
         0.0563],
        [0.0833, 0.0442, 0.2354, 0.0818, 0.0799, 0.0990, 0.1998, 0.0572, 0.0534,
         0.0660],
        [0.1187, 0.1889, 0.1102, 0.0589, 0.0521, 0.0706, 0.0781, 0.0538, 0.1098,
         0.1589],
        [0.0653, 0.0384, 0.1426, 0.0744, 0.2668, 0.0769, 0.1189, 0.0963, 0.0556,
         0.0647],
        [0.0662, 0.0389, 0.1912, 0.1330, 0.1414, 0.0977, 0.1278, 0.0895, 0.0503,
         0.0641],
        [0.1042, 0.0394, 0.2755, 0.1229, 0.0645, 0.1082, 0.0820, 0.0631, 0.0652,
         0.0750],
        [0.1019, 0.0707, 0.3075, 0.0514, 0.0853, 0.1017, 0.0703, 0.0572, 0.0621,
         0.0918],
        [0.1023, 0.2039, 0.1310, 0.0731, 0.0636, 0.0820, 0.1052, 0.0604, 0.0697,
         0.1089],
        [0.0808, 0.0472, 0.1171, 0.1418, 0.1312, 0.1145, 0.1326, 0.0929, 0.0551,
         0.0866],
        [0.0668, 0.0472, 0.1123, 0.1832, 0.0987, 0.1652, 0.1118, 0.0805, 0.0569,
         0.0775],
        [0.0731, 0.0375, 0.1331, 0.0717, 0.1376, 0.0912, 0.2294, 0.1061, 0.0499,
         0.0704],
        [0.0949, 0.0660, 0.0861, 0.0631, 0.0476, 0.0579, 0.0913, 0.0602, 0.0766,
         0.3564],
        [0.0626, 0.3982, 0.0900, 0.0390, 0.0604, 0.0669, 0.0589, 0.0449, 0.0743,
         0.1048],
        [0.0699, 0.0737, 0.0747, 0.0543, 0.0576, 0.0516, 0.0880, 0.0582, 0.0381,
         0.4339],
        [0.1004, 0.1099, 0.1419, 0.0853, 0.0545, 0.0849, 0.0845, 0.0614, 0.1872,
         0.0899],
        [0.0885, 0.0417, 0.1520, 0.0799, 0.1268, 0.1114, 0.0914, 0.1902, 0.0563,
         0.0617],
        [0.2489, 0.0498, 0.1740, 0.0903, 0.0538, 0.0788, 0.0881, 0.0695, 0.0643,
         0.0826],
        [0.1415, 0.0485, 0.1761, 0.0747, 0.0792, 0.0750, 0.1942, 0.0703, 0.0635,
         0.0769],
        [0.2028, 0.0491, 0.1389, 0.1285, 0.0619, 0.0946, 0.0982, 0.0743, 0.0670,
         0.0845],
        [0.2782, 0.0506, 0.1399, 0.0809, 0.0579, 0.0706, 0.0918, 0.0640, 0.0906,
         0.0755],
        [0.1011, 0.0762, 0.1237, 0.0699, 0.0952, 0.1184, 0.0761, 0.1914, 0.0555,
         0.0924],
        [0.0947, 0.1439, 0.1217, 0.0851, 0.0829, 0.0872, 0.0965, 0.0925, 0.0599,
         0.1357],
        [0.3608, 0.0503, 0.1174, 0.0676, 0.0537, 0.0712, 0.0757, 0.0564, 0.0737,
         0.0732],
        [0.1544, 0.1095, 0.0993, 0.0682, 0.0619, 0.0722, 0.0867, 0.0729, 0.0845,
         0.1904],
        [0.0865, 0.0807, 0.2019, 0.0809, 0.0909, 0.1082, 0.0947, 0.1262, 0.0558,
         0.0743],
        [0.0931, 0.0718, 0.0995, 0.0701, 0.1033, 0.0528, 0.0912, 0.0588, 0.1966,
         0.1628],
        [0.3137, 0.0537, 0.0996, 0.0711, 0.0588, 0.0596, 0.0960, 0.0600, 0.1177,
         0.0698],
        [0.0819, 0.0466, 0.1487, 0.0988, 0.0956, 0.1429, 0.0776, 0.1647, 0.0589,
         0.0842],
        [0.1195, 0.1486, 0.1010, 0.0507, 0.0621, 0.0534, 0.0752, 0.0472, 0.2440,
         0.0982],
        [0.1229, 0.0440, 0.0995, 0.1228, 0.0549, 0.0789, 0.2636, 0.0636, 0.0789,
         0.0709],
        [0.0647, 0.0524, 0.0697, 0.1223, 0.0796, 0.0792, 0.3475, 0.0617, 0.0580,
         0.0647],
        [0.0954, 0.0635, 0.0750, 0.0599, 0.0530, 0.0508, 0.0862, 0.0492, 0.0672,
         0.3998],
        [0.0722, 0.0509, 0.1835, 0.1348, 0.0796, 0.1459, 0.0898, 0.0939, 0.0467,
         0.1028],
        [0.0881, 0.0350, 0.1799, 0.1162, 0.0628, 0.1817, 0.0856, 0.1128, 0.0568,
         0.0811],
        [0.0843, 0.0843, 0.1090, 0.1489, 0.0682, 0.1593, 0.0815, 0.0742, 0.1078,
         0.0824],
        [0.1851, 0.0886, 0.1095, 0.0589, 0.0805, 0.0679, 0.0750, 0.0783, 0.1396,
         0.1166],
        [0.0800, 0.0345, 0.1971, 0.0897, 0.1167, 0.1809, 0.0684, 0.1174, 0.0476,
         0.0676],
        [0.1492, 0.0766, 0.1370, 0.0666, 0.0597, 0.0616, 0.0947, 0.0619, 0.0890,
         0.2037],
        [0.0877, 0.0586, 0.1494, 0.0701, 0.1779, 0.0793, 0.1214, 0.1356, 0.0514,
         0.0685],
        [0.1146, 0.0532, 0.1741, 0.1166, 0.1013, 0.0967, 0.0944, 0.0935, 0.0778,
         0.0777],
        [0.0796, 0.0582, 0.0784, 0.0722, 0.0497, 0.0553, 0.1007, 0.0571, 0.0551,
         0.3935]], device='cuda:0', grad_fn=<SoftmaxBackward>)
>> best accuracy: 52.22	best epoch: 5

>> final recovery rate: 40.297777777777775%
>> val epoch: 10
>> current accuracy: 58.68%
outputs: tensor([[0.2471, 0.1089, 0.1037, 0.0977, 0.0583, 0.0939, 0.0812, 0.0776, 0.0692,
         0.0623],
        [0.0596, 0.0565, 0.0904, 0.1425, 0.0523, 0.2276, 0.0745, 0.1401, 0.0871,
         0.0693],
        [0.0623, 0.0712, 0.0905, 0.0870, 0.2011, 0.0646, 0.0612, 0.2054, 0.0839,
         0.0727],
        [0.0351, 0.4972, 0.0626, 0.0722, 0.0569, 0.0691, 0.0409, 0.0617, 0.0471,
         0.0572],
        [0.0382, 0.0582, 0.0669, 0.0476, 0.4453, 0.0488, 0.0924, 0.1036, 0.0503,
         0.0487],
        [0.0701, 0.1831, 0.0940, 0.0797, 0.0634, 0.0684, 0.1805, 0.0787, 0.1202,
         0.0619],
        [0.1030, 0.0948, 0.0923, 0.0786, 0.1490, 0.0699, 0.0702, 0.1730, 0.0896,
         0.0796],
        [0.0558, 0.0671, 0.0905, 0.0748, 0.2461, 0.0928, 0.0907, 0.1599, 0.0693,
         0.0531],
        [0.0484, 0.0657, 0.0823, 0.0582, 0.3590, 0.0612, 0.0587, 0.1348, 0.0658,
         0.0661],
        [0.0919, 0.0709, 0.0880, 0.0893, 0.2551, 0.0569, 0.0729, 0.1253, 0.0945,
         0.0551],
        [0.0672, 0.0756, 0.0771, 0.1442, 0.0723, 0.0633, 0.2974, 0.0794, 0.0695,
         0.0540],
        [0.0992, 0.0736, 0.0741, 0.1232, 0.0444, 0.1631, 0.0703, 0.1257, 0.1148,
         0.1116],
        [0.0219, 0.6393, 0.0488, 0.0503, 0.0486, 0.0467, 0.0326, 0.0480, 0.0372,
         0.0266],
        [0.0776, 0.0629, 0.1298, 0.1415, 0.1065, 0.1412, 0.0679, 0.1422, 0.0850,
         0.0454],
        [0.0797, 0.0701, 0.2329, 0.0958, 0.0717, 0.0634, 0.1786, 0.0796, 0.0789,
         0.0493],
        [0.0724, 0.1044, 0.1175, 0.1002, 0.0575, 0.1403, 0.0627, 0.1992, 0.0863,
         0.0594],
        [0.3050, 0.0849, 0.0924, 0.1011, 0.0664, 0.0877, 0.0618, 0.0780, 0.0660,
         0.0567],
        [0.2304, 0.0910, 0.1208, 0.0899, 0.0847, 0.0638, 0.0918, 0.0982, 0.0877,
         0.0418],
        [0.1548, 0.0819, 0.0920, 0.1041, 0.0592, 0.0625, 0.0816, 0.0896, 0.2034,
         0.0709],
        [0.0598, 0.0562, 0.0672, 0.1457, 0.0691, 0.2985, 0.0664, 0.1309, 0.0684,
         0.0378],
        [0.0944, 0.0809, 0.1552, 0.1191, 0.0635, 0.1135, 0.0955, 0.1156, 0.1027,
         0.0596],
        [0.1096, 0.0714, 0.2141, 0.0999, 0.0443, 0.1189, 0.0808, 0.0788, 0.1074,
         0.0749],
        [0.0610, 0.0685, 0.0922, 0.1293, 0.0627, 0.0876, 0.2967, 0.0798, 0.0689,
         0.0532],
        [0.0696, 0.0654, 0.1328, 0.1509, 0.0574, 0.1838, 0.0723, 0.1130, 0.0994,
         0.0554],
        [0.0559, 0.0609, 0.0963, 0.0990, 0.0647, 0.2162, 0.0816, 0.1910, 0.0655,
         0.0688],
        [0.2723, 0.0795, 0.1404, 0.0756, 0.0703, 0.0748, 0.0773, 0.0831, 0.0785,
         0.0482],
        [0.0481, 0.0578, 0.1010, 0.1040, 0.0515, 0.3470, 0.0648, 0.0922, 0.0829,
         0.0507],
        [0.0754, 0.0616, 0.1753, 0.0999, 0.1574, 0.0748, 0.1274, 0.0963, 0.0805,
         0.0514],
        [0.0679, 0.0657, 0.0894, 0.1519, 0.0567, 0.2559, 0.0757, 0.1032, 0.0755,
         0.0582],
        [0.0613, 0.0885, 0.0572, 0.0806, 0.0587, 0.0621, 0.0855, 0.0901, 0.3483,
         0.0677],
        [0.0577, 0.1674, 0.0655, 0.0800, 0.0682, 0.0648, 0.0552, 0.0840, 0.0669,
         0.2904],
        [0.0865, 0.0860, 0.0839, 0.0893, 0.0670, 0.0943, 0.0679, 0.1435, 0.1268,
         0.1547],
        [0.0708, 0.0587, 0.3565, 0.0807, 0.0777, 0.0561, 0.0959, 0.0722, 0.0821,
         0.0493],
        [0.0458, 0.0701, 0.0762, 0.0651, 0.3386, 0.0661, 0.1065, 0.1394, 0.0533,
         0.0389],
        [0.0785, 0.0831, 0.0641, 0.0650, 0.0801, 0.0490, 0.0651, 0.0849, 0.0510,
         0.3793],
        [0.0464, 0.0569, 0.0626, 0.0595, 0.0862, 0.0650, 0.0552, 0.4527, 0.0599,
         0.0557],
        [0.0785, 0.0735, 0.0652, 0.0806, 0.0619, 0.0625, 0.0754, 0.0874, 0.3545,
         0.0606],
        [0.1975, 0.1482, 0.1095, 0.0659, 0.0950, 0.0741, 0.0801, 0.0757, 0.0950,
         0.0590],
        [0.0622, 0.0735, 0.0531, 0.0838, 0.0559, 0.0666, 0.0881, 0.0840, 0.3659,
         0.0668],
        [0.0678, 0.0839, 0.0962, 0.0769, 0.0952, 0.0744, 0.2978, 0.0875, 0.0679,
         0.0523],
        [0.0447, 0.5170, 0.0657, 0.0583, 0.0455, 0.0565, 0.0427, 0.0512, 0.0552,
         0.0633],
        [0.0690, 0.0697, 0.1083, 0.1774, 0.0686, 0.0838, 0.1996, 0.0925, 0.0683,
         0.0628],
        [0.0732, 0.0931, 0.0574, 0.0779, 0.0566, 0.0614, 0.0866, 0.0865, 0.3439,
         0.0635],
        [0.0469, 0.0577, 0.0858, 0.0504, 0.4180, 0.0527, 0.0640, 0.1073, 0.0608,
         0.0564],
        [0.0705, 0.0728, 0.0845, 0.1279, 0.1148, 0.0676, 0.1062, 0.1283, 0.0897,
         0.1378],
        [0.0900, 0.0892, 0.0585, 0.0808, 0.0587, 0.0654, 0.0782, 0.0842, 0.3323,
         0.0627],
        [0.0420, 0.0627, 0.0681, 0.0624, 0.3820, 0.0500, 0.0920, 0.1350, 0.0604,
         0.0454],
        [0.0580, 0.0736, 0.0858, 0.0872, 0.1173, 0.1681, 0.0892, 0.1725, 0.0807,
         0.0676],
        [0.0426, 0.0710, 0.0666, 0.0624, 0.1338, 0.0570, 0.0645, 0.3677, 0.0748,
         0.0595],
        [0.1464, 0.1597, 0.0941, 0.1178, 0.0748, 0.0827, 0.0864, 0.0942, 0.0762,
         0.0676],
        [0.0663, 0.0861, 0.0726, 0.0900, 0.1371, 0.0696, 0.0992, 0.1225, 0.0549,
         0.2017],
        [0.0771, 0.1023, 0.0667, 0.1178, 0.0803, 0.1136, 0.1126, 0.1259, 0.0638,
         0.1399],
        [0.1065, 0.0892, 0.0557, 0.0761, 0.0531, 0.0631, 0.0711, 0.0904, 0.2868,
         0.1079],
        [0.0493, 0.0570, 0.0714, 0.0662, 0.1699, 0.0539, 0.0970, 0.3235, 0.0623,
         0.0495],
        [0.1228, 0.0812, 0.1093, 0.0738, 0.0860, 0.0703, 0.0835, 0.2400, 0.0744,
         0.0587],
        [0.0663, 0.0616, 0.3231, 0.1085, 0.0509, 0.0758, 0.0817, 0.0764, 0.1056,
         0.0501],
        [0.0589, 0.0933, 0.0649, 0.0894, 0.0871, 0.0689, 0.3215, 0.0731, 0.0578,
         0.0851],
        [0.3293, 0.0691, 0.0887, 0.0639, 0.0566, 0.0891, 0.0638, 0.0942, 0.0535,
         0.0917],
        [0.1502, 0.1583, 0.0685, 0.0869, 0.0578, 0.0652, 0.0731, 0.0804, 0.1927,
         0.0670],
        [0.0666, 0.0690, 0.0628, 0.0859, 0.0551, 0.0685, 0.0813, 0.1024, 0.3221,
         0.0863],
        [0.0630, 0.0642, 0.0584, 0.0652, 0.0609, 0.0533, 0.0584, 0.0898, 0.0562,
         0.4307],
        [0.0807, 0.0811, 0.1290, 0.0849, 0.1501, 0.0776, 0.0992, 0.1010, 0.0639,
         0.1326],
        [0.0801, 0.0774, 0.0674, 0.1400, 0.0936, 0.0966, 0.0883, 0.1169, 0.0682,
         0.1716],
        [0.1236, 0.1247, 0.1188, 0.1155, 0.0799, 0.0692, 0.0755, 0.1230, 0.1212,
         0.0486],
        [0.0601, 0.0638, 0.0787, 0.2627, 0.0643, 0.1289, 0.1265, 0.0863, 0.0702,
         0.0585],
        [0.0476, 0.0632, 0.0636, 0.0675, 0.0875, 0.0632, 0.0671, 0.3305, 0.1056,
         0.1042],
        [0.0565, 0.2005, 0.0718, 0.0819, 0.0616, 0.0637, 0.0619, 0.0795, 0.1218,
         0.2008],
        [0.0715, 0.0756, 0.1256, 0.1116, 0.1728, 0.0818, 0.0605, 0.1856, 0.0770,
         0.0380],
        [0.0520, 0.0584, 0.0853, 0.0616, 0.3915, 0.0571, 0.0695, 0.1216, 0.0624,
         0.0406],
        [0.0639, 0.0646, 0.0715, 0.0767, 0.0555, 0.1498, 0.0802, 0.2651, 0.0720,
         0.1007],
        [0.0585, 0.2632, 0.0709, 0.0843, 0.0641, 0.0662, 0.0720, 0.0691, 0.1601,
         0.0917],
        [0.0621, 0.1132, 0.0702, 0.0972, 0.0451, 0.0814, 0.0876, 0.0876, 0.2244,
         0.1313]], device='cuda:0', grad_fn=<SoftmaxBackward>)
>> best accuracy: 58.68	best epoch: 10

>> final recovery rate: 40.297777777777775%
>> val epoch: 15
>> current accuracy: 65.42%
outputs: tensor([[0.0662, 0.0545, 0.2619, 0.0762, 0.1384, 0.0519, 0.0932, 0.1236, 0.0522,
         0.0818],
        [0.0450, 0.0546, 0.0515, 0.0499, 0.0323, 0.0374, 0.5805, 0.0503, 0.0365,
         0.0618],
        [0.0939, 0.0695, 0.0636, 0.0891, 0.0420, 0.0635, 0.0842, 0.0934, 0.3178,
         0.0828],
        [0.0502, 0.0666, 0.0648, 0.1185, 0.0492, 0.0497, 0.3971, 0.0688, 0.0405,
         0.0946],
        [0.0621, 0.0586, 0.1523, 0.0956, 0.0938, 0.1866, 0.0891, 0.1348, 0.0561,
         0.0711],
        [0.2048, 0.0792, 0.1692, 0.0926, 0.0514, 0.0607, 0.0951, 0.0916, 0.0538,
         0.1016],
        [0.0491, 0.3995, 0.0966, 0.0752, 0.0476, 0.0598, 0.0732, 0.0758, 0.0456,
         0.0777],
        [0.0698, 0.0608, 0.1127, 0.1128, 0.2199, 0.0493, 0.1062, 0.1128, 0.0644,
         0.0911],
        [0.0730, 0.0790, 0.1252, 0.1257, 0.1199, 0.0588, 0.1090, 0.1393, 0.0656,
         0.1045],
        [0.0526, 0.0937, 0.0507, 0.0677, 0.0468, 0.0468, 0.0807, 0.0830, 0.0445,
         0.4336],
        [0.0616, 0.0644, 0.0866, 0.1905, 0.2005, 0.0707, 0.0808, 0.1179, 0.0484,
         0.0786],
        [0.0622, 0.0548, 0.0692, 0.3706, 0.0643, 0.1381, 0.0668, 0.0771, 0.0456,
         0.0513],
        [0.0864, 0.0663, 0.0581, 0.0826, 0.0465, 0.0574, 0.0727, 0.1069, 0.3347,
         0.0883],
        [0.0899, 0.0801, 0.0755, 0.1955, 0.0594, 0.0706, 0.0792, 0.1069, 0.0544,
         0.1884],
        [0.0760, 0.0599, 0.0659, 0.0872, 0.0437, 0.0665, 0.0943, 0.0920, 0.3324,
         0.0822],
        [0.3461, 0.0548, 0.0931, 0.0850, 0.0538, 0.0548, 0.0678, 0.0978, 0.0644,
         0.0824],
        [0.0729, 0.0973, 0.0646, 0.0961, 0.0426, 0.0448, 0.0769, 0.1716, 0.0571,
         0.2762],
        [0.0539, 0.1433, 0.0589, 0.1131, 0.0451, 0.0424, 0.0873, 0.0603, 0.0482,
         0.3476],
        [0.2902, 0.0896, 0.0716, 0.0927, 0.0538, 0.0721, 0.0745, 0.0837, 0.0876,
         0.0842],
        [0.0754, 0.0573, 0.1731, 0.1339, 0.0819, 0.0844, 0.1310, 0.1254, 0.0533,
         0.0844],
        [0.0502, 0.0626, 0.0693, 0.0615, 0.0355, 0.0442, 0.4974, 0.0618, 0.0424,
         0.0752],
        [0.0848, 0.0566, 0.0596, 0.0875, 0.0451, 0.0581, 0.0653, 0.1037, 0.3571,
         0.0823],
        [0.0628, 0.0452, 0.1148, 0.0540, 0.0880, 0.1965, 0.0715, 0.2474, 0.0512,
         0.0687],
        [0.0522, 0.4518, 0.0748, 0.0683, 0.0424, 0.0568, 0.0578, 0.0737, 0.0498,
         0.0724],
        [0.2049, 0.0619, 0.1598, 0.1017, 0.0807, 0.0638, 0.0891, 0.0950, 0.0662,
         0.0768],
        [0.0659, 0.0701, 0.0688, 0.0914, 0.0552, 0.0643, 0.0677, 0.1150, 0.3169,
         0.0847],
        [0.0549, 0.0580, 0.2768, 0.1015, 0.1132, 0.0604, 0.0924, 0.1073, 0.0498,
         0.0858],
        [0.0804, 0.0537, 0.1100, 0.2017, 0.1345, 0.1185, 0.0785, 0.1053, 0.0532,
         0.0643],
        [0.0552, 0.0656, 0.0453, 0.0698, 0.0446, 0.0401, 0.0592, 0.0775, 0.0426,
         0.5002],
        [0.0690, 0.0497, 0.0948, 0.2936, 0.0921, 0.0813, 0.1180, 0.0827, 0.0494,
         0.0694],
        [0.0704, 0.0558, 0.0674, 0.1150, 0.1091, 0.0589, 0.0732, 0.3091, 0.0605,
         0.0805],
        [0.0750, 0.0544, 0.1466, 0.1403, 0.1066, 0.1017, 0.0975, 0.1496, 0.0548,
         0.0736],
        [0.0637, 0.2648, 0.0696, 0.0815, 0.0467, 0.0512, 0.0976, 0.0792, 0.0725,
         0.1732],
        [0.0622, 0.0652, 0.0864, 0.0881, 0.0704, 0.0886, 0.1619, 0.2380, 0.0566,
         0.0826],
        [0.0610, 0.0656, 0.0658, 0.1113, 0.0525, 0.0655, 0.0816, 0.1021, 0.3143,
         0.0803],
        [0.0452, 0.0320, 0.0497, 0.5863, 0.0404, 0.0622, 0.0605, 0.0462, 0.0337,
         0.0438],
        [0.0845, 0.0666, 0.0910, 0.1450, 0.0782, 0.1427, 0.0937, 0.1951, 0.0434,
         0.0599],
        [0.0625, 0.0716, 0.1002, 0.0910, 0.0468, 0.0671, 0.1005, 0.0970, 0.2732,
         0.0901],
        [0.0758, 0.0905, 0.0786, 0.0780, 0.0617, 0.0570, 0.0853, 0.1587, 0.0515,
         0.2629],
        [0.0650, 0.0555, 0.0850, 0.0591, 0.0568, 0.0608, 0.0688, 0.4334, 0.0436,
         0.0721],
        [0.0540, 0.0738, 0.0458, 0.0892, 0.0416, 0.0439, 0.0705, 0.0693, 0.0532,
         0.4588],
        [0.0572, 0.0531, 0.0815, 0.0657, 0.1154, 0.0504, 0.0793, 0.3440, 0.0753,
         0.0783],
        [0.0562, 0.0757, 0.0502, 0.0879, 0.0342, 0.0395, 0.0567, 0.0824, 0.0860,
         0.4311],
        [0.4265, 0.0531, 0.0796, 0.0542, 0.0383, 0.0671, 0.0652, 0.0768, 0.0607,
         0.0786],
        [0.0735, 0.0510, 0.0886, 0.1655, 0.0725, 0.2711, 0.0766, 0.0778, 0.0558,
         0.0677],
        [0.0749, 0.0490, 0.1598, 0.2095, 0.0506, 0.0602, 0.1584, 0.0878, 0.0620,
         0.0878],
        [0.0502, 0.0402, 0.0694, 0.4563, 0.0414, 0.0371, 0.1209, 0.0721, 0.0485,
         0.0639],
        [0.0773, 0.0793, 0.0994, 0.0787, 0.0488, 0.0433, 0.1963, 0.1088, 0.1788,
         0.0892],
        [0.0731, 0.0636, 0.1930, 0.0940, 0.0759, 0.0652, 0.1010, 0.1777, 0.0600,
         0.0965],
        [0.0551, 0.0409, 0.1133, 0.3494, 0.0457, 0.1190, 0.0883, 0.0661, 0.0517,
         0.0706],
        [0.0595, 0.0741, 0.0513, 0.0839, 0.0451, 0.0356, 0.0705, 0.0619, 0.0583,
         0.4599],
        [0.0982, 0.0617, 0.0703, 0.3050, 0.0881, 0.0739, 0.1073, 0.0812, 0.0385,
         0.0759],
        [0.0456, 0.4330, 0.0798, 0.0886, 0.0430, 0.0595, 0.0623, 0.0720, 0.0436,
         0.0726],
        [0.1973, 0.1762, 0.0764, 0.0902, 0.0534, 0.0560, 0.0745, 0.0810, 0.1119,
         0.0830],
        [0.0562, 0.0504, 0.0728, 0.4380, 0.0567, 0.0472, 0.1087, 0.0721, 0.0423,
         0.0556],
        [0.0782, 0.0600, 0.1254, 0.1351, 0.1471, 0.1260, 0.0843, 0.1202, 0.0573,
         0.0665],
        [0.0732, 0.0499, 0.1228, 0.1328, 0.0650, 0.2664, 0.0698, 0.1104, 0.0481,
         0.0617],
        [0.0810, 0.0561, 0.0848, 0.2036, 0.0852, 0.1996, 0.0916, 0.0864, 0.0475,
         0.0643],
        [0.0710, 0.0654, 0.1016, 0.1126, 0.0974, 0.1013, 0.1731, 0.1401, 0.0512,
         0.0863],
        [0.0749, 0.1406, 0.0653, 0.0738, 0.0408, 0.0417, 0.0794, 0.1069, 0.0825,
         0.2940],
        [0.0794, 0.2483, 0.0823, 0.0953, 0.0539, 0.0558, 0.1031, 0.0792, 0.0779,
         0.1249],
        [0.0412, 0.5203, 0.0628, 0.0673, 0.0399, 0.0464, 0.0488, 0.0544, 0.0433,
         0.0755],
        [0.0530, 0.3427, 0.0684, 0.1355, 0.0439, 0.0584, 0.0693, 0.0823, 0.0432,
         0.1034],
        [0.2111, 0.0641, 0.0750, 0.0818, 0.0495, 0.0716, 0.0697, 0.1109, 0.1770,
         0.0893],
        [0.0986, 0.0583, 0.1818, 0.1125, 0.1371, 0.0439, 0.1136, 0.1101, 0.0623,
         0.0818],
        [0.0720, 0.0572, 0.0660, 0.0942, 0.0778, 0.2292, 0.0846, 0.2100, 0.0484,
         0.0606],
        [0.1072, 0.0829, 0.0779, 0.0892, 0.0519, 0.0580, 0.0770, 0.2338, 0.0838,
         0.1382],
        [0.0556, 0.0589, 0.2863, 0.0623, 0.0886, 0.0951, 0.0766, 0.1344, 0.0515,
         0.0906],
        [0.0693, 0.0652, 0.0932, 0.1820, 0.1848, 0.0562, 0.0753, 0.1001, 0.0524,
         0.1215],
        [0.3057, 0.0582, 0.1389, 0.0653, 0.0418, 0.0501, 0.0875, 0.0912, 0.0646,
         0.0969],
        [0.0666, 0.0574, 0.1789, 0.0793, 0.0957, 0.0451, 0.2329, 0.0884, 0.0574,
         0.0983],
        [0.0610, 0.0548, 0.1638, 0.0804, 0.1001, 0.1666, 0.1280, 0.1151, 0.0569,
         0.0733]], device='cuda:0', grad_fn=<SoftmaxBackward>)
>> best accuracy: 65.42	best epoch: 15

>> final recovery rate: 40.297777777777775%
>> val epoch: 20
>> current accuracy: 70.67999999999999%
outputs: tensor([[0.0603, 0.0939, 0.0671, 0.0907, 0.1867, 0.1998, 0.0799, 0.0904, 0.0736,
         0.0576],
        [0.0856, 0.0915, 0.0695, 0.0884, 0.0829, 0.0592, 0.1839, 0.0592, 0.1563,
         0.1234],
        [0.0522, 0.0818, 0.2934, 0.0867, 0.0457, 0.0653, 0.0781, 0.0746, 0.1350,
         0.0872],
        [0.0638, 0.5055, 0.0594, 0.0332, 0.0472, 0.0409, 0.0465, 0.0600, 0.0744,
         0.0690],
        [0.0672, 0.0744, 0.0463, 0.0491, 0.0593, 0.0407, 0.0621, 0.0551, 0.0634,
         0.4825],
        [0.0744, 0.0749, 0.0761, 0.1074, 0.0795, 0.2384, 0.0975, 0.0893, 0.0961,
         0.0664],
        [0.0547, 0.0888, 0.0624, 0.0815, 0.1252, 0.0936, 0.0737, 0.2601, 0.0778,
         0.0823],
        [0.0413, 0.0644, 0.0486, 0.0577, 0.0417, 0.0483, 0.0569, 0.0599, 0.5021,
         0.0792],
        [0.0779, 0.4546, 0.0536, 0.0402, 0.0472, 0.0503, 0.0511, 0.0667, 0.0983,
         0.0600],
        [0.0610, 0.1167, 0.0717, 0.2194, 0.0954, 0.1337, 0.0680, 0.0898, 0.0803,
         0.0639],
        [0.0621, 0.0606, 0.1951, 0.0945, 0.0710, 0.1854, 0.0818, 0.0747, 0.0982,
         0.0767],
        [0.0800, 0.0986, 0.0575, 0.0762, 0.0948, 0.0808, 0.2828, 0.0649, 0.0819,
         0.0825],
        [0.3911, 0.0857, 0.0717, 0.0587, 0.0671, 0.0607, 0.0764, 0.0615, 0.0584,
         0.0686],
        [0.4241, 0.0647, 0.0692, 0.0486, 0.0805, 0.0668, 0.0539, 0.0569, 0.0734,
         0.0620],
        [0.1212, 0.0869, 0.0580, 0.0497, 0.0706, 0.0422, 0.0530, 0.1301, 0.0662,
         0.3221],
        [0.0613, 0.5047, 0.0514, 0.0369, 0.0470, 0.0452, 0.0431, 0.0561, 0.0820,
         0.0723],
        [0.0770, 0.1119, 0.0729, 0.0823, 0.0922, 0.1185, 0.1048, 0.0894, 0.0796,
         0.1714],
        [0.1376, 0.0787, 0.0615, 0.0521, 0.0722, 0.0600, 0.0768, 0.0789, 0.3290,
         0.0532],
        [0.0900, 0.1097, 0.0681, 0.2082, 0.1046, 0.1068, 0.0738, 0.0813, 0.0888,
         0.0686],
        [0.0618, 0.0751, 0.0462, 0.0528, 0.0552, 0.0491, 0.0562, 0.0771, 0.0665,
         0.4600],
        [0.0457, 0.0806, 0.0623, 0.0485, 0.1005, 0.0608, 0.0638, 0.4068, 0.0768,
         0.0542],
        [0.0785, 0.0988, 0.0515, 0.0786, 0.0877, 0.0622, 0.0527, 0.0783, 0.3382,
         0.0733],
        [0.0712, 0.0787, 0.1240, 0.0743, 0.0932, 0.1022, 0.1897, 0.0743, 0.1080,
         0.0844],
        [0.0922, 0.0744, 0.2592, 0.0730, 0.0560, 0.0551, 0.1107, 0.0951, 0.1109,
         0.0733],
        [0.0542, 0.0708, 0.0977, 0.0775, 0.1224, 0.0945, 0.0787, 0.1244, 0.2051,
         0.0747],
        [0.0513, 0.0601, 0.0412, 0.0410, 0.0527, 0.0355, 0.0430, 0.0413, 0.0670,
         0.5669],
        [0.0568, 0.0980, 0.0683, 0.0639, 0.2266, 0.0868, 0.0636, 0.1814, 0.0940,
         0.0606],
        [0.4832, 0.0602, 0.0592, 0.0488, 0.0632, 0.0588, 0.0518, 0.0506, 0.0566,
         0.0678],
        [0.0675, 0.1104, 0.0809, 0.0814, 0.1207, 0.0727, 0.2217, 0.0687, 0.0843,
         0.0917],
        [0.0611, 0.1006, 0.0706, 0.0530, 0.3818, 0.0757, 0.0646, 0.0727, 0.0627,
         0.0572],
        [0.0731, 0.0940, 0.1020, 0.0767, 0.1109, 0.1873, 0.0953, 0.0961, 0.0870,
         0.0775],
        [0.0599, 0.0725, 0.0849, 0.0363, 0.0458, 0.3669, 0.0615, 0.0770, 0.0971,
         0.0979],
        [0.0647, 0.1435, 0.0520, 0.0503, 0.0567, 0.0596, 0.0857, 0.0635, 0.0667,
         0.3575],
        [0.1106, 0.0761, 0.2258, 0.0654, 0.0455, 0.1212, 0.0781, 0.1019, 0.0957,
         0.0797],
        [0.1269, 0.0785, 0.2188, 0.0554, 0.0687, 0.0563, 0.1295, 0.0713, 0.1206,
         0.0739],
        [0.0866, 0.0777, 0.0718, 0.1536, 0.0722, 0.0875, 0.0959, 0.0649, 0.0738,
         0.2162],
        [0.0868, 0.0986, 0.0880, 0.1194, 0.0609, 0.1241, 0.0782, 0.1531, 0.0902,
         0.1007],
        [0.0603, 0.4478, 0.0586, 0.0485, 0.0463, 0.0529, 0.0513, 0.0733, 0.0839,
         0.0770],
        [0.0732, 0.1069, 0.0619, 0.0743, 0.0726, 0.0739, 0.2986, 0.0701, 0.0902,
         0.0783],
        [0.0610, 0.4103, 0.0626, 0.0465, 0.0520, 0.0569, 0.0538, 0.0710, 0.0890,
         0.0968],
        [0.0653, 0.0718, 0.0652, 0.1357, 0.0704, 0.2833, 0.0602, 0.0731, 0.0897,
         0.0853],
        [0.0448, 0.0600, 0.0541, 0.0560, 0.0573, 0.0599, 0.0433, 0.0665, 0.4924,
         0.0657],
        [0.0533, 0.0683, 0.0890, 0.0569, 0.0782, 0.0568, 0.0674, 0.3862, 0.0733,
         0.0707],
        [0.4235, 0.0713, 0.0715, 0.0538, 0.0563, 0.0570, 0.0631, 0.0632, 0.0634,
         0.0768],
        [0.0509, 0.0701, 0.0540, 0.0506, 0.0563, 0.0536, 0.0568, 0.0623, 0.4824,
         0.0630],
        [0.0697, 0.0971, 0.0744, 0.1278, 0.1837, 0.1399, 0.0662, 0.1052, 0.0719,
         0.0639],
        [0.0703, 0.0948, 0.0861, 0.1964, 0.0661, 0.0982, 0.1198, 0.0649, 0.0892,
         0.1143],
        [0.2474, 0.1134, 0.0673, 0.0494, 0.0935, 0.0501, 0.0726, 0.0694, 0.0547,
         0.1821],
        [0.0654, 0.0720, 0.0774, 0.0515, 0.0592, 0.3711, 0.0630, 0.0763, 0.0878,
         0.0764],
        [0.0630, 0.0913, 0.1023, 0.0738, 0.0693, 0.1081, 0.1367, 0.2057, 0.0775,
         0.0723],
        [0.0618, 0.4504, 0.0612, 0.0490, 0.0495, 0.0481, 0.0665, 0.0563, 0.0878,
         0.0695],
        [0.0769, 0.0986, 0.0710, 0.0622, 0.0964, 0.0701, 0.0755, 0.3272, 0.0598,
         0.0624],
        [0.0550, 0.0982, 0.0718, 0.0600, 0.1490, 0.0795, 0.0745, 0.2853, 0.0637,
         0.0630],
        [0.0626, 0.0631, 0.0504, 0.0599, 0.0595, 0.0467, 0.0578, 0.0541, 0.1197,
         0.4262],
        [0.0599, 0.4287, 0.0674, 0.0464, 0.0610, 0.0550, 0.0615, 0.0692, 0.0710,
         0.0799],
        [0.0579, 0.0673, 0.0549, 0.0549, 0.0557, 0.0493, 0.0448, 0.0636, 0.4909,
         0.0607],
        [0.1865, 0.0899, 0.0750, 0.0919, 0.0885, 0.0481, 0.0673, 0.1025, 0.1286,
         0.1217],
        [0.0819, 0.0916, 0.0796, 0.1220, 0.1142, 0.0953, 0.1555, 0.0786, 0.1008,
         0.0806],
        [0.2579, 0.1108, 0.0684, 0.0651, 0.0885, 0.0605, 0.0542, 0.0651, 0.1537,
         0.0756],
        [0.0641, 0.0767, 0.0487, 0.0610, 0.0507, 0.0554, 0.0534, 0.0733, 0.4527,
         0.0640],
        [0.0467, 0.0742, 0.0731, 0.0442, 0.0633, 0.0607, 0.0678, 0.4325, 0.0681,
         0.0694],
        [0.0803, 0.0818, 0.1339, 0.0593, 0.1133, 0.0778, 0.1805, 0.0763, 0.1226,
         0.0742],
        [0.1345, 0.0902, 0.1509, 0.0994, 0.0923, 0.1198, 0.0816, 0.0633, 0.0951,
         0.0729],
        [0.3860, 0.0764, 0.0743, 0.0636, 0.0666, 0.0525, 0.0752, 0.0653, 0.0720,
         0.0680],
        [0.0665, 0.0708, 0.1569, 0.0857, 0.0579, 0.2247, 0.0806, 0.0875, 0.0935,
         0.0758],
        [0.0585, 0.4044, 0.0590, 0.0389, 0.0461, 0.0656, 0.0632, 0.1027, 0.0750,
         0.0865],
        [0.0624, 0.0839, 0.0672, 0.1368, 0.0907, 0.1465, 0.1575, 0.0815, 0.0828,
         0.0907],
        [0.0633, 0.0698, 0.3168, 0.0715, 0.0539, 0.0630, 0.0860, 0.0753, 0.1144,
         0.0861],
        [0.1168, 0.1068, 0.0754, 0.0847, 0.1290, 0.0712, 0.1867, 0.0702, 0.0977,
         0.0613],
        [0.0720, 0.0712, 0.2845, 0.0779, 0.0504, 0.0871, 0.0904, 0.0748, 0.1102,
         0.0814],
        [0.0696, 0.0938, 0.0847, 0.0999, 0.1052, 0.0804, 0.2159, 0.0718, 0.0808,
         0.0980],
        [0.0760, 0.1165, 0.0647, 0.0544, 0.0828, 0.0619, 0.0747, 0.0843, 0.3190,
         0.0658]], device='cuda:0', grad_fn=<SoftmaxBackward>)
>> best accuracy: 70.67999999999999	best epoch: 20

>> final recovery rate: 40.297777777777775%
>> val epoch: 25
>> current accuracy: 72.28%
outputs: tensor([[0.0561, 0.0572, 0.4354, 0.0505, 0.0411, 0.0663, 0.0653, 0.0684, 0.0664,
         0.0933],
        [0.0524, 0.2118, 0.0847, 0.0799, 0.0666, 0.0730, 0.0630, 0.0805, 0.0760,
         0.2121],
        [0.0628, 0.3140, 0.0909, 0.0953, 0.0743, 0.0719, 0.0648, 0.0763, 0.0473,
         0.1023],
        [0.0561, 0.0545, 0.0753, 0.2882, 0.0684, 0.1629, 0.0899, 0.0551, 0.0556,
         0.0939],
        [0.0990, 0.0768, 0.2021, 0.0801, 0.0462, 0.0651, 0.1720, 0.0725, 0.0716,
         0.1146],
        [0.0366, 0.0410, 0.0793, 0.5398, 0.0403, 0.0430, 0.0536, 0.0525, 0.0542,
         0.0597],
        [0.0513, 0.0708, 0.0874, 0.0935, 0.0786, 0.0688, 0.3225, 0.0750, 0.0496,
         0.1025],
        [0.0466, 0.0554, 0.0715, 0.4492, 0.0531, 0.0579, 0.0918, 0.0528, 0.0502,
         0.0715],
        [0.0586, 0.0794, 0.0755, 0.1354, 0.0884, 0.0896, 0.2007, 0.0912, 0.0504,
         0.1310],
        [0.0704, 0.3337, 0.0746, 0.0987, 0.0752, 0.0700, 0.0523, 0.0558, 0.0448,
         0.1244],
        [0.0604, 0.0561, 0.0610, 0.0918, 0.0612, 0.0743, 0.0722, 0.0684, 0.3644,
         0.0900],
        [0.0864, 0.0588, 0.0627, 0.0925, 0.0764, 0.1139, 0.0523, 0.0650, 0.2980,
         0.0939],
        [0.0720, 0.0655, 0.0810, 0.1069, 0.0686, 0.3092, 0.0749, 0.0665, 0.0618,
         0.0935],
        [0.0568, 0.0950, 0.0637, 0.0716, 0.0643, 0.0653, 0.0808, 0.1619, 0.0457,
         0.2949],
        [0.0499, 0.0699, 0.1196, 0.2584, 0.1102, 0.1034, 0.0680, 0.0986, 0.0591,
         0.0630],
        [0.0468, 0.0557, 0.1310, 0.1809, 0.0585, 0.2087, 0.0994, 0.0823, 0.0504,
         0.0863],
        [0.0466, 0.0533, 0.1754, 0.2801, 0.0879, 0.0885, 0.0680, 0.0716, 0.0479,
         0.0806],
        [0.0536, 0.0684, 0.0598, 0.0719, 0.0615, 0.0560, 0.0607, 0.0759, 0.0484,
         0.4438],
        [0.1126, 0.0863, 0.0959, 0.1793, 0.0681, 0.0937, 0.1497, 0.0787, 0.0641,
         0.0716],
        [0.0644, 0.3757, 0.0723, 0.0817, 0.0670, 0.0747, 0.0604, 0.0733, 0.0413,
         0.0892],
        [0.0511, 0.0546, 0.0727, 0.1601, 0.0581, 0.3235, 0.0669, 0.0745, 0.0571,
         0.0815],
