noise type: uniform
noise level: 0.4
when_to_apply_epoch: 1000
total clean data num: 26942
probability transition matrix:
[[0.6        0.04444444 0.04444444 0.04444444 0.04444444 0.04444444
  0.04444444 0.04444444 0.04444444 0.04444444]
 [0.04444444 0.6        0.04444444 0.04444444 0.04444444 0.04444444
  0.04444444 0.04444444 0.04444444 0.04444444]
 [0.04444444 0.04444444 0.6        0.04444444 0.04444444 0.04444444
  0.04444444 0.04444444 0.04444444 0.04444444]
 [0.04444444 0.04444444 0.04444444 0.6        0.04444444 0.04444444
  0.04444444 0.04444444 0.04444444 0.04444444]
 [0.04444444 0.04444444 0.04444444 0.04444444 0.6        0.04444444
  0.04444444 0.04444444 0.04444444 0.04444444]
 [0.04444444 0.04444444 0.04444444 0.04444444 0.04444444 0.6
  0.04444444 0.04444444 0.04444444 0.04444444]
 [0.04444444 0.04444444 0.04444444 0.04444444 0.04444444 0.04444444
  0.6        0.04444444 0.04444444 0.04444444]
 [0.04444444 0.04444444 0.04444444 0.04444444 0.04444444 0.04444444
  0.04444444 0.6        0.04444444 0.04444444]
 [0.04444444 0.04444444 0.04444444 0.04444444 0.04444444 0.04444444
  0.04444444 0.04444444 0.6        0.04444444]
 [0.04444444 0.04444444 0.04444444 0.04444444 0.04444444 0.04444444
  0.04444444 0.04444444 0.04444444 0.6       ]]
>> val epoch: 0
>> current accuracy: 42.4%
outputs: tensor([[0.0579, 0.0488, 0.1508, 0.1117, 0.1376, 0.0928, 0.1523, 0.0752, 0.0581,
         0.1148],
        [0.0345, 0.0281, 0.1321, 0.2207, 0.1289, 0.2274, 0.0769, 0.0779, 0.0443,
         0.0292],
        [0.0374, 0.0256, 0.1055, 0.2550, 0.1316, 0.1302, 0.1551, 0.0618, 0.0521,
         0.0457],
        [0.0446, 0.0162, 0.1853, 0.1027, 0.2500, 0.0811, 0.1562, 0.0798, 0.0501,
         0.0340],
        [0.2904, 0.0659, 0.0677, 0.0551, 0.0641, 0.0450, 0.0703, 0.0659, 0.1269,
         0.1486],
        [0.4687, 0.0384, 0.0644, 0.0429, 0.0489, 0.0291, 0.0299, 0.0285, 0.2064,
         0.0427],
        [0.0616, 0.0174, 0.2209, 0.1188, 0.1574, 0.0867, 0.1169, 0.0983, 0.0638,
         0.0582],
        [0.0234, 0.6931, 0.0175, 0.0279, 0.0113, 0.0269, 0.0270, 0.0186, 0.0198,
         0.1347],
        [0.1593, 0.0458, 0.1470, 0.1618, 0.0980, 0.1054, 0.0532, 0.0773, 0.1068,
         0.0455],
        [0.1368, 0.0891, 0.1001, 0.0746, 0.0724, 0.0459, 0.0939, 0.0632, 0.1730,
         0.1509],
        [0.0547, 0.0804, 0.0809, 0.1794, 0.0852, 0.1231, 0.1003, 0.1285, 0.0534,
         0.1142],
        [0.0516, 0.5061, 0.0361, 0.0485, 0.0337, 0.0457, 0.0495, 0.0528, 0.0486,
         0.1273],
        [0.0389, 0.0491, 0.0874, 0.2635, 0.0984, 0.2152, 0.0685, 0.1013, 0.0474,
         0.0303],
        [0.2091, 0.0376, 0.0624, 0.0383, 0.0402, 0.0290, 0.0285, 0.0361, 0.4859,
         0.0328],
        [0.0563, 0.0414, 0.0601, 0.0380, 0.0956, 0.0733, 0.0329, 0.5328, 0.0384,
         0.0311],
        [0.0407, 0.0252, 0.1411, 0.1799, 0.1655, 0.1071, 0.1631, 0.0872, 0.0494,
         0.0407],
        [0.3140, 0.0417, 0.0804, 0.0629, 0.0938, 0.0517, 0.0583, 0.0968, 0.0929,
         0.1075],
        [0.0570, 0.0437, 0.0708, 0.1953, 0.0858, 0.1412, 0.0932, 0.1555, 0.0617,
         0.0957],
        [0.0331, 0.0487, 0.0819, 0.3191, 0.0783, 0.1686, 0.0828, 0.1001, 0.0449,
         0.0427],
        [0.2022, 0.1562, 0.0529, 0.0505, 0.0524, 0.0447, 0.0551, 0.0478, 0.1297,
         0.2086],
        [0.0601, 0.2333, 0.0797, 0.0894, 0.0554, 0.0695, 0.0587, 0.0716, 0.0994,
         0.1828],
        [0.0441, 0.0571, 0.1019, 0.2324, 0.0801, 0.2125, 0.0580, 0.1006, 0.0696,
         0.0439],
        [0.0490, 0.0248, 0.1270, 0.1125, 0.2118, 0.0896, 0.1890, 0.0963, 0.0561,
         0.0440],
        [0.0367, 0.0578, 0.0552, 0.1640, 0.0825, 0.0810, 0.1885, 0.0595, 0.0816,
         0.1933],
        [0.0704, 0.0584, 0.1226, 0.1612, 0.0734, 0.0929, 0.0570, 0.0826, 0.2138,
         0.0677],
        [0.3613, 0.0458, 0.0796, 0.0356, 0.0498, 0.0326, 0.0364, 0.0446, 0.2515,
         0.0629],
        [0.0380, 0.0243, 0.2545, 0.1378, 0.1807, 0.1150, 0.1106, 0.0616, 0.0452,
         0.0322],
        [0.0576, 0.1047, 0.0525, 0.0864, 0.0810, 0.1433, 0.0471, 0.3268, 0.0431,
         0.0572],
        [0.0438, 0.2735, 0.0640, 0.1152, 0.0416, 0.0948, 0.0515, 0.0802, 0.0931,
         0.1424],
        [0.0869, 0.0585, 0.0511, 0.0655, 0.0303, 0.0382, 0.0365, 0.0601, 0.4626,
         0.1103],
        [0.0333, 0.0237, 0.1134, 0.2339, 0.1622, 0.1211, 0.1679, 0.0564, 0.0527,
         0.0353],
        [0.2483, 0.0335, 0.1363, 0.0633, 0.1367, 0.0629, 0.0539, 0.1141, 0.0981,
         0.0529],
        [0.0589, 0.1836, 0.0524, 0.0901, 0.0438, 0.0458, 0.0689, 0.0653, 0.1764,
         0.2148],
        [0.0448, 0.0288, 0.0605, 0.1013, 0.1790, 0.1198, 0.0857, 0.2936, 0.0521,
         0.0343],
        [0.0935, 0.0564, 0.0984, 0.1504, 0.0579, 0.0887, 0.0753, 0.1046, 0.1631,
         0.1117],
        [0.0361, 0.0360, 0.1360, 0.2641, 0.1051, 0.1997, 0.0740, 0.0699, 0.0481,
         0.0310],
        [0.0332, 0.0364, 0.0921, 0.2299, 0.1209, 0.2137, 0.0847, 0.0979, 0.0558,
         0.0355],
        [0.0407, 0.0158, 0.2475, 0.1016, 0.2433, 0.0919, 0.1099, 0.0726, 0.0441,
         0.0325],
        [0.0397, 0.2999, 0.0287, 0.0495, 0.0220, 0.0306, 0.0566, 0.0340, 0.0625,
         0.3766],
        [0.5868, 0.0231, 0.0603, 0.0310, 0.0473, 0.0203, 0.0283, 0.0231, 0.1478,
         0.0320],
        [0.1371, 0.0425, 0.1003, 0.0752, 0.1339, 0.0695, 0.0843, 0.2127, 0.0790,
         0.0654],
        [0.1539, 0.1272, 0.0926, 0.1188, 0.0872, 0.0888, 0.0846, 0.0766, 0.0940,
         0.0763],
        [0.0426, 0.1621, 0.0938, 0.1349, 0.0699, 0.1441, 0.0799, 0.0772, 0.0725,
         0.1230],
        [0.1954, 0.0443, 0.0566, 0.0476, 0.0425, 0.0262, 0.0301, 0.0354, 0.4815,
         0.0405],
        [0.1357, 0.0212, 0.2359, 0.1083, 0.1490, 0.0789, 0.0702, 0.0761, 0.0776,
         0.0471],
        [0.4209, 0.0202, 0.1478, 0.0605, 0.0883, 0.0460, 0.0478, 0.0497, 0.0727,
         0.0461],
        [0.0288, 0.1936, 0.0254, 0.0564, 0.0235, 0.0432, 0.0668, 0.0424, 0.0370,
         0.4831],
        [0.0339, 0.0383, 0.0711, 0.3104, 0.0702, 0.2713, 0.0533, 0.0722, 0.0463,
         0.0329],
        [0.0379, 0.0602, 0.0880, 0.2480, 0.0725, 0.2057, 0.0507, 0.1319, 0.0675,
         0.0376],
        [0.0926, 0.5711, 0.0296, 0.0341, 0.0244, 0.0362, 0.0329, 0.0411, 0.0539,
         0.0842],
        [0.1118, 0.1585, 0.0570, 0.0707, 0.0501, 0.0366, 0.0584, 0.0590, 0.3228,
         0.0750],
        [0.0578, 0.0516, 0.0975, 0.1405, 0.1259, 0.1582, 0.0690, 0.1799, 0.0640,
         0.0556],
        [0.0419, 0.0500, 0.0813, 0.2030, 0.0867, 0.2234, 0.0477, 0.1640, 0.0597,
         0.0424],
        [0.0313, 0.0648, 0.0795, 0.2739, 0.0816, 0.2074, 0.0705, 0.0877, 0.0578,
         0.0454],
        [0.0473, 0.0155, 0.3258, 0.0522, 0.2286, 0.0604, 0.1134, 0.0820, 0.0437,
         0.0310],
        [0.0366, 0.0209, 0.1411, 0.1796, 0.2105, 0.1055, 0.1330, 0.0904, 0.0468,
         0.0356],
        [0.0812, 0.0500, 0.1589, 0.1838, 0.1024, 0.1672, 0.0597, 0.0815, 0.0606,
         0.0546],
        [0.0409, 0.0325, 0.0531, 0.2085, 0.1071, 0.1282, 0.1787, 0.1288, 0.0630,
         0.0592],
        [0.0826, 0.0539, 0.1282, 0.1407, 0.0919, 0.0910, 0.0665, 0.1097, 0.1680,
         0.0675],
        [0.0510, 0.0811, 0.0345, 0.0689, 0.0616, 0.1002, 0.0471, 0.4467, 0.0428,
         0.0661],
        [0.0344, 0.0199, 0.1273, 0.2104, 0.1563, 0.1137, 0.1966, 0.0422, 0.0559,
         0.0433],
        [0.0457, 0.0609, 0.0959, 0.1819, 0.0777, 0.2467, 0.0454, 0.1444, 0.0543,
         0.0471],
        [0.0386, 0.0202, 0.1497, 0.1522, 0.1990, 0.1128, 0.1522, 0.0813, 0.0575,
         0.0366],
        [0.0553, 0.1649, 0.0253, 0.0625, 0.0215, 0.0550, 0.0560, 0.0435, 0.0566,
         0.4592],
        [0.0444, 0.0216, 0.1624, 0.1387, 0.1941, 0.1065, 0.1193, 0.1200, 0.0528,
         0.0402],
        [0.0539, 0.0481, 0.0641, 0.1344, 0.1085, 0.0678, 0.1947, 0.1438, 0.0700,
         0.1146],
        [0.5429, 0.0236, 0.0817, 0.0331, 0.0628, 0.0311, 0.0319, 0.0334, 0.1072,
         0.0522],
        [0.0762, 0.3718, 0.0578, 0.0573, 0.0407, 0.0437, 0.0467, 0.0394, 0.1238,
         0.1426],
        [0.0531, 0.1644, 0.0741, 0.1398, 0.0598, 0.0752, 0.0685, 0.0938, 0.1802,
         0.0913],
        [0.1840, 0.0802, 0.0822, 0.0679, 0.0735, 0.0465, 0.0562, 0.0711, 0.2218,
         0.1167],
        [0.0514, 0.0399, 0.0768, 0.1869, 0.0733, 0.1006, 0.1109, 0.1551, 0.0955,
         0.1097],
        [0.3016, 0.0340, 0.0994, 0.0387, 0.1076, 0.0392, 0.0498, 0.1255, 0.1228,
         0.0814]], device='cuda:0', grad_fn=<SoftmaxBackward>)
>> best accuracy: 42.4	best epoch: 0

>> final recovery rate: 59.871111111111105%
>> val epoch: 5
>> current accuracy: 67.52%
outputs: tensor([[0.0535, 0.4874, 0.0692, 0.0479, 0.0438, 0.0941, 0.0554, 0.0640, 0.0313,
         0.0534],
        [0.4650, 0.0435, 0.0922, 0.0547, 0.0935, 0.0529, 0.0314, 0.0422, 0.0966,
         0.0280],
        [0.0602, 0.0841, 0.0822, 0.0737, 0.1485, 0.1043, 0.1861, 0.0918, 0.1196,
         0.0495],
        [0.0367, 0.0481, 0.0390, 0.0547, 0.1179, 0.0756, 0.5023, 0.0442, 0.0434,
         0.0382],
        [0.0417, 0.0538, 0.0576, 0.0341, 0.0751, 0.0563, 0.0380, 0.0397, 0.5752,
         0.0286],
        [0.0359, 0.0462, 0.0689, 0.3238, 0.0491, 0.2612, 0.1043, 0.0526, 0.0335,
         0.0245],
        [0.0648, 0.0867, 0.0502, 0.0536, 0.0622, 0.0545, 0.0486, 0.0566, 0.4922,
         0.0307],
        [0.0581, 0.0578, 0.0524, 0.0426, 0.0764, 0.0521, 0.0477, 0.0432, 0.5468,
         0.0229],
        [0.0923, 0.0586, 0.1948, 0.1754, 0.1710, 0.0827, 0.0607, 0.0643, 0.0318,
         0.0683],
        [0.0485, 0.5339, 0.0491, 0.0331, 0.0658, 0.0671, 0.0487, 0.0463, 0.0376,
         0.0698],
        [0.0548, 0.0772, 0.0518, 0.0758, 0.1247, 0.0445, 0.0591, 0.0549, 0.0908,
         0.3663],
        [0.0426, 0.0430, 0.0457, 0.0965, 0.0884, 0.1642, 0.3847, 0.0634, 0.0436,
         0.0281],
        [0.0679, 0.0752, 0.0608, 0.0554, 0.1063, 0.0536, 0.0512, 0.0580, 0.3835,
         0.0881],
        [0.1680, 0.1489, 0.0634, 0.0687, 0.0903, 0.0528, 0.0385, 0.0667, 0.1833,
         0.1195],
        [0.0327, 0.0377, 0.0748, 0.4500, 0.0334, 0.1800, 0.0819, 0.0370, 0.0404,
         0.0322],
        [0.0549, 0.0531, 0.0790, 0.3408, 0.0961, 0.1414, 0.1071, 0.0634, 0.0266,
         0.0376],
        [0.0306, 0.0294, 0.0450, 0.0545, 0.0484, 0.0703, 0.6118, 0.0313, 0.0433,
         0.0352],
        [0.1906, 0.1208, 0.0490, 0.0381, 0.0786, 0.0503, 0.0497, 0.0463, 0.0674,
         0.3092],
        [0.0310, 0.0427, 0.0345, 0.0258, 0.1714, 0.1397, 0.0422, 0.4371, 0.0425,
         0.0330],
        [0.0562, 0.0510, 0.0715, 0.2239, 0.0672, 0.1068, 0.1362, 0.1174, 0.0400,
         0.1299],
        [0.0316, 0.0405, 0.0858, 0.4346, 0.0405, 0.2291, 0.0316, 0.0477, 0.0318,
         0.0270],
        [0.4473, 0.0405, 0.1125, 0.0431, 0.1293, 0.0515, 0.0321, 0.0447, 0.0667,
         0.0323],
        [0.4743, 0.0716, 0.0486, 0.0633, 0.0831, 0.0439, 0.0384, 0.0620, 0.0770,
         0.0379],
        [0.0420, 0.0413, 0.1000, 0.0431, 0.4190, 0.0918, 0.0607, 0.1360, 0.0362,
         0.0299],
        [0.0360, 0.0286, 0.0582, 0.0603, 0.0505, 0.0706, 0.5863, 0.0371, 0.0348,
         0.0376],
        [0.0320, 0.0432, 0.0629, 0.2558, 0.0373, 0.3593, 0.0795, 0.0530, 0.0432,
         0.0339],
        [0.0594, 0.0543, 0.1006, 0.1298, 0.0598, 0.2279, 0.0996, 0.1906, 0.0384,
         0.0396],
        [0.0659, 0.0604, 0.1110, 0.1267, 0.0693, 0.3157, 0.0417, 0.1129, 0.0535,
         0.0428],
        [0.0344, 0.4089, 0.0734, 0.0407, 0.0713, 0.0738, 0.0521, 0.0458, 0.0536,
         0.1459],
        [0.3873, 0.0426, 0.1049, 0.0385, 0.1198, 0.0473, 0.0421, 0.0432, 0.1441,
         0.0302],
        [0.1355, 0.0479, 0.2887, 0.1385, 0.0249, 0.1349, 0.0522, 0.0716, 0.0527,
         0.0531],
        [0.0833, 0.0372, 0.5365, 0.0639, 0.0331, 0.0569, 0.0500, 0.0444, 0.0506,
         0.0441],
        [0.0277, 0.0397, 0.0486, 0.0809, 0.0464, 0.5946, 0.0544, 0.0492, 0.0340,
         0.0244],
        [0.0307, 0.0365, 0.0516, 0.0295, 0.0682, 0.0784, 0.0417, 0.6062, 0.0331,
         0.0240],
        [0.0391, 0.2399, 0.0625, 0.0384, 0.0622, 0.0769, 0.0494, 0.0567, 0.3276,
         0.0474],
        [0.0625, 0.2237, 0.0576, 0.0730, 0.0610, 0.1049, 0.0750, 0.0917, 0.0328,
         0.2178],
        [0.1112, 0.0680, 0.1899, 0.0920, 0.1330, 0.0800, 0.0349, 0.1496, 0.0803,
         0.0611],
        [0.0382, 0.0464, 0.4720, 0.0553, 0.1186, 0.0683, 0.0661, 0.0418, 0.0524,
         0.0408],
        [0.0702, 0.0609, 0.0673, 0.0752, 0.3059, 0.0616, 0.1081, 0.1663, 0.0403,
         0.0442],
        [0.0340, 0.0427, 0.0332, 0.0389, 0.0416, 0.0474, 0.0535, 0.0439, 0.0435,
         0.6213],
        [0.0374, 0.0448, 0.0970, 0.0967, 0.1270, 0.0742, 0.3742, 0.0479, 0.0522,
         0.0485],
        [0.0361, 0.0438, 0.0494, 0.1836, 0.0488, 0.4648, 0.0537, 0.0566, 0.0381,
         0.0251],
        [0.0446, 0.0522, 0.2111, 0.2203, 0.0429, 0.2016, 0.0386, 0.0868, 0.0528,
         0.0491],
        [0.0418, 0.0507, 0.0346, 0.0394, 0.2296, 0.0764, 0.0752, 0.3910, 0.0370,
         0.0244],
        [0.0466, 0.4134, 0.0632, 0.0661, 0.0935, 0.0654, 0.1087, 0.0503, 0.0365,
         0.0562],
        [0.0405, 0.0528, 0.0730, 0.0361, 0.0557, 0.0649, 0.0388, 0.0526, 0.5622,
         0.0233],
        [0.0327, 0.0494, 0.0851, 0.0401, 0.0426, 0.5688, 0.0520, 0.0598, 0.0415,
         0.0282],
        [0.0428, 0.0414, 0.0268, 0.0599, 0.0762, 0.0888, 0.0443, 0.5568, 0.0401,
         0.0228],
        [0.2186, 0.0383, 0.3571, 0.0773, 0.0776, 0.0485, 0.0492, 0.0443, 0.0550,
         0.0342],
        [0.1229, 0.0679, 0.2317, 0.0950, 0.0833, 0.0875, 0.0814, 0.0698, 0.1083,
         0.0521],
        [0.0428, 0.0573, 0.0362, 0.1664, 0.0779, 0.3596, 0.1016, 0.0866, 0.0396,
         0.0319],
        [0.0408, 0.0441, 0.0599, 0.4180, 0.0681, 0.1522, 0.0948, 0.0537, 0.0389,
         0.0296],
        [0.0463, 0.2050, 0.0722, 0.0867, 0.1122, 0.0713, 0.0793, 0.0738, 0.0846,
         0.1685],
        [0.0266, 0.0397, 0.0359, 0.0517, 0.0518, 0.6256, 0.0299, 0.0886, 0.0289,
         0.0214],
        [0.1976, 0.0826, 0.0809, 0.1477, 0.1104, 0.1157, 0.0467, 0.0818, 0.0817,
         0.0549],
        [0.0677, 0.3535, 0.0721, 0.0495, 0.0549, 0.0741, 0.1540, 0.0547, 0.0624,
         0.0572],
        [0.4526, 0.0487, 0.0482, 0.0522, 0.0740, 0.0518, 0.0315, 0.0472, 0.1668,
         0.0269],
        [0.0617, 0.0677, 0.0816, 0.1591, 0.1731, 0.1176, 0.1568, 0.0432, 0.1041,
         0.0351],
        [0.0453, 0.0518, 0.1662, 0.1969, 0.1014, 0.1818, 0.0485, 0.1340, 0.0374,
         0.0368],
        [0.0515, 0.5332, 0.0506, 0.0353, 0.0520, 0.0692, 0.0513, 0.0605, 0.0573,
         0.0392],
        [0.2582, 0.0495, 0.2500, 0.0969, 0.0537, 0.0500, 0.0390, 0.0546, 0.0788,
         0.0691],
        [0.2860, 0.0568, 0.1883, 0.0665, 0.0734, 0.0705, 0.0399, 0.0605, 0.1117,
         0.0463],
        [0.0579, 0.0430, 0.0954, 0.0652, 0.0919, 0.0774, 0.4214, 0.0442, 0.0623,
         0.0414],
        [0.0380, 0.0566, 0.0384, 0.0997, 0.1062, 0.1265, 0.3967, 0.0645, 0.0376,
         0.0358],
        [0.1741, 0.0701, 0.0486, 0.0426, 0.1247, 0.0464, 0.0328, 0.0501, 0.3759,
         0.0346],
        [0.0450, 0.1400, 0.0477, 0.0478, 0.0465, 0.0709, 0.0461, 0.0466, 0.0379,
         0.4716],
        [0.0384, 0.0505, 0.0423, 0.3105, 0.1204, 0.2084, 0.0452, 0.1180, 0.0330,
         0.0333],
        [0.3150, 0.0440, 0.1587, 0.0569, 0.1331, 0.0460, 0.0366, 0.0558, 0.1115,
         0.0423],
        [0.0485, 0.0789, 0.0495, 0.0349, 0.0615, 0.0575, 0.0442, 0.0560, 0.5461,
         0.0229],
        [0.0442, 0.0978, 0.0402, 0.0458, 0.0417, 0.0575, 0.0438, 0.0483, 0.0334,
         0.5472],
        [0.0373, 0.0479, 0.0823, 0.1287, 0.0427, 0.2024, 0.3324, 0.0397, 0.0509,
         0.0357],
        [0.0475, 0.0367, 0.0739, 0.0707, 0.0297, 0.0660, 0.5358, 0.0372, 0.0630,
         0.0396]], device='cuda:0', grad_fn=<SoftmaxBackward>)
>> best accuracy: 67.52	best epoch: 5

>> final recovery rate: 59.871111111111105%
>> val epoch: 10
>> current accuracy: 74.48%
outputs: tensor([[0.1616, 0.0463, 0.3685, 0.0460, 0.0363, 0.0392, 0.0461, 0.0571, 0.1118,
         0.0871],
        [0.0860, 0.4928, 0.0488, 0.0466, 0.0675, 0.0542, 0.0479, 0.0461, 0.0434,
         0.0667],
        [0.0405, 0.0339, 0.0400, 0.2105, 0.0487, 0.4523, 0.0592, 0.0359, 0.0314,
         0.0475],
        [0.0508, 0.0495, 0.1032, 0.0577, 0.2428, 0.0663, 0.2532, 0.0395, 0.0750,
         0.0621],
        [0.5300, 0.0431, 0.0441, 0.0545, 0.0414, 0.0593, 0.0391, 0.0325, 0.0905,
         0.0653],
        [0.0676, 0.0483, 0.2374, 0.2298, 0.0999, 0.0700, 0.0999, 0.0444, 0.0523,
         0.0505],
        [0.1751, 0.0478, 0.0414, 0.0483, 0.0392, 0.0599, 0.0417, 0.0306, 0.4361,
         0.0799],
        [0.0308, 0.0357, 0.1191, 0.0821, 0.4155, 0.0514, 0.0786, 0.1003, 0.0469,
         0.0396],
        [0.0300, 0.0336, 0.0426, 0.0314, 0.6197, 0.0446, 0.0489, 0.0671, 0.0411,
         0.0410],
        [0.0373, 0.0289, 0.0227, 0.0267, 0.0236, 0.0254, 0.0224, 0.0166, 0.0304,
         0.7660],
        [0.0404, 0.0416, 0.0636, 0.3006, 0.0673, 0.3237, 0.0365, 0.0338, 0.0447,
         0.0479],
        [0.0445, 0.0435, 0.0629, 0.1761, 0.0739, 0.4116, 0.0558, 0.0437, 0.0439,
         0.0440],
        [0.0900, 0.0633, 0.1809, 0.0432, 0.0873, 0.0463, 0.2999, 0.0594, 0.0673,
         0.0626],
        [0.0720, 0.0621, 0.1034, 0.1438, 0.1018, 0.0580, 0.0609, 0.0759, 0.1507,
         0.1716],
        [0.0286, 0.0471, 0.4526, 0.0857, 0.0422, 0.0926, 0.0882, 0.0489, 0.0733,
         0.0407],
        [0.0301, 0.0478, 0.0625, 0.0930, 0.0711, 0.3278, 0.1573, 0.1299, 0.0485,
         0.0320],
        [0.0390, 0.0397, 0.0429, 0.0489, 0.1386, 0.0957, 0.0412, 0.4418, 0.0554,
         0.0568],
        [0.0456, 0.0596, 0.1548, 0.2284, 0.0362, 0.2544, 0.0572, 0.0352, 0.0659,
         0.0626],
        [0.0414, 0.0330, 0.0767, 0.0750, 0.3103, 0.1213, 0.0411, 0.2068, 0.0531,
         0.0414],
        [0.1087, 0.0487, 0.2447, 0.1295, 0.0439, 0.0744, 0.0398, 0.0438, 0.0655,
         0.2010],
        [0.0312, 0.0569, 0.1076, 0.4024, 0.0650, 0.1510, 0.0521, 0.0441, 0.0471,
         0.0426],
        [0.0362, 0.0431, 0.1185, 0.1375, 0.0768, 0.0700, 0.3853, 0.0459, 0.0429,
         0.0440],
        [0.0262, 0.1144, 0.0410, 0.0241, 0.0443, 0.0270, 0.0286, 0.0170, 0.0234,
         0.6538],
        [0.0239, 0.0280, 0.0534, 0.0312, 0.0702, 0.0215, 0.0351, 0.6590, 0.0426,
         0.0350],
        [0.0299, 0.0446, 0.0726, 0.0870, 0.0472, 0.0613, 0.5293, 0.0440, 0.0397,
         0.0443],
        [0.0416, 0.5126, 0.0742, 0.0538, 0.0546, 0.0722, 0.0494, 0.0484, 0.0483,
         0.0450],
        [0.0730, 0.0741, 0.0388, 0.0492, 0.0368, 0.0412, 0.0384, 0.0376, 0.5378,
         0.0730],
        [0.0482, 0.0232, 0.0443, 0.0292, 0.0605, 0.0194, 0.0321, 0.6321, 0.0501,
         0.0608],
        [0.5500, 0.0388, 0.0826, 0.0397, 0.0582, 0.0487, 0.0402, 0.0365, 0.0506,
         0.0548],
        [0.0535, 0.0424, 0.1368, 0.0732, 0.3275, 0.1257, 0.0520, 0.0768, 0.0569,
         0.0552],
        [0.0364, 0.0575, 0.2241, 0.0643, 0.0341, 0.3913, 0.0455, 0.0385, 0.0611,
         0.0472],
        [0.6298, 0.0328, 0.0694, 0.0396, 0.0316, 0.0366, 0.0404, 0.0385, 0.0350,
         0.0463],
        [0.0326, 0.0314, 0.0373, 0.0644, 0.0827, 0.5026, 0.0410, 0.1509, 0.0295,
         0.0276],
        [0.0284, 0.0415, 0.0304, 0.0287, 0.0336, 0.0364, 0.0295, 0.0209, 0.0304,
         0.7203],
        [0.0316, 0.0736, 0.0840, 0.0580, 0.0309, 0.0441, 0.5224, 0.0468, 0.0565,
         0.0520],
        [0.0842, 0.0438, 0.0449, 0.0448, 0.0404, 0.0538, 0.0370, 0.0343, 0.5206,
         0.0961],
        [0.0580, 0.0585, 0.0630, 0.0510, 0.1263, 0.0556, 0.0499, 0.3875, 0.0440,
         0.1062],
        [0.0466, 0.0464, 0.0595, 0.4344, 0.0506, 0.1562, 0.0496, 0.0307, 0.0719,
         0.0542],
        [0.0439, 0.0415, 0.4643, 0.0975, 0.0497, 0.0752, 0.0314, 0.0496, 0.0873,
         0.0596],
        [0.0269, 0.0301, 0.0363, 0.1173, 0.0912, 0.1394, 0.0236, 0.4676, 0.0310,
         0.0365],
        [0.0975, 0.0436, 0.0768, 0.1016, 0.1861, 0.0780, 0.0440, 0.0613, 0.1968,
         0.1142],
        [0.6330, 0.0344, 0.0384, 0.0478, 0.0574, 0.0658, 0.0361, 0.0309, 0.0212,
         0.0351],
        [0.6754, 0.0308, 0.0321, 0.0447, 0.0294, 0.0397, 0.0281, 0.0254, 0.0351,
         0.0593],
        [0.0327, 0.0561, 0.0686, 0.0712, 0.0766, 0.0728, 0.4932, 0.0358, 0.0389,
         0.0542],
        [0.0355, 0.0347, 0.3372, 0.0926, 0.1035, 0.0545, 0.0455, 0.1712, 0.0749,
         0.0502],
        [0.0419, 0.0496, 0.1643, 0.0749, 0.1448, 0.0658, 0.2870, 0.0597, 0.0636,
         0.0484],
        [0.0720, 0.0360, 0.5029, 0.0495, 0.0502, 0.0412, 0.0505, 0.0429, 0.1043,
         0.0504],
        [0.0220, 0.0357, 0.0448, 0.0472, 0.0413, 0.6577, 0.0369, 0.0540, 0.0302,
         0.0302],
        [0.0585, 0.0458, 0.0385, 0.0427, 0.0408, 0.0445, 0.0360, 0.0386, 0.5609,
         0.0937],
        [0.0491, 0.0507, 0.0730, 0.0461, 0.1842, 0.0585, 0.3804, 0.0451, 0.0548,
         0.0581],
        [0.0652, 0.0369, 0.0373, 0.0368, 0.0434, 0.0493, 0.0360, 0.0326, 0.5988,
         0.0637],
        [0.0546, 0.0421, 0.0464, 0.6500, 0.0397, 0.0602, 0.0204, 0.0199, 0.0291,
         0.0377],
        [0.0446, 0.0493, 0.1137, 0.0722, 0.1329, 0.0650, 0.3767, 0.0460, 0.0546,
         0.0450],
        [0.4822, 0.0471, 0.0893, 0.0819, 0.0480, 0.0550, 0.0326, 0.0256, 0.0736,
         0.0648],
        [0.0429, 0.5128, 0.0515, 0.0394, 0.0510, 0.0428, 0.0495, 0.0421, 0.0408,
         0.1272],
        [0.0365, 0.0732, 0.1162, 0.0764, 0.0697, 0.3394, 0.0695, 0.1208, 0.0506,
         0.0476],
        [0.0302, 0.0407, 0.0633, 0.0535, 0.0472, 0.0423, 0.5889, 0.0425, 0.0439,
         0.0474],
        [0.0668, 0.0655, 0.3472, 0.1593, 0.1252, 0.0628, 0.0283, 0.0416, 0.0449,
         0.0583],
        [0.0460, 0.0413, 0.1275, 0.1387, 0.0695, 0.0601, 0.3796, 0.0439, 0.0518,
         0.0416],
        [0.0801, 0.0984, 0.2400, 0.0562, 0.0722, 0.0375, 0.0655, 0.2196, 0.0625,
         0.0680],
        [0.0421, 0.0366, 0.0364, 0.0577, 0.0420, 0.6241, 0.0340, 0.0429, 0.0416,
         0.0426],
        [0.0265, 0.0355, 0.0357, 0.1535, 0.0786, 0.4883, 0.0529, 0.0688, 0.0306,
         0.0296],
        [0.0708, 0.0665, 0.0433, 0.0460, 0.0441, 0.0490, 0.0367, 0.0406, 0.4933,
         0.1095],
        [0.0361, 0.2197, 0.2500, 0.0626, 0.0470, 0.1660, 0.0528, 0.0366, 0.0922,
         0.0369],
        [0.0247, 0.0208, 0.0402, 0.0217, 0.0507, 0.0266, 0.0217, 0.7172, 0.0360,
         0.0404],
        [0.0318, 0.0335, 0.0855, 0.0585, 0.2697, 0.0662, 0.0526, 0.3059, 0.0531,
         0.0433],
        [0.0256, 0.0496, 0.0259, 0.0283, 0.0323, 0.0241, 0.0214, 0.0213, 0.0245,
         0.7470],
        [0.0353, 0.0455, 0.0761, 0.0692, 0.0857, 0.0607, 0.4811, 0.0511, 0.0519,
         0.0436],
        [0.0248, 0.0232, 0.0217, 0.0198, 0.0218, 0.0317, 0.0175, 0.0169, 0.0209,
         0.8017],
        [0.0602, 0.0680, 0.1409, 0.1178, 0.0451, 0.0826, 0.3215, 0.0448, 0.0512,
         0.0678],
        [0.1955, 0.0604, 0.1103, 0.1474, 0.0687, 0.1089, 0.1666, 0.0374, 0.0423,
         0.0626],
        [0.0665, 0.0827, 0.0932, 0.0535, 0.0967, 0.0402, 0.0510, 0.0490, 0.0571,
         0.4100]], device='cuda:0', grad_fn=<SoftmaxBackward>)
>> best accuracy: 74.48	best epoch: 10

>> final recovery rate: 59.871111111111105%
>> val epoch: 15
>> current accuracy: 76.82%
outputs: tensor([[0.0349, 0.0501, 0.0556, 0.0484, 0.0576, 0.0371, 0.0454, 0.5723, 0.0489,
         0.0498],
        [0.0503, 0.0490, 0.1616, 0.1495, 0.1298, 0.2590, 0.0709, 0.0548, 0.0367,
         0.0384],
        [0.5819, 0.0292, 0.1162, 0.0300, 0.0448, 0.0294, 0.0379, 0.0381, 0.0602,
         0.0323],
        [0.0319, 0.7051, 0.0467, 0.0286, 0.0326, 0.0321, 0.0322, 0.0274, 0.0339,
         0.0296],
        [0.0357, 0.0262, 0.7174, 0.0380, 0.0414, 0.0306, 0.0256, 0.0266, 0.0210,
         0.0375],
        [0.0399, 0.0302, 0.0714, 0.0638, 0.6182, 0.0379, 0.0564, 0.0207, 0.0364,
         0.0250],
        [0.0397, 0.0546, 0.0665, 0.0532, 0.0869, 0.0389, 0.0775, 0.0995, 0.4362,
         0.0469],
        [0.0210, 0.7146, 0.0523, 0.0289, 0.0254, 0.0336, 0.0297, 0.0231, 0.0218,
         0.0496],
        [0.0380, 0.0678, 0.0566, 0.3585, 0.0468, 0.2036, 0.0304, 0.0473, 0.0236,
         0.1274],
        [0.0186, 0.0427, 0.0510, 0.0388, 0.6443, 0.0404, 0.0272, 0.0482, 0.0354,
         0.0534],
        [0.0384, 0.0443, 0.1784, 0.1191, 0.0472, 0.3921, 0.0795, 0.0308, 0.0276,
         0.0425],
        [0.0415, 0.0342, 0.0351, 0.5490, 0.0992, 0.0708, 0.0646, 0.0627, 0.0232,
         0.0195],
        [0.0432, 0.0525, 0.0598, 0.3050, 0.1324, 0.1032, 0.0475, 0.1682, 0.0565,
         0.0318],
        [0.0334, 0.6311, 0.0459, 0.0380, 0.0370, 0.0378, 0.0421, 0.0327, 0.0603,
         0.0416],
        [0.0414, 0.3816, 0.0744, 0.0692, 0.0358, 0.0523, 0.0327, 0.0244, 0.0345,
         0.2537],
        [0.0528, 0.0598, 0.0354, 0.5096, 0.0642, 0.1254, 0.0352, 0.0475, 0.0323,
         0.0377],
        [0.0439, 0.0580, 0.0564, 0.1596, 0.0433, 0.4337, 0.0706, 0.0591, 0.0310,
         0.0444],
        [0.0460, 0.0310, 0.0401, 0.0310, 0.0296, 0.0319, 0.0414, 0.0300, 0.6735,
         0.0455],
        [0.0279, 0.5477, 0.0741, 0.0308, 0.0444, 0.0351, 0.0301, 0.0189, 0.0673,
         0.1236],
        [0.0486, 0.0526, 0.0549, 0.0429, 0.0451, 0.0483, 0.0451, 0.5315, 0.0555,
         0.0756],
        [0.0503, 0.0578, 0.0716, 0.0297, 0.0359, 0.5646, 0.0427, 0.0584, 0.0429,
         0.0462],
        [0.0284, 0.6485, 0.0439, 0.0246, 0.0358, 0.0295, 0.0249, 0.0205, 0.0438,
         0.1002],
        [0.0419, 0.0306, 0.0406, 0.0373, 0.0335, 0.0368, 0.0398, 0.0341, 0.6531,
         0.0523],
        [0.0257, 0.0598, 0.0572, 0.0920, 0.0578, 0.0699, 0.4659, 0.0640, 0.0570,
         0.0507],
        [0.0367, 0.0388, 0.0477, 0.0338, 0.0373, 0.0463, 0.6199, 0.0390, 0.0461,
         0.0546],
        [0.0851, 0.0404, 0.3723, 0.0519, 0.1487, 0.0499, 0.1171, 0.0475, 0.0429,
         0.0442],
        [0.0355, 0.0425, 0.0664, 0.5605, 0.0639, 0.0932, 0.0587, 0.0300, 0.0246,
         0.0248],
        [0.0361, 0.0458, 0.0342, 0.0336, 0.0370, 0.0442, 0.6278, 0.0418, 0.0475,
         0.0520],
        [0.1532, 0.0605, 0.1702, 0.0791, 0.0574, 0.0709, 0.0655, 0.2113, 0.0671,
         0.0647],
        [0.1623, 0.0694, 0.0502, 0.0417, 0.0395, 0.0481, 0.0455, 0.0332, 0.0524,
         0.4577],
        [0.0436, 0.0567, 0.0448, 0.6308, 0.0426, 0.0487, 0.0385, 0.0275, 0.0398,
         0.0271],
        [0.1460, 0.1677, 0.2523, 0.0615, 0.0324, 0.0327, 0.1226, 0.0400, 0.0880,
         0.0569],
        [0.0249, 0.0301, 0.0629, 0.0236, 0.6874, 0.0418, 0.0302, 0.0320, 0.0419,
         0.0251],
        [0.1261, 0.0555, 0.0551, 0.1673, 0.0555, 0.0933, 0.0876, 0.1918, 0.0653,
         0.1026],
        [0.0849, 0.0635, 0.1210, 0.0490, 0.0356, 0.0571, 0.4120, 0.0406, 0.0791,
         0.0571],
        [0.0392, 0.0364, 0.6489, 0.0614, 0.0388, 0.0527, 0.0323, 0.0259, 0.0264,
         0.0380],
        [0.4258, 0.0456, 0.2080, 0.0470, 0.0721, 0.0293, 0.0398, 0.0284, 0.0634,
         0.0406],
        [0.0308, 0.7333, 0.0388, 0.0220, 0.0332, 0.0296, 0.0246, 0.0201, 0.0328,
         0.0348],
        [0.0301, 0.0789, 0.0871, 0.1406, 0.0817, 0.0438, 0.3825, 0.0331, 0.0749,
         0.0472],
        [0.0886, 0.0563, 0.0405, 0.0659, 0.0508, 0.0323, 0.0515, 0.0368, 0.5387,
         0.0386],
        [0.0288, 0.1020, 0.1136, 0.0557, 0.0592, 0.0405, 0.0428, 0.0519, 0.1243,
         0.3814],
        [0.0252, 0.0520, 0.0613, 0.0443, 0.0368, 0.0460, 0.6058, 0.0360, 0.0500,
         0.0426],
        [0.0451, 0.0758, 0.0518, 0.2324, 0.0603, 0.2994, 0.0446, 0.1118, 0.0369,
         0.0419],
        [0.0385, 0.0358, 0.7066, 0.0578, 0.0355, 0.0258, 0.0374, 0.0195, 0.0192,
         0.0238],
        [0.0390, 0.0552, 0.0558, 0.0466, 0.0542, 0.0389, 0.0456, 0.5686, 0.0473,
         0.0490],
        [0.0339, 0.0530, 0.0595, 0.0418, 0.0739, 0.0508, 0.4695, 0.0317, 0.1092,
         0.0768],
        [0.0366, 0.0728, 0.1305, 0.3467, 0.0581, 0.2157, 0.0473, 0.0356, 0.0255,
         0.0311],
        [0.3599, 0.0574, 0.2547, 0.0523, 0.0296, 0.0344, 0.0491, 0.0442, 0.0375,
         0.0808],
        [0.0493, 0.0459, 0.0310, 0.6621, 0.0339, 0.0666, 0.0177, 0.0510, 0.0194,
         0.0230],
        [0.0963, 0.0615, 0.3358, 0.0756, 0.0471, 0.2010, 0.0418, 0.0557, 0.0377,
         0.0475],
        [0.0396, 0.1383, 0.0620, 0.0488, 0.0535, 0.0480, 0.0281, 0.0266, 0.0350,
         0.5200],
        [0.0389, 0.0815, 0.0876, 0.0984, 0.1289, 0.1558, 0.2830, 0.0303, 0.0435,
         0.0520],
        [0.1029, 0.1113, 0.0895, 0.0731, 0.2444, 0.0442, 0.1731, 0.0367, 0.0757,
         0.0491],
        [0.0342, 0.0563, 0.0471, 0.1702, 0.1168, 0.2471, 0.0336, 0.2307, 0.0285,
         0.0354],
        [0.0530, 0.0649, 0.1333, 0.1829, 0.0588, 0.0520, 0.3035, 0.0451, 0.0517,
         0.0549],
        [0.5719, 0.0463, 0.0684, 0.0459, 0.0495, 0.0287, 0.0388, 0.0364, 0.0505,
         0.0636],
        [0.6226, 0.0439, 0.0356, 0.0475, 0.0352, 0.0390, 0.0318, 0.0310, 0.0648,
         0.0485],
        [0.0360, 0.0853, 0.1191, 0.2644, 0.0750, 0.2540, 0.0630, 0.0295, 0.0349,
         0.0389],
        [0.0433, 0.1351, 0.1265, 0.1489, 0.0418, 0.0388, 0.0398, 0.1549, 0.0539,
         0.2169],
        [0.0492, 0.0591, 0.0812, 0.0494, 0.0346, 0.5564, 0.0403, 0.0506, 0.0372,
         0.0419],
        [0.0323, 0.0536, 0.0564, 0.0348, 0.0422, 0.0408, 0.0375, 0.0352, 0.6217,
         0.0456],
        [0.0325, 0.0588, 0.0530, 0.0372, 0.0574, 0.0387, 0.5886, 0.0360, 0.0518,
         0.0460],
        [0.0315, 0.0461, 0.0877, 0.0479, 0.5143, 0.0406, 0.1220, 0.0274, 0.0472,
         0.0352],
        [0.0254, 0.0613, 0.0443, 0.0405, 0.0405, 0.0429, 0.6133, 0.0347, 0.0455,
         0.0515],
        [0.0562, 0.0654, 0.1309, 0.1932, 0.0617, 0.3229, 0.0394, 0.0461, 0.0378,
         0.0464],
        [0.0443, 0.0547, 0.0383, 0.0374, 0.0471, 0.0315, 0.0367, 0.0334, 0.6333,
         0.0434],
        [0.0407, 0.0794, 0.0659, 0.0596, 0.0483, 0.0474, 0.0554, 0.4727, 0.0579,
         0.0727],
        [0.0451, 0.0447, 0.0400, 0.0379, 0.0427, 0.0337, 0.0397, 0.0399, 0.6374,
         0.0388],
        [0.0531, 0.0646, 0.0571, 0.0868, 0.0484, 0.5318, 0.0352, 0.0450, 0.0334,
         0.0448],
        [0.0288, 0.0605, 0.0563, 0.0509, 0.1075, 0.0442, 0.0505, 0.5031, 0.0509,
         0.0471],
        [0.0477, 0.0875, 0.0573, 0.0547, 0.0527, 0.0596, 0.0450, 0.0383, 0.0451,
         0.5121],
        [0.0282, 0.0511, 0.0757, 0.0550, 0.1351, 0.0765, 0.0491, 0.4383, 0.0437,
         0.0473]], device='cuda:0', grad_fn=<SoftmaxBackward>)
>> best accuracy: 76.82	best epoch: 15

>> final recovery rate: 59.871111111111105%
>> val epoch: 20
>> current accuracy: 76.06%
outputs: tensor([[0.0420, 0.0597, 0.2871, 0.2049, 0.0673, 0.1173, 0.0394, 0.0877, 0.0596,
         0.0350],
        [0.0599, 0.0553, 0.0708, 0.1086, 0.0389, 0.4117, 0.1249, 0.0558, 0.0507,
         0.0234],
        [0.0578, 0.0520, 0.0724, 0.1663, 0.0596, 0.0382, 0.0392, 0.4223, 0.0661,
         0.0262],
        [0.0309, 0.0379, 0.0368, 0.0451, 0.0424, 0.0627, 0.0327, 0.6348, 0.0401,
         0.0366],
        [0.1808, 0.0554, 0.0365, 0.1040, 0.0602, 0.0602, 0.0320, 0.0688, 0.0512,
         0.3510],
        [0.0326, 0.0504, 0.0472, 0.1663, 0.1205, 0.0543, 0.3400, 0.1011, 0.0422,
         0.0454],
        [0.1724, 0.0877, 0.1271, 0.0993, 0.0569, 0.0592, 0.0498, 0.0518, 0.2569,
         0.0388],
        [0.6031, 0.0293, 0.0343, 0.0828, 0.0429, 0.0437, 0.0312, 0.0429, 0.0456,
         0.0442],
        [0.0423, 0.0382, 0.0327, 0.0480, 0.0548, 0.0559, 0.6077, 0.0464, 0.0424,
         0.0314],
        [0.0546, 0.0735, 0.0655, 0.2555, 0.2607, 0.0537, 0.0480, 0.0529, 0.0925,
         0.0431],
        [0.0369, 0.0271, 0.0290, 0.0606, 0.0515, 0.0428, 0.6121, 0.0575, 0.0490,
         0.0336],
        [0.0364, 0.0425, 0.0544, 0.0314, 0.0418, 0.6477, 0.0325, 0.0290, 0.0619,
         0.0225],
        [0.0289, 0.0438, 0.0421, 0.0645, 0.0888, 0.0909, 0.0316, 0.5426, 0.0356,
         0.0312],
        [0.0375, 0.0543, 0.0913, 0.0624, 0.1045, 0.0486, 0.4263, 0.0895, 0.0412,
         0.0443],
        [0.0295, 0.0529, 0.0478, 0.0357, 0.6299, 0.0342, 0.0443, 0.0398, 0.0386,
         0.0473],
        [0.0500, 0.0566, 0.0559, 0.0893, 0.0437, 0.5314, 0.0437, 0.0426, 0.0596,
         0.0273],
        [0.0278, 0.0499, 0.1096, 0.2813, 0.0685, 0.1212, 0.2081, 0.0582, 0.0456,
         0.0298],
        [0.0125, 0.0503, 0.0499, 0.0628, 0.0633, 0.0510, 0.0448, 0.0674, 0.5696,
         0.0284],
        [0.0452, 0.5691, 0.0437, 0.0495, 0.0716, 0.0516, 0.0541, 0.0529, 0.0347,
         0.0276],
        [0.2853, 0.0593, 0.0552, 0.1030, 0.0549, 0.0684, 0.0370, 0.0497, 0.1965,
         0.0907],
        [0.0274, 0.0295, 0.6345, 0.0523, 0.0366, 0.0316, 0.0727, 0.0348, 0.0489,
         0.0317],
        [0.3094, 0.1103, 0.0624, 0.1395, 0.0684, 0.0312, 0.0256, 0.0940, 0.0782,
         0.0808],
        [0.0271, 0.0367, 0.0419, 0.1120, 0.0388, 0.0563, 0.5622, 0.0486, 0.0376,
         0.0389],
        [0.2354, 0.0474, 0.2968, 0.0812, 0.0951, 0.0449, 0.0289, 0.0560, 0.0518,
         0.0625],
        [0.0446, 0.0560, 0.0435, 0.0560, 0.0583, 0.0454, 0.5299, 0.0841, 0.0416,
         0.0406],
        [0.0252, 0.0463, 0.0819, 0.0765, 0.0494, 0.0482, 0.5355, 0.0547, 0.0379,
         0.0445],
        [0.0430, 0.0597, 0.2432, 0.3046, 0.0453, 0.1082, 0.0648, 0.0455, 0.0424,
         0.0433],
        [0.0397, 0.5558, 0.0468, 0.0397, 0.0566, 0.0580, 0.0473, 0.0578, 0.0313,
         0.0672],
        [0.5553, 0.0425, 0.0547, 0.0904, 0.0561, 0.0511, 0.0289, 0.0532, 0.0311,
         0.0367],
        [0.0171, 0.0456, 0.0949, 0.0465, 0.6216, 0.0227, 0.0301, 0.0320, 0.0570,
         0.0325],
        [0.0440, 0.0371, 0.0293, 0.0237, 0.0312, 0.6565, 0.0367, 0.0566, 0.0554,
         0.0295],
        [0.5782, 0.0311, 0.0920, 0.0571, 0.0468, 0.0346, 0.0269, 0.0563, 0.0366,
         0.0403],
        [0.0274, 0.0326, 0.0466, 0.0339, 0.0709, 0.0471, 0.0354, 0.6545, 0.0284,
         0.0231],
        [0.0333, 0.0369, 0.0441, 0.0357, 0.0813, 0.0741, 0.0369, 0.5930, 0.0396,
         0.0250],
        [0.0852, 0.0727, 0.3444, 0.1385, 0.0657, 0.0707, 0.0531, 0.0619, 0.0236,
         0.0842],
        [0.0435, 0.0587, 0.0439, 0.6034, 0.0483, 0.0496, 0.0381, 0.0321, 0.0433,
         0.0391],
        [0.0381, 0.0362, 0.3269, 0.1044, 0.1025, 0.0554, 0.2055, 0.0523, 0.0517,
         0.0270],
        [0.0328, 0.0377, 0.0752, 0.0312, 0.6634, 0.0243, 0.0208, 0.0609, 0.0300,
         0.0237],
        [0.0273, 0.0404, 0.0367, 0.0612, 0.0526, 0.0413, 0.0297, 0.0386, 0.6448,
         0.0273],
        [0.0581, 0.0415, 0.0235, 0.0302, 0.0374, 0.6294, 0.0366, 0.0705, 0.0496,
         0.0232],
        [0.1150, 0.0635, 0.0763, 0.0796, 0.3619, 0.0636, 0.0656, 0.0858, 0.0335,
         0.0553],
        [0.0537, 0.0298, 0.0430, 0.0353, 0.0449, 0.0487, 0.0269, 0.6497, 0.0390,
         0.0289],
        [0.0312, 0.0332, 0.0768, 0.0567, 0.0371, 0.0441, 0.6124, 0.0477, 0.0324,
         0.0284],
        [0.0514, 0.6112, 0.0318, 0.0450, 0.0511, 0.0461, 0.0300, 0.0507, 0.0308,
         0.0520],
        [0.0342, 0.0318, 0.0398, 0.0655, 0.0476, 0.0400, 0.6206, 0.0517, 0.0332,
         0.0357],
        [0.0595, 0.0473, 0.0519, 0.3677, 0.0668, 0.2265, 0.0311, 0.0614, 0.0495,
         0.0382],
        [0.0402, 0.0880, 0.0559, 0.1268, 0.0656, 0.0341, 0.0412, 0.0611, 0.4235,
         0.0636],
        [0.0905, 0.0298, 0.5032, 0.0691, 0.0484, 0.0357, 0.0320, 0.0460, 0.1029,
         0.0424],
        [0.0403, 0.0292, 0.0373, 0.0374, 0.0724, 0.0700, 0.0363, 0.6202, 0.0385,
         0.0184],
        [0.0588, 0.5185, 0.0395, 0.0671, 0.0570, 0.0724, 0.0484, 0.0678, 0.0363,
         0.0343],
        [0.3007, 0.0364, 0.0727, 0.0975, 0.0420, 0.0560, 0.0393, 0.0417, 0.2740,
         0.0397],
        [0.3817, 0.0522, 0.2182, 0.0582, 0.0528, 0.0493, 0.0384, 0.0656, 0.0587,
         0.0250],
        [0.0802, 0.0483, 0.0577, 0.0900, 0.0741, 0.0426, 0.0437, 0.0804, 0.4189,
         0.0641],
        [0.0320, 0.0313, 0.0558, 0.0514, 0.0376, 0.0545, 0.6404, 0.0470, 0.0263,
         0.0236],
        [0.0519, 0.0330, 0.0468, 0.0632, 0.0485, 0.0561, 0.0266, 0.0669, 0.0330,
         0.5739],
        [0.1410, 0.0453, 0.3065, 0.1574, 0.0627, 0.0590, 0.0844, 0.0630, 0.0518,
         0.0289],
        [0.0360, 0.0437, 0.0435, 0.1614, 0.0576, 0.4809, 0.0645, 0.0444, 0.0505,
         0.0175],
        [0.0260, 0.0959, 0.0573, 0.0836, 0.0952, 0.0649, 0.0515, 0.0602, 0.4043,
         0.0611],
        [0.0689, 0.5530, 0.0429, 0.0447, 0.0473, 0.0605, 0.0355, 0.0572, 0.0273,
         0.0628],
        [0.0591, 0.0448, 0.0757, 0.0816, 0.0470, 0.0813, 0.4707, 0.0749, 0.0347,
         0.0302],
        [0.0291, 0.0267, 0.0348, 0.0573, 0.0432, 0.0379, 0.6546, 0.0501, 0.0353,
         0.0310],
        [0.0545, 0.0438, 0.0470, 0.0481, 0.0369, 0.5871, 0.0372, 0.0565, 0.0547,
         0.0342],
        [0.0915, 0.0514, 0.0268, 0.5924, 0.0389, 0.0493, 0.0239, 0.0360, 0.0327,
         0.0570],
        [0.0631, 0.0469, 0.2293, 0.3848, 0.0637, 0.0560, 0.0272, 0.0419, 0.0425,
         0.0447],
        [0.0441, 0.6132, 0.0268, 0.0555, 0.0546, 0.0481, 0.0457, 0.0483, 0.0309,
         0.0326],
        [0.0417, 0.0585, 0.1134, 0.0653, 0.0773, 0.0791, 0.4337, 0.0662, 0.0364,
         0.0283],
        [0.0489, 0.0759, 0.0342, 0.0637, 0.0529, 0.0413, 0.0288, 0.5406, 0.0416,
         0.0720],
        [0.0350, 0.0344, 0.0465, 0.0648, 0.0455, 0.0591, 0.0220, 0.0476, 0.0355,
         0.6096],
        [0.0478, 0.0484, 0.1034, 0.0735, 0.4470, 0.0411, 0.0453, 0.0657, 0.0865,
         0.0413],
        [0.0547, 0.0444, 0.2783, 0.0396, 0.3208, 0.0334, 0.0499, 0.0916, 0.0434,
         0.0438],
        [0.0594, 0.0383, 0.4628, 0.1392, 0.0438, 0.0560, 0.0691, 0.0691, 0.0395,
         0.0227],
        [0.0363, 0.0352, 0.0258, 0.0483, 0.0376, 0.0387, 0.6729, 0.0515, 0.0239,
         0.0297]], device='cuda:0', grad_fn=<SoftmaxBackward>)
>> best accuracy: 76.82	best epoch: 15

>> final recovery rate: 59.871111111111105%
