noise type: uniform
noise level: 0.8
when_to_apply_epoch: 20
total clean data num: 10900
probability transition matrix:
[[0.2        0.08888889 0.08888889 0.08888889 0.08888889 0.08888889
  0.08888889 0.08888889 0.08888889 0.08888889]
 [0.08888889 0.2        0.08888889 0.08888889 0.08888889 0.08888889
  0.08888889 0.08888889 0.08888889 0.08888889]
 [0.08888889 0.08888889 0.2        0.08888889 0.08888889 0.08888889
  0.08888889 0.08888889 0.08888889 0.08888889]
 [0.08888889 0.08888889 0.08888889 0.2        0.08888889 0.08888889
  0.08888889 0.08888889 0.08888889 0.08888889]
 [0.08888889 0.08888889 0.08888889 0.08888889 0.2        0.08888889
  0.08888889 0.08888889 0.08888889 0.08888889]
 [0.08888889 0.08888889 0.08888889 0.08888889 0.08888889 0.2
  0.08888889 0.08888889 0.08888889 0.08888889]
 [0.08888889 0.08888889 0.08888889 0.08888889 0.08888889 0.08888889
  0.2        0.08888889 0.08888889 0.08888889]
 [0.08888889 0.08888889 0.08888889 0.08888889 0.08888889 0.08888889
  0.08888889 0.2        0.08888889 0.08888889]
 [0.08888889 0.08888889 0.08888889 0.08888889 0.08888889 0.08888889
  0.08888889 0.08888889 0.2        0.08888889]
 [0.08888889 0.08888889 0.08888889 0.08888889 0.08888889 0.08888889
  0.08888889 0.08888889 0.08888889 0.2       ]]
>> val epoch: 0
>> current accuracy: 31.933333333333337%
outputs: tensor([[0.1098, 0.1150, 0.0962, 0.0942, 0.0905, 0.1032, 0.0888, 0.1012, 0.1054,
         0.0956],
        [0.0961, 0.1059, 0.0915, 0.0853, 0.0981, 0.0996, 0.1049, 0.1242, 0.1009,
         0.0936],
        [0.0957, 0.1025, 0.1100, 0.0985, 0.0994, 0.1007, 0.0912, 0.0949, 0.1034,
         0.1037],
        [0.0955, 0.1054, 0.0945, 0.1029, 0.1034, 0.1052, 0.0955, 0.0885, 0.1044,
         0.1046],
        [0.0964, 0.1048, 0.0899, 0.0914, 0.0948, 0.1049, 0.0989, 0.1201, 0.1045,
         0.0943],
        [0.0985, 0.1892, 0.0800, 0.0911, 0.0834, 0.1198, 0.0797, 0.0729, 0.1034,
         0.0820],
        [0.0957, 0.1083, 0.0936, 0.1023, 0.1039, 0.1060, 0.0945, 0.0873, 0.1048,
         0.1036],
        [0.0950, 0.0938, 0.0943, 0.1191, 0.0975, 0.1093, 0.0827, 0.1013, 0.1070,
         0.1001],
        [0.0949, 0.1008, 0.1061, 0.1014, 0.1001, 0.1023, 0.0898, 0.0966, 0.1043,
         0.1038],
        [0.0949, 0.0941, 0.0947, 0.1179, 0.0976, 0.1090, 0.0831, 0.1011, 0.1072,
         0.1003],
        [0.0950, 0.0953, 0.0959, 0.1141, 0.0981, 0.1078, 0.0844, 0.1003, 0.1078,
         0.1013],
        [0.0952, 0.0975, 0.0997, 0.1095, 0.0984, 0.1058, 0.0861, 0.0992, 0.1064,
         0.1022],
        [0.0951, 0.0941, 0.0949, 0.1184, 0.0976, 0.1093, 0.0829, 0.1009, 0.1066,
         0.1003],
        [0.0952, 0.0967, 0.0981, 0.1119, 0.0982, 0.1068, 0.0852, 0.0997, 0.1066,
         0.1017],
        [0.0952, 0.0966, 0.0988, 0.1119, 0.0981, 0.1066, 0.0852, 0.0996, 0.1067,
         0.1015],
        [0.0954, 0.1032, 0.1000, 0.1015, 0.1019, 0.1038, 0.0934, 0.0916, 0.1047,
         0.1046],
        [0.0982, 0.1204, 0.0828, 0.1061, 0.1010, 0.1102, 0.0977, 0.0810, 0.1031,
         0.0996],
        [0.0955, 0.0984, 0.1015, 0.1071, 0.0986, 0.1048, 0.0872, 0.0981, 0.1061,
         0.1027],
        [0.0949, 0.0941, 0.0946, 0.1182, 0.0976, 0.1090, 0.0830, 0.1012, 0.1072,
         0.1003],
        [0.1070, 0.1239, 0.0816, 0.1043, 0.0931, 0.1111, 0.0971, 0.0851, 0.1028,
         0.0940],
        [0.1208, 0.1247, 0.0710, 0.1065, 0.0887, 0.1107, 0.1052, 0.0847, 0.0997,
         0.0880],
        [0.0949, 0.0957, 0.0965, 0.1135, 0.0982, 0.1075, 0.0845, 0.1005, 0.1073,
         0.1014],
        [0.0953, 0.1025, 0.1106, 0.0980, 0.1000, 0.1003, 0.0914, 0.0950, 0.1030,
         0.1038],
        [0.0949, 0.0949, 0.0953, 0.1158, 0.0979, 0.1082, 0.0837, 0.1010, 0.1076,
         0.1008],
        [0.1055, 0.1236, 0.0890, 0.0881, 0.0864, 0.1079, 0.0927, 0.1146, 0.1055,
         0.0867],
        [0.0950, 0.0950, 0.0955, 0.1155, 0.0979, 0.1082, 0.0839, 0.1007, 0.1074,
         0.1009],
        [0.0956, 0.1016, 0.1082, 0.0997, 0.0996, 0.1013, 0.0908, 0.0955, 0.1038,
         0.1038],
        [0.0992, 0.1131, 0.1047, 0.0949, 0.0951, 0.1031, 0.0894, 0.0973, 0.1042,
         0.0991],
        [0.1178, 0.1148, 0.0897, 0.0943, 0.0858, 0.1044, 0.0911, 0.1070, 0.1049,
         0.0902],
        [0.0949, 0.0988, 0.1014, 0.1049, 0.0998, 0.1046, 0.0882, 0.0977, 0.1062,
         0.1035],
        [0.0949, 0.1000, 0.1043, 0.1030, 0.0997, 0.1031, 0.0891, 0.0972, 0.1050,
         0.1036],
        [0.0970, 0.1124, 0.0874, 0.1068, 0.1004, 0.1096, 0.0953, 0.0857, 0.1043,
         0.1011],
        [0.0992, 0.2198, 0.0735, 0.0873, 0.0778, 0.1222, 0.0772, 0.0672, 0.1005,
         0.0752],
        [0.0989, 0.2279, 0.0716, 0.0866, 0.0771, 0.1228, 0.0769, 0.0648, 0.0995,
         0.0739],
        [0.0950, 0.0983, 0.1007, 0.1068, 0.0991, 0.1050, 0.0872, 0.0987, 0.1062,
         0.1030],
        [0.0949, 0.0944, 0.0949, 0.1170, 0.0978, 0.1086, 0.0833, 0.1011, 0.1074,
         0.1006],
        [0.0950, 0.0939, 0.0946, 0.1185, 0.0975, 0.1092, 0.0829, 0.1011, 0.1070,
         0.1002],
        [0.0958, 0.1000, 0.1046, 0.1044, 0.0987, 0.1038, 0.0883, 0.0971, 0.1045,
         0.1029],
        [0.1244, 0.1191, 0.0859, 0.0922, 0.0820, 0.1051, 0.0919, 0.1098, 0.1044,
         0.0852],
        [0.0921, 0.1301, 0.0728, 0.0605, 0.0857, 0.0962, 0.1237, 0.1804, 0.0895,
         0.0691],
        [0.0948, 0.0982, 0.0991, 0.1084, 0.0987, 0.1060, 0.0863, 0.0990, 0.1069,
         0.1025],
        [0.0951, 0.0997, 0.1041, 0.1034, 0.0995, 0.1032, 0.0890, 0.0972, 0.1053,
         0.1035],
        [0.0956, 0.1052, 0.1001, 0.1017, 0.0978, 0.1046, 0.0879, 0.0987, 0.1063,
         0.1022],
        [0.0979, 0.1418, 0.0824, 0.1012, 0.0956, 0.1142, 0.0916, 0.0777, 0.1036,
         0.0940],
        [0.0993, 0.1806, 0.0802, 0.0929, 0.0851, 0.1188, 0.0824, 0.0744, 0.1029,
         0.0833],
        [0.0966, 0.1012, 0.0969, 0.1026, 0.1002, 0.1052, 0.0898, 0.0960, 0.1077,
         0.1039],
        [0.0928, 0.1379, 0.0764, 0.0653, 0.0842, 0.1012, 0.1119, 0.1645, 0.0952,
         0.0706],
        [0.0949, 0.0938, 0.0944, 0.1190, 0.0975, 0.1093, 0.0827, 0.1012, 0.1071,
         0.1001]], device='cuda:0', grad_fn=<SoftmaxBackward>)
>> best accuracy: 31.933333333333337	best epoch: 0

>> final recovery rate: 20.185185185185187%
>> val epoch: 5
>> current accuracy: 81.98333333333333%
outputs: tensor([[0.0690, 0.0885, 0.1161, 0.0930, 0.0932, 0.0881, 0.0817, 0.0852, 0.1959,
         0.0893],
        [0.1961, 0.1118, 0.0778, 0.0704, 0.1180, 0.0898, 0.0854, 0.0919, 0.0700,
         0.0887],
        [0.2046, 0.1116, 0.0751, 0.0653, 0.1228, 0.0885, 0.0866, 0.0914, 0.0698,
         0.0842],
        [0.0951, 0.0967, 0.1908, 0.0736, 0.0917, 0.0729, 0.0772, 0.0964, 0.0949,
         0.1108],
        [0.0746, 0.2519, 0.1020, 0.0793, 0.0983, 0.0715, 0.0801, 0.0834, 0.0743,
         0.0846],
        [0.1899, 0.1017, 0.0771, 0.0725, 0.1226, 0.0932, 0.0875, 0.0938, 0.0731,
         0.0887],
        [0.0963, 0.0901, 0.1066, 0.0975, 0.1031, 0.1091, 0.0872, 0.1174, 0.0943,
         0.0984],
        [0.0821, 0.2050, 0.1001, 0.0883, 0.1058, 0.0803, 0.0851, 0.0869, 0.0770,
         0.0893],
        [0.0796, 0.0835, 0.0897, 0.0863, 0.1219, 0.1127, 0.0873, 0.0869, 0.0809,
         0.1711],
        [0.2143, 0.1084, 0.0728, 0.0640, 0.1254, 0.0881, 0.0861, 0.0897, 0.0689,
         0.0823],
        [0.1081, 0.0986, 0.0792, 0.0853, 0.1015, 0.0981, 0.1650, 0.0881, 0.0776,
         0.0984],
        [0.0773, 0.1055, 0.0985, 0.0928, 0.0982, 0.0818, 0.0858, 0.1810, 0.0862,
         0.0929],
        [0.0805, 0.0964, 0.1027, 0.0832, 0.1079, 0.0954, 0.0902, 0.0830, 0.1698,
         0.0909],
        [0.0875, 0.0977, 0.1121, 0.1351, 0.0920, 0.0998, 0.0818, 0.0937, 0.1041,
         0.0962],
        [0.0867, 0.0950, 0.1097, 0.1055, 0.0931, 0.0929, 0.0877, 0.1232, 0.0881,
         0.1181],
        [0.1144, 0.0987, 0.0790, 0.0646, 0.2019, 0.0931, 0.0945, 0.0791, 0.0739,
         0.1008],
        [0.1988, 0.1018, 0.0761, 0.0708, 0.1217, 0.0921, 0.0847, 0.0920, 0.0727,
         0.0892],
        [0.0845, 0.0850, 0.0995, 0.0907, 0.1113, 0.1201, 0.0855, 0.0975, 0.0912,
         0.1347],
        [0.0855, 0.0907, 0.0953, 0.1111, 0.1020, 0.1520, 0.0826, 0.0870, 0.0966,
         0.0971],
        [0.1097, 0.0982, 0.0787, 0.0825, 0.1258, 0.0961, 0.1511, 0.0901, 0.0731,
         0.0947],
        [0.1025, 0.1165, 0.1291, 0.0741, 0.1106, 0.0810, 0.1071, 0.0875, 0.0936,
         0.0980],
        [0.1798, 0.1131, 0.0771, 0.0735, 0.1319, 0.0913, 0.0883, 0.0854, 0.0724,
         0.0874],
        [0.0889, 0.0976, 0.1017, 0.1455, 0.0901, 0.1125, 0.0826, 0.0937, 0.0925,
         0.0949],
        [0.0813, 0.0868, 0.0886, 0.0961, 0.1086, 0.1747, 0.0860, 0.0849, 0.0978,
         0.0950],
        [0.0814, 0.0931, 0.0947, 0.0773, 0.1003, 0.0980, 0.1139, 0.0855, 0.1648,
         0.0910],
        [0.1130, 0.1091, 0.0909, 0.0885, 0.1239, 0.0883, 0.1270, 0.0870, 0.0805,
         0.0920],
        [0.0774, 0.0849, 0.0905, 0.0829, 0.1137, 0.1076, 0.0887, 0.0889, 0.0800,
         0.1854],
        [0.0901, 0.0917, 0.0785, 0.0649, 0.2284, 0.0976, 0.0936, 0.0802, 0.0729,
         0.1019],
        [0.0885, 0.0974, 0.1014, 0.1445, 0.0896, 0.1162, 0.0825, 0.0936, 0.0920,
         0.0944],
        [0.0779, 0.0975, 0.0965, 0.0913, 0.0997, 0.0825, 0.0861, 0.1893, 0.0877,
         0.0915],
        [0.0802, 0.1032, 0.0984, 0.0925, 0.1000, 0.0856, 0.0864, 0.1691, 0.0901,
         0.0944],
        [0.1088, 0.1045, 0.0838, 0.0888, 0.1097, 0.0900, 0.1568, 0.0871, 0.0749,
         0.0956],
        [0.0791, 0.2420, 0.0995, 0.0766, 0.1062, 0.0716, 0.0867, 0.0810, 0.0733,
         0.0841],
        [0.0791, 0.0813, 0.0899, 0.0840, 0.1067, 0.1043, 0.0935, 0.0885, 0.0807,
         0.1920],
        [0.0839, 0.2004, 0.0983, 0.0875, 0.1087, 0.0808, 0.0875, 0.0868, 0.0765,
         0.0896],
        [0.1061, 0.0973, 0.0860, 0.0931, 0.1254, 0.1043, 0.1125, 0.0920, 0.0888,
         0.0944],
        [0.1177, 0.1047, 0.0797, 0.0787, 0.1167, 0.0847, 0.1668, 0.0843, 0.0714,
         0.0951],
        [0.1027, 0.0949, 0.0805, 0.0843, 0.1388, 0.0983, 0.1384, 0.0851, 0.0742,
         0.1029],
        [0.0760, 0.2561, 0.0999, 0.0743, 0.1043, 0.0695, 0.0835, 0.0810, 0.0726,
         0.0828],
        [0.0786, 0.1124, 0.1010, 0.0998, 0.0961, 0.0842, 0.0852, 0.1619, 0.0859,
         0.0950],
        [0.0869, 0.0957, 0.2053, 0.0632, 0.0966, 0.0677, 0.0710, 0.0869, 0.1166,
         0.1102],
        [0.0786, 0.0936, 0.0973, 0.0773, 0.1025, 0.0955, 0.1058, 0.0834, 0.1759,
         0.0900],
        [0.1870, 0.1249, 0.0790, 0.0756, 0.1194, 0.0873, 0.0886, 0.0852, 0.0696,
         0.0832],
        [0.1648, 0.1040, 0.0787, 0.0776, 0.1236, 0.0996, 0.0937, 0.0913, 0.0789,
         0.0877],
        [0.0715, 0.1092, 0.0972, 0.0794, 0.1009, 0.0746, 0.0846, 0.2088, 0.0874,
         0.0865],
        [0.0858, 0.0858, 0.0961, 0.1084, 0.0956, 0.0932, 0.0865, 0.1592, 0.0892,
         0.1001],
        [0.0821, 0.0857, 0.2130, 0.0678, 0.0884, 0.0723, 0.0709, 0.1033, 0.1095,
         0.1070],
        [0.0894, 0.0981, 0.1149, 0.1356, 0.0924, 0.1015, 0.0813, 0.0937, 0.0937,
         0.0994]], device='cuda:0', grad_fn=<SoftmaxBackward>)
>> best accuracy: 81.98333333333333	best epoch: 5

>> final recovery rate: 20.185185185185187%
>> val epoch: 10
>> current accuracy: 94.33333333333334%
outputs: tensor([[0.0827, 0.0885, 0.0909, 0.0894, 0.0990, 0.0973, 0.0900, 0.0850, 0.0912,
         0.1860],
        [0.0860, 0.2772, 0.0699, 0.0743, 0.0931, 0.0751, 0.0809, 0.0825, 0.0769,
         0.0841],
        [0.1033, 0.0755, 0.0828, 0.0902, 0.2189, 0.0894, 0.0955, 0.0905, 0.0746,
         0.0794],
        [0.0938, 0.0781, 0.0898, 0.1004, 0.1917, 0.0961, 0.0959, 0.0903, 0.0801,
         0.0838],
        [0.0854, 0.0850, 0.0900, 0.0891, 0.1016, 0.0955, 0.0926, 0.0947, 0.0924,
         0.1736],
        [0.0819, 0.0989, 0.0942, 0.0963, 0.0943, 0.1192, 0.1039, 0.0936, 0.1226,
         0.0952],
        [0.0820, 0.0830, 0.0808, 0.0850, 0.0886, 0.0828, 0.2227, 0.0982, 0.0910,
         0.0860],
        [0.0798, 0.0899, 0.0920, 0.0959, 0.0939, 0.1275, 0.1137, 0.1025, 0.1139,
         0.0909],
        [0.0575, 0.0904, 0.0995, 0.0839, 0.0916, 0.0886, 0.0872, 0.0845, 0.2255,
         0.0913],
        [0.0781, 0.0841, 0.0838, 0.0824, 0.0894, 0.0857, 0.2012, 0.0991, 0.1092,
         0.0871],
        [0.1077, 0.0738, 0.0862, 0.0930, 0.2126, 0.0921, 0.0945, 0.0872, 0.0738,
         0.0792],
        [0.0820, 0.0838, 0.0905, 0.0879, 0.0967, 0.0990, 0.0922, 0.0785, 0.0926,
         0.1968],
        [0.0840, 0.0850, 0.0935, 0.0948, 0.0964, 0.0880, 0.0850, 0.1796, 0.0905,
         0.1033],
        [0.0837, 0.0832, 0.2532, 0.0856, 0.0848, 0.0761, 0.0753, 0.0861, 0.0781,
         0.0938],
        [0.0955, 0.1132, 0.0891, 0.1076, 0.1365, 0.0962, 0.0969, 0.0899, 0.0881,
         0.0869],
        [0.1703, 0.0933, 0.0953, 0.1096, 0.0884, 0.0942, 0.0889, 0.0919, 0.0825,
         0.0855],
        [0.0985, 0.1251, 0.1126, 0.1022, 0.0841, 0.0925, 0.0881, 0.0996, 0.0921,
         0.1051],
        [0.0781, 0.0922, 0.0876, 0.0803, 0.0886, 0.0940, 0.0879, 0.0807, 0.0897,
         0.2208],
        [0.0863, 0.2628, 0.0726, 0.0783, 0.0874, 0.0779, 0.0788, 0.0854, 0.0799,
         0.0906],
        [0.0745, 0.0979, 0.0866, 0.0770, 0.0809, 0.0821, 0.0831, 0.2453, 0.0785,
         0.0942],
        [0.0791, 0.0862, 0.0824, 0.0810, 0.0901, 0.0842, 0.2109, 0.0974, 0.1030,
         0.0856],
        [0.0830, 0.0878, 0.0845, 0.0882, 0.0962, 0.0874, 0.1891, 0.0963, 0.0993,
         0.0883],
        [0.0925, 0.0916, 0.2187, 0.0840, 0.0904, 0.0827, 0.0846, 0.0855, 0.0780,
         0.0920],
        [0.0781, 0.0936, 0.0905, 0.0855, 0.0812, 0.0819, 0.0799, 0.2149, 0.0887,
         0.1054],
        [0.0765, 0.0904, 0.1009, 0.0896, 0.0868, 0.1919, 0.0845, 0.1023, 0.0833,
         0.0938],
        [0.0744, 0.0783, 0.0915, 0.0778, 0.0766, 0.0758, 0.0800, 0.2658, 0.0842,
         0.0956],
        [0.1730, 0.0948, 0.0943, 0.1110, 0.0845, 0.0942, 0.0850, 0.0886, 0.0834,
         0.0913],
        [0.0841, 0.0876, 0.0866, 0.0902, 0.1026, 0.0906, 0.1716, 0.0971, 0.1025,
         0.0872],
        [0.0744, 0.0901, 0.0977, 0.1006, 0.0849, 0.1886, 0.0849, 0.1000, 0.0847,
         0.0942],
        [0.0789, 0.0842, 0.0836, 0.0834, 0.0876, 0.0976, 0.1926, 0.1020, 0.1019,
         0.0883],
        [0.0753, 0.0919, 0.0977, 0.1010, 0.0835, 0.1872, 0.0847, 0.1002, 0.0850,
         0.0935],
        [0.0918, 0.0779, 0.0949, 0.1008, 0.1012, 0.1003, 0.0985, 0.0760, 0.0928,
         0.1657],
        [0.0772, 0.0873, 0.0946, 0.1332, 0.0854, 0.1576, 0.0840, 0.0964, 0.0910,
         0.0933],
        [0.0821, 0.0815, 0.0951, 0.2201, 0.0835, 0.0853, 0.0825, 0.0861, 0.0960,
         0.0879],
        [0.0626, 0.0901, 0.0993, 0.0881, 0.0969, 0.0892, 0.0908, 0.0876, 0.2054,
         0.0900],
        [0.0657, 0.0964, 0.0937, 0.0856, 0.0973, 0.1371, 0.0884, 0.0928, 0.1493,
         0.0938],
        [0.0823, 0.0852, 0.0832, 0.0864, 0.0945, 0.0834, 0.2047, 0.0980, 0.0976,
         0.0847],
        [0.0561, 0.0859, 0.1003, 0.0808, 0.0911, 0.0856, 0.0876, 0.0938, 0.2290,
         0.0899],
        [0.0939, 0.0932, 0.0804, 0.0791, 0.2040, 0.0866, 0.0947, 0.1112, 0.0731,
         0.0837],
        [0.0841, 0.0840, 0.0867, 0.2141, 0.0849, 0.0897, 0.0850, 0.0846, 0.0985,
         0.0884],
        [0.0927, 0.2400, 0.0732, 0.0777, 0.1040, 0.0779, 0.0902, 0.0850, 0.0781,
         0.0812],
        [0.0811, 0.0868, 0.0802, 0.0803, 0.0887, 0.0819, 0.2241, 0.0954, 0.0956,
         0.0858],
        [0.0820, 0.0904, 0.0937, 0.1044, 0.0926, 0.1267, 0.1079, 0.1017, 0.1084,
         0.0921],
        [0.0782, 0.0922, 0.0938, 0.1042, 0.0929, 0.1523, 0.0943, 0.0998, 0.0977,
         0.0944],
        [0.1798, 0.1000, 0.0912, 0.1064, 0.0905, 0.0905, 0.0875, 0.0862, 0.0798,
         0.0879],
        [0.0804, 0.0773, 0.0909, 0.2306, 0.0827, 0.0847, 0.0815, 0.0898, 0.0958,
         0.0862],
        [0.0869, 0.0805, 0.0962, 0.0963, 0.0949, 0.1064, 0.0934, 0.0967, 0.1025,
         0.1463],
        [0.0914, 0.2367, 0.0744, 0.0797, 0.1001, 0.0792, 0.0877, 0.0865, 0.0796,
         0.0847]], device='cuda:0', grad_fn=<SoftmaxBackward>)
>> best accuracy: 94.33333333333334	best epoch: 10

>> final recovery rate: 20.185185185185187%
>> val epoch: 15
>> current accuracy: 91.98333333333333%
outputs: tensor([[0.1027, 0.1073, 0.0830, 0.0982, 0.1179, 0.0992, 0.0938, 0.0925, 0.0982,
         0.1071],
        [0.0815, 0.0913, 0.2419, 0.0710, 0.0781, 0.0670, 0.0795, 0.1202, 0.0703,
         0.0992],
        [0.0979, 0.1759, 0.0861, 0.0991, 0.0966, 0.0914, 0.0945, 0.0787, 0.0900,
         0.0899],
        [0.0926, 0.0831, 0.0932, 0.0947, 0.0972, 0.0934, 0.1028, 0.0752, 0.0866,
         0.1813],
        [0.0953, 0.1051, 0.0910, 0.1036, 0.1435, 0.0992, 0.0960, 0.0819, 0.0911,
         0.0933],
        [0.0881, 0.0975, 0.0791, 0.1027, 0.0819, 0.1865, 0.0913, 0.0987, 0.0869,
         0.0874],
        [0.1009, 0.0972, 0.0998, 0.1496, 0.0867, 0.0938, 0.0929, 0.0876, 0.0940,
         0.0974],
        [0.0835, 0.0859, 0.0907, 0.0786, 0.0879, 0.0815, 0.0993, 0.0967, 0.0863,
         0.2096],
        [0.0983, 0.1004, 0.0947, 0.0963, 0.0923, 0.1378, 0.0964, 0.0960, 0.0903,
         0.0974],
        [0.0815, 0.0858, 0.0868, 0.0793, 0.0907, 0.0900, 0.0851, 0.0804, 0.2269,
         0.0937],
        [0.1012, 0.0930, 0.0836, 0.1672, 0.0858, 0.0952, 0.0927, 0.0893, 0.0973,
         0.0946],
        [0.0908, 0.0991, 0.0813, 0.0939, 0.0829, 0.1762, 0.0923, 0.0962, 0.0952,
         0.0921],
        [0.0970, 0.0943, 0.1904, 0.0812, 0.0798, 0.0762, 0.0857, 0.1182, 0.0776,
         0.0996],
        [0.0974, 0.0823, 0.0920, 0.1021, 0.1495, 0.0990, 0.0963, 0.0879, 0.0897,
         0.1038],
        [0.1017, 0.1175, 0.0876, 0.1076, 0.0923, 0.1061, 0.0962, 0.0884, 0.1026,
         0.0999],
        [0.0964, 0.1018, 0.0785, 0.1043, 0.0809, 0.0886, 0.1712, 0.0967, 0.0866,
         0.0949],
        [0.0960, 0.1021, 0.2027, 0.0847, 0.0822, 0.0791, 0.0877, 0.0851, 0.0734,
         0.1070],
        [0.0979, 0.1075, 0.0795, 0.1036, 0.0892, 0.0890, 0.1589, 0.0942, 0.0873,
         0.0929],
        [0.1688, 0.1002, 0.0892, 0.1002, 0.0845, 0.1005, 0.0925, 0.0822, 0.0823,
         0.0997],
        [0.0885, 0.1014, 0.1176, 0.0853, 0.0787, 0.0770, 0.0877, 0.1779, 0.0886,
         0.0972],
        [0.0941, 0.2018, 0.0844, 0.0928, 0.0954, 0.0872, 0.0912, 0.0783, 0.0889,
         0.0860],
        [0.0980, 0.1232, 0.0822, 0.0956, 0.1347, 0.0911, 0.0991, 0.0942, 0.0924,
         0.0895],
        [0.0979, 0.0952, 0.0737, 0.0939, 0.0792, 0.0862, 0.1934, 0.0997, 0.0852,
         0.0955],
        [0.0985, 0.0879, 0.0852, 0.1034, 0.0877, 0.0894, 0.1051, 0.0987, 0.0887,
         0.1552],
        [0.0923, 0.0905, 0.1090, 0.0869, 0.0990, 0.0893, 0.0979, 0.0849, 0.0846,
         0.1656],
        [0.1020, 0.1555, 0.0879, 0.1025, 0.0934, 0.0946, 0.0952, 0.0820, 0.0907,
         0.0962],
        [0.0982, 0.1031, 0.0815, 0.1083, 0.0835, 0.0914, 0.1560, 0.0942, 0.0876,
         0.0963],
        [0.1002, 0.0900, 0.0831, 0.1712, 0.0845, 0.0936, 0.0921, 0.0939, 0.0978,
         0.0936],
        [0.1013, 0.0967, 0.0855, 0.1502, 0.0875, 0.1024, 0.0949, 0.0894, 0.0962,
         0.0959],
        [0.0917, 0.0976, 0.0821, 0.1119, 0.0847, 0.1550, 0.0927, 0.0961, 0.0975,
         0.0909],
        [0.0850, 0.0803, 0.0841, 0.0809, 0.0790, 0.0715, 0.0909, 0.2512, 0.0902,
         0.0868],
        [0.1516, 0.1034, 0.0892, 0.0993, 0.0841, 0.1058, 0.0931, 0.0805, 0.0877,
         0.1054],
        [0.0928, 0.2137, 0.0831, 0.0890, 0.0945, 0.0849, 0.0895, 0.0792, 0.0887,
         0.0846],
        [0.0870, 0.0852, 0.0874, 0.0850, 0.0899, 0.0914, 0.0890, 0.0918, 0.1961,
         0.0972],
        [0.1480, 0.1033, 0.0882, 0.1020, 0.0944, 0.0970, 0.0997, 0.0841, 0.0825,
         0.1008],
        [0.1211, 0.0916, 0.1148, 0.0981, 0.0833, 0.1021, 0.0942, 0.1155, 0.0871,
         0.0923],
        [0.0963, 0.0977, 0.1793, 0.0909, 0.0801, 0.0825, 0.0914, 0.0958, 0.0790,
         0.1068],
        [0.0693, 0.0701, 0.1215, 0.0550, 0.0748, 0.0736, 0.0762, 0.1213, 0.2475,
         0.0907],
        [0.0957, 0.0868, 0.0932, 0.1008, 0.0931, 0.0955, 0.1037, 0.0767, 0.0884,
         0.1661],
        [0.0995, 0.0986, 0.1207, 0.1264, 0.0864, 0.0914, 0.0937, 0.0926, 0.0905,
         0.1002],
        [0.1341, 0.1019, 0.0889, 0.1076, 0.0936, 0.0983, 0.1003, 0.0882, 0.0865,
         0.1006],
        [0.0774, 0.0793, 0.0826, 0.0727, 0.0682, 0.0643, 0.0844, 0.3019, 0.0882,
         0.0812],
        [0.0806, 0.0852, 0.2402, 0.0729, 0.0743, 0.0666, 0.0817, 0.1254, 0.0763,
         0.0967],
        [0.0945, 0.0971, 0.0828, 0.1296, 0.0860, 0.1394, 0.0941, 0.0959, 0.0898,
         0.0909],
        [0.1776, 0.1007, 0.0877, 0.0938, 0.0822, 0.1038, 0.0904, 0.0795, 0.0843,
         0.1000],
        [0.0968, 0.1010, 0.0904, 0.0982, 0.1499, 0.0958, 0.0972, 0.0886, 0.0882,
         0.0938],
        [0.0966, 0.1810, 0.0856, 0.0973, 0.0954, 0.0908, 0.0929, 0.0801, 0.0907,
         0.0896],
        [0.0872, 0.0952, 0.0865, 0.0786, 0.0866, 0.0809, 0.0974, 0.0970, 0.0869,
         0.2036]], device='cuda:0', grad_fn=<SoftmaxBackward>)
>> best accuracy: 94.33333333333334	best epoch: 10

>> final recovery rate: 20.185185185185187%
>> val epoch: 20
>> current accuracy: 90.18333333333334%
outputs: tensor([[0.0936, 0.0832, 0.0891, 0.1012, 0.0831, 0.0888, 0.1869, 0.0944, 0.0829,
         0.0967],
        [0.0998, 0.0798, 0.0773, 0.0856, 0.2044, 0.0806, 0.1079, 0.0870, 0.0886,
         0.0891],
        [0.2529, 0.0909, 0.0848, 0.0866, 0.0801, 0.0981, 0.0781, 0.0778, 0.0665,
         0.0842],
        [0.0947, 0.1033, 0.0781, 0.0909, 0.1635, 0.0878, 0.0936, 0.1003, 0.0923,
         0.0956],
        [0.0824, 0.0860, 0.0917, 0.0999, 0.0937, 0.0782, 0.0893, 0.0837, 0.2134,
         0.0816],
        [0.1068, 0.0758, 0.1016, 0.1002, 0.1644, 0.0953, 0.0983, 0.0833, 0.0817,
         0.0928],
        [0.0935, 0.0804, 0.0881, 0.0815, 0.0770, 0.0964, 0.2142, 0.0919, 0.0817,
         0.0953],
        [0.0994, 0.0871, 0.0817, 0.1704, 0.0952, 0.0911, 0.0907, 0.0827, 0.1035,
         0.0981],
        [0.0891, 0.1702, 0.0942, 0.1028, 0.0927, 0.0944, 0.0896, 0.0883, 0.0883,
         0.0905],
        [0.0807, 0.0977, 0.0951, 0.0866, 0.1041, 0.0782, 0.1027, 0.0819, 0.1959,
         0.0772],
        [0.0816, 0.0997, 0.1168, 0.1080, 0.0805, 0.1713, 0.0869, 0.0915, 0.0792,
         0.0844],
        [0.2130, 0.0930, 0.0869, 0.0832, 0.0826, 0.1110, 0.0794, 0.0869, 0.0771,
         0.0867],
        [0.0940, 0.0909, 0.1011, 0.1019, 0.0870, 0.0915, 0.0935, 0.1656, 0.0809,
         0.0936],
        [0.0866, 0.0751, 0.0868, 0.0896, 0.0760, 0.0813, 0.2526, 0.0896, 0.0734,
         0.0890],
        [0.1109, 0.0934, 0.1068, 0.1002, 0.1147, 0.1137, 0.0838, 0.0627, 0.0879,
         0.1259],
        [0.0996, 0.1457, 0.0815, 0.0981, 0.1010, 0.0913, 0.0918, 0.0959, 0.0940,
         0.1011],
        [0.0715, 0.0775, 0.2431, 0.1069, 0.0774, 0.0697, 0.0798, 0.1063, 0.0641,
         0.1037],
        [0.0662, 0.0660, 0.0921, 0.0811, 0.0959, 0.0848, 0.0911, 0.1338, 0.2127,
         0.0764],
        [0.0936, 0.0803, 0.0805, 0.0919, 0.0867, 0.0833, 0.2199, 0.0891, 0.0788,
         0.0959],
        [0.1784, 0.1001, 0.0977, 0.0983, 0.0771, 0.0995, 0.1019, 0.0767, 0.0745,
         0.0957],
        [0.0700, 0.0820, 0.0947, 0.0792, 0.0868, 0.0791, 0.0825, 0.0867, 0.2622,
         0.0768],
        [0.0890, 0.0885, 0.3807, 0.0487, 0.0602, 0.0338, 0.0751, 0.0711, 0.0772,
         0.0758],
        [0.0912, 0.1749, 0.0968, 0.0962, 0.0885, 0.0920, 0.0868, 0.0963, 0.0865,
         0.0907],
        [0.2583, 0.0792, 0.0851, 0.0951, 0.0871, 0.0889, 0.0870, 0.0819, 0.0611,
         0.0763],
        [0.2465, 0.1011, 0.0892, 0.0887, 0.0744, 0.0936, 0.0803, 0.0792, 0.0632,
         0.0839],
        [0.1132, 0.0743, 0.0814, 0.0989, 0.1546, 0.0907, 0.1002, 0.0947, 0.0938,
         0.0982],
        [0.1127, 0.1061, 0.0998, 0.0868, 0.1022, 0.1147, 0.0799, 0.0916, 0.1001,
         0.1061],
        [0.0796, 0.0783, 0.0786, 0.0830, 0.1036, 0.0694, 0.0858, 0.0882, 0.2540,
         0.0794],
        [0.1135, 0.1085, 0.2058, 0.0890, 0.0815, 0.0760, 0.0976, 0.0581, 0.0576,
         0.1123],
        [0.0854, 0.0856, 0.2293, 0.1027, 0.0857, 0.0688, 0.0913, 0.0769, 0.0625,
         0.1119],
        [0.1010, 0.0941, 0.0987, 0.0923, 0.0839, 0.0936, 0.0949, 0.0764, 0.0820,
         0.1833],
        [0.0916, 0.0936, 0.1000, 0.0912, 0.0856, 0.0864, 0.0890, 0.1950, 0.0760,
         0.0918],
        [0.0966, 0.1535, 0.0754, 0.0954, 0.1108, 0.0877, 0.0949, 0.0931, 0.0965,
         0.0960],
        [0.0897, 0.1797, 0.0919, 0.0961, 0.0919, 0.0911, 0.0870, 0.0936, 0.0882,
         0.0907],
        [0.1078, 0.0928, 0.0915, 0.0937, 0.1768, 0.0934, 0.0961, 0.0771, 0.0889,
         0.0819],
        [0.1052, 0.1409, 0.0899, 0.1017, 0.0908, 0.0953, 0.0900, 0.0929, 0.0893,
         0.1040],
        [0.1044, 0.0824, 0.0870, 0.0978, 0.1544, 0.0903, 0.1040, 0.0933, 0.0907,
         0.0957],
        [0.1086, 0.1021, 0.1021, 0.0900, 0.0881, 0.1116, 0.0861, 0.0780, 0.0821,
         0.1511],
        [0.2418, 0.0965, 0.0888, 0.0917, 0.0761, 0.0951, 0.0809, 0.0791, 0.0643,
         0.0858],
        [0.1005, 0.1119, 0.1469, 0.1128, 0.0933, 0.0825, 0.0771, 0.0932, 0.0807,
         0.1012],
        [0.1024, 0.0895, 0.0924, 0.0853, 0.0900, 0.0989, 0.0877, 0.1712, 0.0862,
         0.0964],
        [0.0892, 0.1868, 0.0940, 0.0956, 0.0921, 0.0912, 0.0879, 0.0893, 0.0859,
         0.0881],
        [0.1015, 0.1398, 0.0805, 0.1001, 0.1027, 0.0914, 0.0956, 0.0919, 0.0948,
         0.1016],
        [0.0804, 0.0951, 0.2582, 0.1079, 0.0715, 0.0717, 0.0814, 0.0669, 0.0628,
         0.1041],
        [0.1046, 0.0953, 0.0988, 0.0880, 0.0923, 0.1011, 0.0984, 0.1451, 0.0841,
         0.0925],
        [0.1035, 0.0922, 0.0984, 0.0979, 0.0866, 0.1051, 0.1257, 0.0937, 0.0989,
         0.0979],
        [0.0878, 0.0784, 0.0854, 0.0864, 0.0778, 0.0856, 0.2454, 0.0873, 0.0752,
         0.0907],
        [0.0911, 0.0685, 0.0898, 0.0815, 0.0910, 0.0901, 0.0886, 0.2317, 0.0832,
         0.0845]], device='cuda:0', grad_fn=<SoftmaxBackward>)
>> best accuracy: 94.33333333333334	best epoch: 10

>> final recovery rate: 20.185185185185187%
>> val epoch: 25
>> current accuracy: 73.95%
outputs: tensor([[0.0910, 0.0853, 0.0897, 0.1276, 0.0768, 0.0946, 0.0991, 0.1352, 0.0928,
         0.1079],
        [0.0861, 0.0834, 0.0989, 0.1060, 0.1009, 0.1042, 0.0999, 0.0887, 0.0803,
         0.1516],
        [0.0924, 0.0742, 0.0851, 0.1176, 0.0791, 0.0777, 0.0863, 0.1469, 0.1469,
         0.0938],
        [0.0481, 0.1193, 0.5474, 0.0214, 0.0600, 0.0353, 0.0574, 0.0332, 0.0255,
         0.0525],
        [0.1754, 0.1028, 0.1769, 0.0766, 0.1068, 0.0809, 0.0568, 0.0594, 0.0678,
         0.0966],
        [0.0680, 0.0676, 0.0930, 0.1055, 0.0769, 0.0825, 0.0971, 0.2204, 0.1023,
         0.0867],
        [0.1062, 0.1126, 0.1162, 0.0853, 0.0773, 0.1168, 0.1014, 0.0934, 0.0938,
         0.0969],
        [0.1086, 0.1191, 0.1868, 0.0715, 0.1060, 0.0672, 0.0780, 0.1217, 0.0609,
         0.0801],
        [0.0842, 0.2139, 0.0883, 0.0867, 0.0940, 0.0829, 0.0886, 0.0762, 0.0905,
         0.0948],
        [0.0830, 0.1112, 0.0557, 0.0302, 0.0921, 0.4079, 0.0653, 0.0642, 0.0464,
         0.0439],
        [0.1423, 0.0629, 0.0442, 0.1706, 0.1366, 0.0592, 0.1262, 0.0825, 0.0727,
         0.1028],
        [0.0958, 0.1033, 0.1160, 0.0698, 0.0789, 0.0854, 0.1714, 0.0842, 0.0923,
         0.1031],
        [0.0937, 0.1074, 0.0903, 0.1668, 0.1149, 0.0977, 0.1084, 0.0712, 0.0721,
         0.0776],
        [0.1597, 0.0849, 0.1592, 0.0393, 0.0911, 0.0996, 0.0582, 0.1911, 0.0463,
         0.0705],
        [0.0851, 0.0853, 0.2641, 0.0657, 0.1298, 0.0547, 0.0713, 0.0747, 0.0525,
         0.1167],
        [0.0529, 0.1151, 0.1267, 0.0670, 0.1003, 0.1777, 0.0747, 0.1073, 0.1092,
         0.0691],
        [0.1533, 0.1200, 0.0697, 0.0997, 0.0973, 0.0909, 0.0615, 0.1330, 0.0881,
         0.0865],
        [0.0779, 0.0812, 0.0798, 0.0984, 0.1284, 0.0814, 0.2223, 0.0718, 0.0685,
         0.0902],
        [0.0661, 0.0799, 0.0584, 0.0604, 0.1740, 0.2748, 0.1039, 0.0849, 0.0489,
         0.0487],
        [0.0655, 0.0842, 0.0846, 0.0611, 0.0765, 0.0785, 0.0784, 0.3087, 0.0853,
         0.0773],
        [0.1552, 0.1097, 0.0656, 0.0961, 0.0918, 0.0889, 0.0961, 0.1065, 0.0872,
         0.1029],
        [0.1127, 0.1013, 0.1244, 0.0689, 0.0995, 0.1422, 0.0679, 0.0716, 0.0896,
         0.1219],
        [0.0848, 0.1059, 0.1468, 0.1816, 0.0685, 0.0764, 0.0855, 0.0758, 0.0729,
         0.1018],
        [0.1256, 0.1422, 0.2391, 0.0411, 0.0724, 0.0741, 0.0635, 0.0806, 0.0496,
         0.1118],
        [0.0700, 0.0994, 0.0854, 0.0925, 0.1018, 0.0785, 0.0855, 0.0852, 0.2174,
         0.0844],
        [0.1183, 0.1000, 0.1330, 0.0811, 0.0789, 0.0774, 0.1005, 0.1353, 0.0645,
         0.1110],
        [0.0910, 0.0463, 0.0711, 0.0690, 0.1060, 0.0875, 0.0765, 0.1696, 0.0773,
         0.2058],
        [0.0864, 0.0933, 0.0849, 0.1224, 0.0852, 0.0820, 0.1012, 0.1461, 0.0911,
         0.1073],
        [0.0885, 0.0922, 0.1536, 0.2565, 0.0602, 0.0696, 0.0666, 0.0560, 0.0792,
         0.0775],
        [0.1165, 0.0668, 0.0714, 0.0717, 0.0850, 0.0774, 0.0934, 0.2572, 0.0755,
         0.0851],
        [0.0694, 0.0672, 0.1021, 0.0931, 0.1300, 0.0857, 0.1031, 0.0969, 0.1202,
         0.1324],
        [0.1639, 0.1272, 0.0627, 0.0682, 0.1219, 0.0671, 0.1165, 0.0948, 0.1055,
         0.0723],
        [0.0943, 0.0542, 0.0595, 0.0657, 0.2477, 0.0961, 0.0865, 0.0875, 0.1117,
         0.0969],
        [0.1983, 0.1013, 0.0662, 0.0568, 0.0828, 0.1387, 0.0701, 0.0855, 0.0907,
         0.1096],
        [0.0935, 0.1016, 0.0905, 0.2142, 0.0686, 0.0898, 0.0897, 0.0733, 0.0788,
         0.1001],
        [0.1049, 0.1217, 0.1153, 0.0941, 0.0997, 0.1048, 0.0757, 0.0880, 0.0772,
         0.1187],
        [0.0775, 0.0928, 0.0723, 0.0937, 0.0921, 0.0807, 0.2432, 0.0938, 0.0680,
         0.0858],
        [0.1118, 0.0939, 0.0592, 0.2060, 0.0721, 0.0879, 0.0965, 0.0718, 0.0857,
         0.1151],
        [0.0906, 0.1705, 0.1049, 0.0393, 0.0728, 0.2242, 0.0552, 0.1024, 0.0624,
         0.0776],
        [0.0852, 0.0492, 0.0740, 0.0570, 0.0884, 0.1095, 0.0639, 0.2776, 0.1006,
         0.0945],
        [0.1398, 0.0902, 0.0671, 0.0702, 0.0844, 0.1152, 0.0897, 0.0692, 0.0900,
         0.1841],
        [0.0837, 0.1242, 0.0869, 0.1063, 0.1418, 0.0877, 0.1356, 0.0592, 0.0810,
         0.0937],
        [0.0279, 0.0490, 0.0683, 0.0485, 0.0778, 0.0341, 0.0534, 0.0881, 0.5062,
         0.0468],
        [0.2215, 0.0779, 0.0549, 0.0862, 0.1136, 0.0897, 0.0826, 0.1063, 0.0753,
         0.0919],
        [0.0895, 0.1122, 0.4508, 0.0458, 0.0813, 0.0375, 0.0613, 0.0437, 0.0306,
         0.0473],
        [0.0758, 0.0732, 0.0595, 0.0790, 0.0822, 0.0666, 0.3085, 0.1162, 0.0633,
         0.0758],
        [0.0326, 0.0850, 0.6686, 0.0283, 0.0300, 0.0138, 0.0341, 0.0307, 0.0371,
         0.0398],
        [0.0796, 0.1012, 0.0777, 0.0948, 0.0837, 0.0719, 0.2023, 0.0783, 0.1073,
         0.1031]], device='cuda:0', grad_fn=<SoftmaxBackward>)
>> best accuracy: 94.33333333333334	best epoch: 10

>> final recovery rate: 88.27222222222221%
>> val epoch: 30
>> current accuracy: 93.81666666666668%
outputs: tensor([[5.5362e-06, 1.1241e-06, 3.0873e-07, 5.4906e-08, 9.2131e-07, 5.7013e-06,
         6.1150e-08, 9.9998e-01, 4.5428e-06, 3.1886e-06],
        [5.7343e-05, 9.9935e-01, 1.0230e-05, 1.0059e-05, 1.1407e-04, 1.9002e-05,
         3.3378e-04, 5.2967e-05, 4.5833e-05, 3.2227e-06],
        [1.4878e-04, 1.1937e-06, 1.1709e-03, 8.1038e-01, 5.1780e-04, 8.2271e-04,
         6.7850e-05, 1.7678e-01, 7.6202e-03, 2.4842e-03],
        [4.5279e-05, 9.9919e-01, 2.1064e-05, 1.2433e-04, 2.2864e-04, 3.0301e-05,
         3.0471e-05, 2.1869e-04, 2.7080e-05, 8.8105e-05],
        [6.1490e-03, 1.6595e-04, 9.6419e-01, 1.7531e-04, 2.0380e-02, 4.0791e-04,
         1.5796e-04, 5.1081e-04, 7.3407e-03, 5.1988e-04],
        [9.3643e-06, 1.8562e-04, 1.5765e-05, 1.8716e-05, 9.9837e-01, 1.4606e-04,
         1.5168e-05, 2.1536e-05, 1.5947e-05, 1.2022e-03],
        [4.0459e-06, 7.2639e-07, 2.0593e-06, 3.7592e-06, 2.6595e-07, 6.0877e-07,
         1.4655e-07, 9.9998e-01, 3.3723e-06, 9.3895e-06],
        [9.9996e-01, 1.0581e-06, 1.5411e-05, 2.2252e-07, 5.1860e-07, 3.2829e-06,
         1.1664e-05, 3.1947e-06, 1.5963e-06, 2.1377e-06],
        [1.6147e-04, 6.6903e-06, 1.4122e-04, 9.0553e-05, 5.3093e-06, 9.8527e-01,
         3.9277e-04, 4.9558e-05, 1.3835e-02, 4.3200e-05],
        [3.0762e-05, 1.0782e-05, 1.1930e-04, 2.7885e-06, 6.8629e-06, 3.5499e-05,
         1.2606e-04, 1.7067e-06, 9.9967e-01, 1.2002e-06],
        [1.5490e-04, 1.2609e-05, 1.9262e-03, 9.9146e-01, 3.8099e-04, 3.5610e-03,
         6.6767e-05, 1.1571e-05, 1.6995e-03, 7.2528e-04],
        [4.3033e-07, 1.5359e-08, 1.2251e-07, 3.8242e-07, 1.5703e-07, 1.0000e+00,
         5.7435e-07, 1.0699e-06, 1.1618e-06, 5.1325e-08],
        [5.6096e-05, 3.8667e-05, 1.6160e-05, 1.6528e-06, 2.0015e-05, 1.9024e-05,
         9.9922e-01, 1.6394e-06, 6.3158e-04, 2.2950e-08],
        [1.4760e-02, 4.3409e-05, 1.0995e-04, 2.4140e-03, 1.9524e-04, 4.6744e-04,
         1.2534e-06, 2.2332e-05, 2.7342e-05, 9.8196e-01],
        [5.8909e-06, 2.5654e-06, 4.9033e-05, 4.0062e-04, 6.5008e-04, 3.1380e-05,
         9.9532e-07, 1.2475e-04, 5.2583e-06, 9.9873e-01],
        [4.1423e-07, 3.3715e-09, 4.7278e-07, 5.4728e-06, 5.5461e-05, 2.4986e-06,
         1.7946e-08, 2.9219e-07, 9.7868e-08, 9.9994e-01],
        [1.2084e-06, 1.3611e-08, 1.5054e-07, 3.1445e-07, 4.2167e-05, 1.6790e-06,
         8.0215e-09, 1.4797e-06, 1.8097e-07, 9.9995e-01],
        [4.9196e-06, 9.9993e-01, 9.3586e-07, 3.8247e-07, 1.0221e-05, 1.4518e-06,
         3.7380e-05, 1.6118e-05, 2.7449e-06, 2.9081e-07],
        [1.4508e-07, 7.3867e-08, 1.0382e-05, 3.3672e-07, 1.4250e-07, 1.5097e-06,
         6.3720e-08, 1.9458e-05, 9.9997e-01, 5.3654e-07],
        [5.0433e-07, 8.6787e-07, 3.0830e-07, 3.6074e-10, 1.8190e-07, 3.9534e-08,
         1.0000e+00, 2.2612e-09, 7.4219e-08, 1.3330e-12],
        [1.2714e-06, 6.6695e-06, 2.2092e-06, 2.9084e-06, 1.4286e-06, 9.9989e-01,
         5.5540e-05, 4.5481e-06, 3.2314e-05, 1.0923e-07],
        [1.5553e-03, 2.5201e-04, 4.9300e-04, 2.3758e-03, 2.1221e-02, 1.9351e-03,
         2.0485e-04, 6.8913e-04, 1.6000e-03, 9.6967e-01],
        [7.1146e-06, 9.9986e-01, 8.0021e-07, 4.4891e-08, 2.5777e-05, 1.0452e-06,
         7.5121e-05, 2.4988e-05, 1.7196e-06, 2.4146e-07],
        [9.9999e-01, 2.5931e-07, 2.7572e-06, 2.5768e-08, 1.5541e-07, 2.6423e-06,
         1.9368e-07, 4.8400e-07, 7.1593e-07, 1.8849e-06],
        [6.7323e-05, 4.1123e-06, 6.6446e-04, 1.6515e-02, 9.4865e-05, 7.0771e-05,
         1.3891e-05, 9.8229e-01, 1.8681e-04, 9.7445e-05],
        [4.7632e-03, 2.1267e-05, 9.9474e-01, 7.9654e-05, 4.8916e-05, 6.0883e-05,
         8.6768e-06, 1.0470e-04, 1.6021e-04, 1.4133e-05],
        [1.9721e-05, 2.0728e-05, 1.3908e-04, 4.3686e-05, 1.8332e-05, 6.0834e-05,
         9.1660e-05, 1.9375e-05, 9.9958e-01, 1.0658e-05],
        [2.1370e-05, 1.7975e-06, 9.9976e-01, 8.2537e-06, 1.0589e-06, 1.9060e-06,
         2.0958e-06, 3.1179e-05, 1.7259e-04, 1.8312e-06],
        [1.5003e-04, 9.9656e-01, 4.2506e-05, 8.4671e-05, 8.2330e-04, 3.3095e-04,
         1.6502e-03, 2.0565e-04, 1.3600e-04, 1.6039e-05],
        [1.1831e-03, 7.9276e-01, 4.6414e-03, 5.4137e-04, 1.4066e-03, 5.4584e-04,
         1.8993e-01, 7.0954e-04, 8.2318e-03, 5.5132e-05],
        [2.2375e-04, 2.3727e-05, 2.7040e-03, 7.8196e-04, 9.4167e-01, 1.3033e-02,
         6.4936e-04, 3.5459e-04, 2.7588e-02, 1.2968e-02],
        [2.2061e-03, 6.3577e-04, 3.1388e-02, 1.3236e-01, 1.6724e-03, 1.0104e-02,
         3.2819e-03, 5.8044e-04, 8.1069e-01, 7.0795e-03],
        [8.6200e-06, 2.0338e-07, 2.1383e-04, 9.9923e-01, 1.1113e-05, 8.4287e-05,
         1.2758e-05, 7.4115e-05, 2.7104e-04, 9.2044e-05],
        [1.0572e-05, 9.9980e-01, 2.8333e-06, 5.8107e-06, 9.5184e-05, 4.6780e-06,
         3.4034e-05, 3.1834e-05, 1.1751e-05, 4.6605e-06],
        [6.0797e-05, 9.9912e-01, 4.7723e-05, 7.8989e-05, 2.2239e-04, 4.4038e-05,
         1.0215e-04, 2.0276e-04, 4.2514e-05, 7.6121e-05],
        [5.4328e-05, 9.9946e-01, 2.7053e-05, 4.1722e-05, 1.0381e-04, 2.2203e-05,
         2.9570e-05, 1.6729e-04, 3.6505e-05, 5.5294e-05],
        [2.3281e-05, 3.9831e-05, 3.0317e-03, 5.7140e-05, 3.8976e-06, 7.4904e-05,
         9.2133e-06, 9.9671e-01, 4.0248e-05, 6.1971e-06],
        [6.2992e-03, 2.9370e-01, 3.9567e-03, 1.0163e-03, 6.7450e-01, 4.5998e-03,
         1.3802e-02, 1.7756e-04, 1.6848e-03, 2.6566e-04],
        [7.4727e-05, 9.9857e-01, 3.2201e-05, 1.6755e-04, 1.9031e-04, 8.1649e-05,
         2.2604e-04, 2.9185e-04, 2.7482e-04, 8.7573e-05],
        [1.4487e-05, 1.7922e-06, 1.5200e-05, 1.2078e-05, 9.9955e-01, 9.1052e-05,
         3.0956e-05, 6.1603e-06, 2.0079e-05, 2.6090e-04],
        [1.2440e-04, 1.4199e-06, 2.2723e-03, 9.8939e-01, 1.6999e-03, 1.4227e-03,
         1.2959e-04, 9.6835e-05, 1.3458e-03, 3.5148e-03],
        [9.9999e-01, 9.1621e-08, 1.0408e-05, 3.9364e-08, 2.0926e-07, 1.0875e-06,
         7.1026e-08, 1.2968e-06, 3.5689e-07, 2.2127e-07],
        [1.0244e-03, 2.6263e-04, 1.8536e-03, 4.2019e-03, 3.3259e-04, 8.2410e-01,
         6.7153e-04, 2.7738e-04, 6.7923e-02, 9.9357e-02],
        [4.8969e-05, 9.9934e-01, 1.3349e-05, 1.8652e-05, 2.2473e-04, 2.3894e-05,
         2.0781e-04, 8.0401e-05, 3.4065e-05, 1.2553e-05],
        [1.0000e+00, 5.3068e-08, 1.2471e-06, 2.6750e-09, 1.6762e-08, 8.1353e-08,
         1.7216e-08, 1.4424e-07, 5.2847e-08, 4.1219e-07],
        [4.6085e-07, 1.3557e-07, 1.8882e-07, 1.0443e-07, 9.9993e-01, 6.0166e-05,
         2.3065e-07, 6.6152e-07, 3.8956e-07, 8.8648e-06],
        [1.0144e-05, 1.4976e-05, 2.5614e-06, 5.4443e-08, 4.5372e-06, 2.7893e-06,
         9.9983e-01, 1.3968e-07, 1.3740e-04, 9.8215e-10],
        [2.0928e-05, 7.2850e-06, 3.9529e-06, 3.6515e-07, 5.8468e-05, 1.7235e-05,
         9.9988e-01, 7.7109e-07, 1.5919e-05, 9.9999e-09]], device='cuda:0',
       grad_fn=<SoftmaxBackward>)
>> best accuracy: 94.33333333333334	best epoch: 10

>> final recovery rate: 92.18888888888888%
>> val epoch: 35
>> current accuracy: 93.03333333333333%
outputs: tensor([[1.3731e-04, 6.3852e-05, 6.9943e-05, 1.1536e-04, 3.9669e-06, 5.8835e-04,
         9.9697e-01, 6.3741e-06, 2.0412e-03, 1.7456e-06],
        [3.8900e-08, 1.0210e-07, 5.4757e-07, 1.9210e-08, 1.4813e-07, 8.5101e-08,
         2.6494e-07, 7.1006e-07, 1.0000e+00, 2.9899e-08],
        [2.2141e-11, 4.3585e-17, 1.8282e-11, 8.8702e-11, 4.8506e-13, 1.0000e+00,
         1.0479e-11, 3.3524e-10, 1.5343e-10, 2.7762e-11],
        [2.4236e-10, 1.0000e+00, 4.4121e-10, 7.9263e-12, 2.6327e-08, 6.8582e-10,
         1.9268e-10, 1.1998e-07, 6.2940e-10, 1.4158e-08],
        [1.9043e-05, 7.2531e-07, 1.5814e-05, 4.3269e-04, 5.0281e-05, 4.2299e-05,
         1.7471e-07, 1.0463e-04, 3.7307e-06, 9.9933e-01],
        [2.0990e-10, 1.0000e+00, 2.0454e-10, 2.3474e-13, 4.3305e-08, 1.9103e-09,
         8.7581e-10, 9.1639e-08, 2.6104e-10, 1.2693e-09],
        [1.0000e+00, 3.0497e-08, 4.2991e-07, 5.0164e-10, 1.8490e-07, 1.9779e-08,
         8.2357e-08, 2.0403e-07, 1.4302e-08, 2.3532e-08],
        [1.1585e-06, 6.0901e-05, 1.0125e-04, 7.4882e-04, 7.9539e-06, 1.8135e-05,
         8.5113e-06, 7.0644e-07, 9.9905e-01, 3.8527e-06],
        [2.9169e-02, 4.1144e-04, 6.0146e-01, 9.4116e-03, 3.8086e-02, 2.6681e-02,
         4.6027e-03, 3.6247e-03, 2.7216e-01, 1.4398e-02],
        [3.1570e-08, 8.7985e-08, 1.1546e-08, 2.1681e-11, 2.1843e-08, 2.0043e-08,
         1.0000e+00, 6.8611e-10, 6.4221e-09, 4.1979e-12],
        [4.8047e-05, 5.8215e-06, 1.2618e-03, 4.0745e-02, 1.1171e-05, 9.5641e-01,
         2.0865e-05, 1.2545e-03, 2.1751e-04, 2.7243e-05],
        [6.9165e-07, 7.1840e-08, 1.6943e-06, 1.8174e-06, 9.9998e-01, 3.4009e-06,
         2.1988e-07, 1.6579e-07, 2.8323e-07, 1.1184e-05],
        [1.0000e+00, 1.8623e-09, 9.7500e-08, 5.5602e-10, 1.3588e-08, 1.2312e-08,
         7.8978e-10, 1.2002e-08, 3.9369e-09, 1.1241e-08],
        [9.9999e-01, 2.1033e-07, 2.5647e-06, 4.1541e-07, 1.8525e-07, 4.0144e-06,
         1.3745e-07, 1.0272e-06, 1.5022e-07, 7.6451e-07],
        [1.0000e+00, 1.0927e-07, 6.3608e-07, 2.0121e-08, 7.4286e-08, 1.7886e-07,
