noise type: uniform
noise level: 0.4
when_to_apply_epoch: 25
total clean data num: 26984
probability transition matrix:
[[0.6        0.04444444 0.04444444 0.04444444 0.04444444 0.04444444
  0.04444444 0.04444444 0.04444444 0.04444444]
 [0.04444444 0.6        0.04444444 0.04444444 0.04444444 0.04444444
  0.04444444 0.04444444 0.04444444 0.04444444]
 [0.04444444 0.04444444 0.6        0.04444444 0.04444444 0.04444444
  0.04444444 0.04444444 0.04444444 0.04444444]
 [0.04444444 0.04444444 0.04444444 0.6        0.04444444 0.04444444
  0.04444444 0.04444444 0.04444444 0.04444444]
 [0.04444444 0.04444444 0.04444444 0.04444444 0.6        0.04444444
  0.04444444 0.04444444 0.04444444 0.04444444]
 [0.04444444 0.04444444 0.04444444 0.04444444 0.04444444 0.6
  0.04444444 0.04444444 0.04444444 0.04444444]
 [0.04444444 0.04444444 0.04444444 0.04444444 0.04444444 0.04444444
  0.6        0.04444444 0.04444444 0.04444444]
 [0.04444444 0.04444444 0.04444444 0.04444444 0.04444444 0.04444444
  0.04444444 0.6        0.04444444 0.04444444]
 [0.04444444 0.04444444 0.04444444 0.04444444 0.04444444 0.04444444
  0.04444444 0.04444444 0.6        0.04444444]
 [0.04444444 0.04444444 0.04444444 0.04444444 0.04444444 0.04444444
  0.04444444 0.04444444 0.04444444 0.6       ]]
>> val epoch: 0
>> current accuracy: 49.419999999999995%
outputs: tensor([[0.1860, 0.1496, 0.0988, 0.0518, 0.0732, 0.0675, 0.0703, 0.0375, 0.1430,
         0.1222],
        [0.0951, 0.0569, 0.0857, 0.1310, 0.1000, 0.1550, 0.1122, 0.1462, 0.0327,
         0.0853],
        [0.0412, 0.0372, 0.1180, 0.0941, 0.1928, 0.1660, 0.1193, 0.1645, 0.0206,
         0.0463],
        [0.1340, 0.1000, 0.0817, 0.0605, 0.0752, 0.0685, 0.0695, 0.0466, 0.1861,
         0.1779],
        [0.0837, 0.1361, 0.0948, 0.0715, 0.0961, 0.0704, 0.1775, 0.0684, 0.0378,
         0.1638],
        [0.0535, 0.1242, 0.0569, 0.0758, 0.0755, 0.0648, 0.1612, 0.0816, 0.0223,
         0.2842],
        [0.0863, 0.0432, 0.0954, 0.2531, 0.0779, 0.2500, 0.0677, 0.0490, 0.0308,
         0.0465],
        [0.0667, 0.1377, 0.1055, 0.0720, 0.1191, 0.0560, 0.2122, 0.0643, 0.0321,
         0.1344],
        [0.0847, 0.2923, 0.0619, 0.0438, 0.0824, 0.0606, 0.0929, 0.0744, 0.0316,
         0.1752],
        [0.0407, 0.0403, 0.1482, 0.0344, 0.3017, 0.0707, 0.1209, 0.1723, 0.0195,
         0.0513],
        [0.0716, 0.0773, 0.0819, 0.1962, 0.0895, 0.2281, 0.0908, 0.0605, 0.0416,
         0.0625],
        [0.1262, 0.1370, 0.0944, 0.0546, 0.1021, 0.0869, 0.0754, 0.0735, 0.0858,
         0.1640],
        [0.1020, 0.1206, 0.0729, 0.0452, 0.0816, 0.0577, 0.0750, 0.0310, 0.2403,
         0.1737],
        [0.0502, 0.0607, 0.0954, 0.0327, 0.2185, 0.1009, 0.0814, 0.3037, 0.0239,
         0.0325],
        [0.1773, 0.0427, 0.0989, 0.0674, 0.0730, 0.0686, 0.0624, 0.0366, 0.2790,
         0.0942],
        [0.0859, 0.0398, 0.0869, 0.2181, 0.0761, 0.3034, 0.0607, 0.0543, 0.0251,
         0.0496],
        [0.1365, 0.2180, 0.0871, 0.0440, 0.0835, 0.0618, 0.0787, 0.0354, 0.0916,
         0.1633],
        [0.0498, 0.0509, 0.0731, 0.2230, 0.0722, 0.1365, 0.2497, 0.0545, 0.0230,
         0.0673],
        [0.0475, 0.0503, 0.0950, 0.1095, 0.1216, 0.1176, 0.2569, 0.0978, 0.0230,
         0.0808],
        [0.0460, 0.0405, 0.0636, 0.2961, 0.0587, 0.2685, 0.1160, 0.0462, 0.0245,
         0.0398],
        [0.2299, 0.0398, 0.1765, 0.0713, 0.1119, 0.0736, 0.0703, 0.0456, 0.1011,
         0.0801],
        [0.0392, 0.0353, 0.0743, 0.0257, 0.2224, 0.0723, 0.1023, 0.3596, 0.0157,
         0.0531],
        [0.0580, 0.0377, 0.0813, 0.2226, 0.1189, 0.2352, 0.1032, 0.0781, 0.0219,
         0.0430],
        [0.1402, 0.2559, 0.0705, 0.0393, 0.0720, 0.0571, 0.0698, 0.0416, 0.0987,
         0.1549],
        [0.0562, 0.0603, 0.1009, 0.1106, 0.1678, 0.1335, 0.1211, 0.1598, 0.0245,
         0.0654],
        [0.0726, 0.3430, 0.0737, 0.0463, 0.0767, 0.0533, 0.1263, 0.0433, 0.0291,
         0.1355],
        [0.1966, 0.0410, 0.0822, 0.0537, 0.0615, 0.0591, 0.0529, 0.0252, 0.3652,
         0.0625],
        [0.0894, 0.2595, 0.0614, 0.0342, 0.1026, 0.0600, 0.1103, 0.0739, 0.0237,
         0.1851],
        [0.0669, 0.0378, 0.0834, 0.2520, 0.0647, 0.1288, 0.2178, 0.0609, 0.0258,
         0.0620],
        [0.0506, 0.0356, 0.1171, 0.0690, 0.1612, 0.1512, 0.0793, 0.2636, 0.0282,
         0.0443],
        [0.2462, 0.0449, 0.0921, 0.0588, 0.0687, 0.0640, 0.0597, 0.0280, 0.2687,
         0.0689],
        [0.0473, 0.0529, 0.0701, 0.1169, 0.0717, 0.0910, 0.4069, 0.0468, 0.0194,
         0.0772],
        [0.0480, 0.0452, 0.0948, 0.2954, 0.0668, 0.2526, 0.0766, 0.0464, 0.0322,
         0.0420],
        [0.0358, 0.0348, 0.1894, 0.0420, 0.2655, 0.0974, 0.1203, 0.1459, 0.0203,
         0.0485],
        [0.2752, 0.0702, 0.1452, 0.0774, 0.0827, 0.0617, 0.0762, 0.0379, 0.0928,
         0.0806],
        [0.1093, 0.0757, 0.0725, 0.0564, 0.0715, 0.0624, 0.0770, 0.0330, 0.3091,
         0.1330],
        [0.0540, 0.0633, 0.0867, 0.1409, 0.1028, 0.0947, 0.2311, 0.0839, 0.0261,
         0.1164],
        [0.0287, 0.0288, 0.1049, 0.0893, 0.0929, 0.0787, 0.4838, 0.0316, 0.0158,
         0.0455],
        [0.0442, 0.0225, 0.1022, 0.0667, 0.1577, 0.0771, 0.0867, 0.3775, 0.0221,
         0.0434],
        [0.0437, 0.0416, 0.0851, 0.1264, 0.1392, 0.2647, 0.0852, 0.1480, 0.0215,
         0.0446],
        [0.0583, 0.0576, 0.1390, 0.1535, 0.1143, 0.1365, 0.2042, 0.0525, 0.0275,
         0.0566],
        [0.0686, 0.0462, 0.0818, 0.2486, 0.0914, 0.2494, 0.0754, 0.0538, 0.0439,
         0.0410],
        [0.0259, 0.0263, 0.2548, 0.0251, 0.3745, 0.0711, 0.1025, 0.0649, 0.0167,
         0.0382],
        [0.0588, 0.1015, 0.1095, 0.0682, 0.1176, 0.0707, 0.2203, 0.0654, 0.0271,
         0.1609],
        [0.1184, 0.1745, 0.1874, 0.0245, 0.1530, 0.0451, 0.0845, 0.0742, 0.0285,
         0.1097],
        [0.1067, 0.1609, 0.0563, 0.0409, 0.0716, 0.0490, 0.0826, 0.0527, 0.0590,
         0.3204],
        [0.0850, 0.0549, 0.0911, 0.0870, 0.1144, 0.1185, 0.0883, 0.1995, 0.0360,
         0.1252],
        [0.0821, 0.1562, 0.0641, 0.1017, 0.0757, 0.1284, 0.0809, 0.0552, 0.1078,
         0.1477],
        [0.0591, 0.4034, 0.0452, 0.0362, 0.0547, 0.0544, 0.0866, 0.0328, 0.0511,
         0.1765],
        [0.0265, 0.0255, 0.2084, 0.0217, 0.3863, 0.0787, 0.0920, 0.1035, 0.0157,
         0.0416],
        [0.0390, 0.0235, 0.1322, 0.0404, 0.2085, 0.0755, 0.0651, 0.3522, 0.0247,
         0.0389],
        [0.0625, 0.3592, 0.0560, 0.0319, 0.0804, 0.0390, 0.1041, 0.0408, 0.0285,
         0.1976],
        [0.0413, 0.0383, 0.0741, 0.3091, 0.0570, 0.1700, 0.2003, 0.0420, 0.0216,
         0.0464],
        [0.0146, 0.0187, 0.3655, 0.0159, 0.3704, 0.0720, 0.0493, 0.0422, 0.0136,
         0.0378],
        [0.2302, 0.0701, 0.0922, 0.0692, 0.0807, 0.0691, 0.0770, 0.0511, 0.1262,
         0.1341],
        [0.0643, 0.0468, 0.0735, 0.1899, 0.0845, 0.2434, 0.0768, 0.0921, 0.0391,
         0.0896],
        [0.0513, 0.0507, 0.1586, 0.1282, 0.1806, 0.0964, 0.1406, 0.1105, 0.0303,
         0.0528],
        [0.0814, 0.0874, 0.1494, 0.1110, 0.1481, 0.1261, 0.0979, 0.0791, 0.0672,
         0.0523],
        [0.0290, 0.0273, 0.2525, 0.0293, 0.3232, 0.1094, 0.0781, 0.0926, 0.0186,
         0.0399],
        [0.1252, 0.0426, 0.0783, 0.1530, 0.0903, 0.2552, 0.0770, 0.0776, 0.0403,
         0.0605],
        [0.1975, 0.0456, 0.0600, 0.0517, 0.0546, 0.0542, 0.0568, 0.0243, 0.3608,
         0.0945],
        [0.0638, 0.0416, 0.0960, 0.2623, 0.0612, 0.1683, 0.1514, 0.0636, 0.0363,
         0.0555],
        [0.1641, 0.0379, 0.1265, 0.0724, 0.0862, 0.0721, 0.0664, 0.0381, 0.2641,
         0.0722],
        [0.1005, 0.0638, 0.1123, 0.1532, 0.0950, 0.1467, 0.0912, 0.0857, 0.0728,
         0.0787],
        [0.0591, 0.0689, 0.1031, 0.1125, 0.1344, 0.2240, 0.0792, 0.1319, 0.0322,
         0.0548],
        [0.0669, 0.0371, 0.0898, 0.2392, 0.0740, 0.2547, 0.0976, 0.0615, 0.0303,
         0.0490],
        [0.0440, 0.0503, 0.1983, 0.0333, 0.2284, 0.0763, 0.1873, 0.0757, 0.0199,
         0.0864],
        [0.0550, 0.0733, 0.1885, 0.1168, 0.1425, 0.1088, 0.1242, 0.0544, 0.0407,
         0.0958],
        [0.0924, 0.0497, 0.1009, 0.1106, 0.1024, 0.1479, 0.1190, 0.1763, 0.0340,
         0.0668],
        [0.0646, 0.0438, 0.0575, 0.1943, 0.0781, 0.3318, 0.0739, 0.0918, 0.0189,
         0.0454],
        [0.1266, 0.2484, 0.0787, 0.0413, 0.0670, 0.0582, 0.0701, 0.0372, 0.1098,
         0.1627],
        [0.0291, 0.0324, 0.1514, 0.0253, 0.3399, 0.0598, 0.2089, 0.0906, 0.0151,
         0.0474]], device='cuda:0', grad_fn=<SoftmaxBackward>)
>> best accuracy: 49.419999999999995	best epoch: 0

>> final recovery rate: 59.96444444444444%
>> val epoch: 5
>> current accuracy: 70.26%
outputs: tensor([[0.0917, 0.0366, 0.0710, 0.0671, 0.0486, 0.0619, 0.0276, 0.0504, 0.5118,
         0.0332],
        [0.0963, 0.0523, 0.0818, 0.1737, 0.0683, 0.1224, 0.0349, 0.2556, 0.0585,
         0.0562],
        [0.1094, 0.0746, 0.1739, 0.1527, 0.0389, 0.0969, 0.0821, 0.0603, 0.1782,
         0.0330],
        [0.4912, 0.0557, 0.0567, 0.0638, 0.0290, 0.0510, 0.0341, 0.0511, 0.1206,
         0.0467],
        [0.1526, 0.0557, 0.1397, 0.1687, 0.0994, 0.1367, 0.0365, 0.1216, 0.0520,
         0.0370],
        [0.0464, 0.6501, 0.0535, 0.0574, 0.0367, 0.0492, 0.0178, 0.0513, 0.0193,
         0.0185],
        [0.0741, 0.0514, 0.1318, 0.1226, 0.2507, 0.0719, 0.0280, 0.1846, 0.0465,
         0.0384],
        [0.0647, 0.0706, 0.0895, 0.1057, 0.1295, 0.0828, 0.2945, 0.0864, 0.0389,
         0.0374],
        [0.5537, 0.0380, 0.0388, 0.0746, 0.0314, 0.0528, 0.0317, 0.0439, 0.1057,
         0.0295],
        [0.2219, 0.0482, 0.0522, 0.0648, 0.0388, 0.0612, 0.0289, 0.0506, 0.3962,
         0.0373],
        [0.0576, 0.0664, 0.1125, 0.0834, 0.0418, 0.1585, 0.3236, 0.0676, 0.0513,
         0.0374],
        [0.0439, 0.6862, 0.0447, 0.0502, 0.0331, 0.0447, 0.0137, 0.0447, 0.0221,
         0.0167],
        [0.1798, 0.0811, 0.1322, 0.1390, 0.0536, 0.0646, 0.1177, 0.1067, 0.0655,
         0.0597],
        [0.0537, 0.0696, 0.0881, 0.0687, 0.0549, 0.0481, 0.0448, 0.0819, 0.0426,
         0.4477],
        [0.0600, 0.0654, 0.0596, 0.0613, 0.0302, 0.1874, 0.0249, 0.4456, 0.0354,
         0.0302],
        [0.0457, 0.0510, 0.0512, 0.0744, 0.0261, 0.5613, 0.0211, 0.1127, 0.0262,
         0.0304],
        [0.1389, 0.0451, 0.1635, 0.1161, 0.1512, 0.0884, 0.0385, 0.0877, 0.1292,
         0.0413],
        [0.0602, 0.0569, 0.1084, 0.1856, 0.0373, 0.3289, 0.0329, 0.1176, 0.0359,
         0.0364],
        [0.1361, 0.0635, 0.0978, 0.0912, 0.0367, 0.0513, 0.0715, 0.2147, 0.0551,
         0.1822],
        [0.0761, 0.0531, 0.1523, 0.1243, 0.2363, 0.1239, 0.0534, 0.0837, 0.0534,
         0.0435],
        [0.0681, 0.0552, 0.0717, 0.0940, 0.0468, 0.0518, 0.0549, 0.1022, 0.0418,
         0.4136],
        [0.0545, 0.0539, 0.2914, 0.0951, 0.0282, 0.2805, 0.0328, 0.0913, 0.0369,
         0.0353],
        [0.0474, 0.0485, 0.0517, 0.0452, 0.0686, 0.0450, 0.0249, 0.6031, 0.0392,
         0.0265],
        [0.0468, 0.0659, 0.0933, 0.0800, 0.0642, 0.0482, 0.0510, 0.0964, 0.0471,
         0.4071],
        [0.0768, 0.0614, 0.1008, 0.0829, 0.3514, 0.0879, 0.0558, 0.0723, 0.0644,
         0.0462],
        [0.0480, 0.0870, 0.0800, 0.0595, 0.0598, 0.0494, 0.0823, 0.1015, 0.0499,
         0.3826],
        [0.0599, 0.1445, 0.0763, 0.0667, 0.0461, 0.0527, 0.0338, 0.1089, 0.0475,
         0.3634],
        [0.0630, 0.0481, 0.0531, 0.1042, 0.0838, 0.0809, 0.0296, 0.4652, 0.0406,
         0.0314],
        [0.0565, 0.0928, 0.0763, 0.0718, 0.0447, 0.0451, 0.4603, 0.0703, 0.0425,
         0.0397],
        [0.0577, 0.0362, 0.0760, 0.4544, 0.0475, 0.0890, 0.1122, 0.0559, 0.0430,
         0.0281],
        [0.0970, 0.1045, 0.0659, 0.0735, 0.0542, 0.0567, 0.0403, 0.0950, 0.1666,
         0.2464],
        [0.0660, 0.0588, 0.0622, 0.2646, 0.0287, 0.3137, 0.0379, 0.0995, 0.0259,
         0.0428],
        [0.0649, 0.0494, 0.1231, 0.1474, 0.0402, 0.3486, 0.0397, 0.1165, 0.0356,
         0.0347],
        [0.0553, 0.0494, 0.0526, 0.0474, 0.0590, 0.0535, 0.0230, 0.5899, 0.0433,
         0.0265],
        [0.0439, 0.0453, 0.0568, 0.0969, 0.0390, 0.5306, 0.0301, 0.1007, 0.0286,
         0.0280],
        [0.0361, 0.6741, 0.0496, 0.0558, 0.0366, 0.0455, 0.0154, 0.0501, 0.0186,
         0.0183],
        [0.5025, 0.0496, 0.0528, 0.0626, 0.0290, 0.0570, 0.0353, 0.0531, 0.1232,
         0.0350],
        [0.1223, 0.0462, 0.1649, 0.2872, 0.0552, 0.1113, 0.0556, 0.0791, 0.0415,
         0.0368],
        [0.0666, 0.0493, 0.0954, 0.0875, 0.3205, 0.0748, 0.0364, 0.1602, 0.0555,
         0.0537],
        [0.3682, 0.1397, 0.0621, 0.0776, 0.0561, 0.0672, 0.0305, 0.0544, 0.1100,
         0.0342],
        [0.0716, 0.0553, 0.0678, 0.1397, 0.0362, 0.2676, 0.0424, 0.2493, 0.0379,
         0.0323],
        [0.0723, 0.0535, 0.1914, 0.1200, 0.1410, 0.1621, 0.0791, 0.0956, 0.0484,
         0.0366],
        [0.0574, 0.0722, 0.1317, 0.0741, 0.0455, 0.0429, 0.4266, 0.0635, 0.0472,
         0.0389],
        [0.0595, 0.0491, 0.0652, 0.0817, 0.0867, 0.0683, 0.0271, 0.4900, 0.0365,
         0.0359],
        [0.2190, 0.3334, 0.0622, 0.1064, 0.0327, 0.0697, 0.0332, 0.0651, 0.0428,
         0.0356],
        [0.0600, 0.0553, 0.0777, 0.1109, 0.1364, 0.2179, 0.0586, 0.2001, 0.0420,
         0.0410],
        [0.0612, 0.0656, 0.0929, 0.1694, 0.0429, 0.0623, 0.3454, 0.0723, 0.0440,
         0.0440],
        [0.0510, 0.0406, 0.0793, 0.2622, 0.0374, 0.0691, 0.3281, 0.0689, 0.0313,
         0.0321],
        [0.1242, 0.0456, 0.0471, 0.0601, 0.0476, 0.0666, 0.0247, 0.0453, 0.5046,
         0.0343],
        [0.0844, 0.0497, 0.1525, 0.3544, 0.0429, 0.0771, 0.0851, 0.0737, 0.0448,
         0.0354],
        [0.0830, 0.0746, 0.0735, 0.1293, 0.0351, 0.3922, 0.0365, 0.0914, 0.0479,
         0.0364],
        [0.0635, 0.0491, 0.0566, 0.0636, 0.0583, 0.0426, 0.0262, 0.5700, 0.0347,
         0.0353],
        [0.1041, 0.0663, 0.2388, 0.1286, 0.1249, 0.0822, 0.0582, 0.0890, 0.0691,
         0.0387],
        [0.1836, 0.0911, 0.0711, 0.0638, 0.0613, 0.0570, 0.0298, 0.0525, 0.3339,
         0.0558],
        [0.0898, 0.0682, 0.0916, 0.1976, 0.0481, 0.2438, 0.0452, 0.1131, 0.0654,
         0.0371],
        [0.0841, 0.0552, 0.2941, 0.1330, 0.0474, 0.0505, 0.1680, 0.0703, 0.0598,
         0.0376],
        [0.0465, 0.0516, 0.1855, 0.1086, 0.0397, 0.0457, 0.3904, 0.0574, 0.0434,
         0.0313],
        [0.0488, 0.6611, 0.0490, 0.0593, 0.0323, 0.0490, 0.0143, 0.0460, 0.0237,
         0.0164],
        [0.4636, 0.0469, 0.0466, 0.0733, 0.0420, 0.0565, 0.0302, 0.0498, 0.1510,
         0.0401],
        [0.0469, 0.0507, 0.0524, 0.1220, 0.0256, 0.5483, 0.0211, 0.0699, 0.0296,
         0.0335],
        [0.0634, 0.4202, 0.0446, 0.0718, 0.0479, 0.0721, 0.0291, 0.0603, 0.1512,
         0.0395],
        [0.1364, 0.0844, 0.1092, 0.1064, 0.1316, 0.0748, 0.0512, 0.1297, 0.0900,
         0.0863],
        [0.2219, 0.0981, 0.1604, 0.1219, 0.0509, 0.0876, 0.0393, 0.1050, 0.0753,
         0.0397],
        [0.0899, 0.0457, 0.4476, 0.0904, 0.0452, 0.0444, 0.0533, 0.0650, 0.0783,
         0.0402],
        [0.0751, 0.1196, 0.0745, 0.0779, 0.0450, 0.0555, 0.0372, 0.0782, 0.0476,
         0.3894],
        [0.0630, 0.0565, 0.0492, 0.2492, 0.0307, 0.2292, 0.0481, 0.1856, 0.0267,
         0.0616],
        [0.0995, 0.0840, 0.0690, 0.0838, 0.1028, 0.0809, 0.0301, 0.3741, 0.0368,
         0.0389],
        [0.1721, 0.0537, 0.0563, 0.0605, 0.0450, 0.0618, 0.0277, 0.0565, 0.4239,
         0.0425],
        [0.1237, 0.3961, 0.0719, 0.0779, 0.0401, 0.0712, 0.0544, 0.0575, 0.0582,
         0.0491],
        [0.0222, 0.0447, 0.0347, 0.0407, 0.0446, 0.0481, 0.0189, 0.0285, 0.6911,
         0.0267],
        [0.4078, 0.0462, 0.0910, 0.0655, 0.0624, 0.0610, 0.0400, 0.0608, 0.1253,
         0.0400],
        [0.1096, 0.0540, 0.1194, 0.0862, 0.3068, 0.0779, 0.0464, 0.0689, 0.0902,
         0.0406]], device='cuda:0', grad_fn=<SoftmaxBackward>)
>> best accuracy: 70.26	best epoch: 5

>> final recovery rate: 59.96444444444444%
>> val epoch: 10
>> current accuracy: 75.74%
outputs: tensor([[0.0297, 0.0439, 0.0578, 0.0951, 0.0526, 0.0653, 0.0267, 0.5240, 0.0594,
         0.0454],
        [0.0488, 0.0387, 0.0603, 0.0758, 0.0527, 0.0602, 0.4797, 0.0436, 0.0953,
         0.0450],
        [0.0570, 0.0331, 0.0493, 0.0581, 0.0481, 0.0313, 0.0387, 0.0629, 0.0592,
         0.5622],
        [0.0333, 0.1209, 0.0324, 0.0553, 0.0574, 0.0383, 0.0470, 0.0474, 0.0912,
         0.4770],
        [0.5198, 0.0400, 0.0506, 0.0594, 0.0544, 0.0525, 0.0516, 0.0390, 0.0711,
         0.0615],
        [0.1048, 0.0472, 0.1677, 0.1938, 0.0332, 0.1513, 0.0420, 0.1006, 0.0684,
         0.0911],
        [0.5260, 0.0433, 0.0358, 0.0573, 0.0459, 0.0563, 0.0504, 0.0458, 0.0835,
         0.0558],
        [0.0387, 0.0936, 0.0591, 0.0289, 0.5305, 0.0448, 0.0291, 0.0403, 0.0533,
         0.0817],
        [0.0580, 0.0394, 0.0403, 0.0664, 0.0308, 0.0519, 0.5565, 0.0437, 0.0681,
         0.0450],
        [0.0536, 0.0491, 0.0393, 0.0363, 0.0825, 0.0508, 0.5239, 0.0552, 0.0601,
         0.0493],
        [0.0398, 0.5888, 0.0326, 0.0546, 0.0434, 0.0503, 0.0492, 0.0444, 0.0520,
         0.0448],
        [0.0389, 0.0756, 0.0519, 0.0645, 0.2340, 0.1749, 0.0425, 0.1966, 0.0637,
         0.0574],
        [0.0408, 0.1157, 0.0535, 0.0928, 0.3502, 0.0697, 0.0302, 0.0822, 0.0594,
         0.1055],
        [0.0646, 0.0505, 0.0432, 0.0393, 0.0362, 0.0492, 0.0367, 0.0308, 0.5976,
         0.0519],
        [0.0407, 0.0391, 0.0488, 0.4191, 0.0428, 0.1716, 0.0558, 0.0554, 0.0732,
         0.0534],
        [0.0451, 0.0276, 0.1242, 0.2788, 0.0510, 0.1967, 0.0755, 0.0541, 0.0964,
         0.0506],
        [0.0609, 0.0570, 0.0335, 0.0448, 0.0491, 0.0445, 0.5309, 0.0451, 0.0772,
         0.0569],
        [0.0503, 0.0555, 0.0548, 0.0384, 0.4677, 0.0676, 0.0387, 0.0907, 0.0654,
         0.0709],
        [0.0463, 0.0307, 0.0632, 0.2599, 0.0331, 0.2647, 0.0701, 0.0748, 0.1122,
         0.0451],
        [0.0702, 0.0397, 0.0562, 0.2143, 0.0248, 0.1102, 0.3409, 0.0271, 0.0705,
         0.0461],
        [0.0467, 0.0400, 0.0609, 0.2405, 0.0511, 0.3552, 0.0350, 0.0586, 0.0608,
         0.0513],
        [0.0733, 0.0307, 0.5266, 0.0662, 0.0258, 0.0305, 0.0780, 0.0342, 0.0774,
         0.0574],
        [0.0486, 0.0263, 0.0394, 0.0274, 0.0292, 0.0341, 0.0301, 0.0231, 0.6912,
         0.0506],
        [0.0831, 0.0353, 0.0531, 0.0495, 0.0509, 0.0688, 0.4883, 0.0512, 0.0718,
         0.0479],
        [0.0390, 0.0391, 0.0452, 0.0397, 0.0482, 0.0443, 0.0306, 0.6208, 0.0551,
         0.0379],
        [0.0584, 0.0524, 0.0653, 0.0498, 0.0404, 0.5160, 0.0504, 0.0347, 0.0765,
         0.0560],
        [0.0403, 0.0309, 0.6335, 0.0311, 0.0562, 0.0287, 0.0368, 0.0185, 0.0668,
         0.0574],
        [0.1338, 0.0770, 0.0875, 0.0917, 0.2301, 0.0998, 0.0332, 0.0667, 0.0773,
         0.1028],
        [0.1257, 0.0496, 0.0561, 0.0388, 0.0604, 0.0353, 0.0394, 0.0264, 0.2020,
         0.3663],
        [0.0734, 0.0536, 0.3362, 0.0469, 0.1471, 0.0497, 0.0356, 0.0911, 0.0812,
         0.0850],
        [0.0650, 0.0626, 0.0836, 0.2492, 0.1926, 0.0658, 0.0694, 0.0420, 0.0909,
         0.0790],
        [0.1307, 0.3899, 0.0535, 0.0542, 0.0398, 0.0550, 0.0423, 0.0359, 0.0798,
         0.1188],
        [0.1631, 0.0512, 0.0648, 0.0501, 0.0604, 0.0585, 0.1222, 0.0358, 0.3062,
         0.0877],
        [0.0521, 0.5623, 0.0387, 0.0644, 0.0423, 0.0467, 0.0550, 0.0416, 0.0498,
         0.0472],
        [0.0552, 0.0615, 0.0539, 0.0366, 0.0549, 0.0465, 0.5259, 0.0435, 0.0699,
         0.0522],
        [0.0469, 0.0670, 0.0849, 0.0482, 0.2811, 0.0687, 0.0293, 0.2522, 0.0599,
         0.0618],
        [0.3179, 0.0375, 0.0700, 0.0382, 0.0444, 0.0423, 0.0343, 0.0312, 0.2608,
         0.1235],
        [0.0499, 0.0404, 0.0546, 0.3752, 0.0463, 0.1905, 0.0452, 0.0405, 0.0867,
         0.0708],
        [0.0455, 0.5678, 0.0332, 0.0572, 0.0441, 0.0506, 0.0534, 0.0436, 0.0480,
         0.0565],
        [0.0455, 0.0376, 0.0566, 0.1375, 0.0474, 0.4347, 0.0294, 0.0566, 0.0961,
         0.0588],
        [0.0741, 0.0466, 0.1380, 0.2782, 0.0531, 0.1171, 0.0416, 0.1054, 0.0531,
         0.0928],
        [0.0506, 0.0434, 0.0490, 0.0544, 0.0483, 0.5376, 0.0369, 0.0520, 0.0719,
         0.0558],
        [0.0602, 0.0356, 0.0514, 0.0456, 0.0619, 0.5559, 0.0307, 0.0382, 0.0681,
         0.0524],
        [0.0519, 0.0326, 0.0568, 0.4834, 0.0351, 0.1083, 0.0440, 0.0571, 0.0681,
         0.0627],
        [0.0534, 0.0404, 0.0403, 0.0384, 0.0763, 0.0514, 0.5363, 0.0515, 0.0596,
         0.0522],
        [0.4334, 0.0403, 0.1459, 0.0403, 0.0612, 0.0466, 0.0345, 0.0414, 0.0876,
         0.0689],
        [0.0467, 0.0486, 0.0556, 0.0576, 0.0601, 0.0432, 0.0320, 0.5392, 0.0566,
         0.0605],
        [0.0538, 0.0317, 0.0802, 0.3852, 0.0398, 0.0611, 0.0644, 0.0763, 0.0984,
         0.1090],
        [0.0318, 0.0820, 0.0512, 0.0435, 0.0992, 0.0536, 0.0292, 0.4390, 0.0923,
         0.0782],
        [0.0573, 0.0419, 0.0701, 0.0935, 0.0498, 0.3618, 0.0400, 0.1143, 0.1082,
         0.0630],
        [0.0499, 0.0774, 0.0345, 0.0465, 0.1044, 0.0395, 0.5159, 0.0366, 0.0548,
         0.0405],
        [0.0497, 0.0403, 0.0433, 0.0561, 0.0461, 0.6056, 0.0299, 0.0357, 0.0537,
         0.0397],
        [0.1020, 0.0310, 0.3378, 0.0472, 0.0467, 0.0404, 0.0712, 0.0352, 0.2124,
         0.0761],
        [0.0502, 0.0521, 0.0494, 0.0575, 0.0572, 0.0377, 0.0515, 0.0534, 0.0908,
         0.5001],
        [0.0383, 0.0437, 0.0323, 0.0897, 0.0462, 0.5744, 0.0261, 0.0308, 0.0671,
         0.0514],
        [0.0568, 0.0369, 0.0747, 0.0747, 0.0372, 0.0550, 0.4931, 0.0447, 0.0757,
         0.0512],
        [0.0299, 0.0539, 0.0441, 0.0290, 0.6415, 0.0374, 0.0337, 0.0288, 0.0450,
         0.0567],
        [0.0363, 0.0679, 0.0999, 0.0488, 0.4296, 0.0794, 0.0362, 0.0700, 0.0683,
         0.0636],
        [0.0532, 0.0571, 0.0645, 0.1533, 0.1248, 0.2136, 0.0311, 0.1326, 0.0948,
         0.0751],
        [0.0352, 0.0590, 0.0576, 0.0421, 0.4840, 0.0728, 0.0599, 0.0719, 0.0606,
         0.0569],
        [0.0353, 0.6471, 0.0379, 0.0493, 0.0390, 0.0451, 0.0338, 0.0368, 0.0494,
         0.0262],
        [0.0437, 0.5058, 0.0396, 0.0537, 0.0468, 0.0454, 0.0456, 0.0423, 0.0565,
         0.1206],
        [0.0498, 0.0397, 0.1513, 0.2372, 0.0416, 0.2138, 0.0394, 0.0494, 0.0974,
         0.0804],
        [0.0591, 0.5580, 0.0396, 0.0581, 0.0429, 0.0514, 0.0521, 0.0389, 0.0429,
         0.0569],
        [0.0619, 0.0306, 0.0484, 0.0555, 0.0497, 0.0368, 0.0464, 0.0509, 0.0938,
         0.5260],
        [0.0307, 0.0475, 0.0741, 0.0416, 0.1021, 0.0571, 0.0257, 0.5137, 0.0641,
         0.0434],
        [0.5503, 0.0365, 0.0614, 0.0407, 0.0430, 0.0535, 0.0373, 0.0320, 0.0847,
         0.0606],
        [0.5382, 0.0374, 0.0430, 0.0443, 0.0352, 0.0507, 0.0475, 0.0342, 0.1131,
         0.0563],
        [0.5360, 0.0350, 0.0532, 0.0582, 0.0490, 0.0566, 0.0487, 0.0414, 0.0648,
         0.0570],
        [0.1258, 0.0641, 0.1081, 0.0495, 0.2635, 0.0622, 0.0490, 0.1148, 0.0841,
         0.0788],
        [0.0520, 0.0391, 0.0474, 0.0533, 0.0440, 0.0431, 0.0352, 0.0447, 0.0518,
         0.5894],
        [0.0328, 0.0723, 0.0642, 0.0571, 0.3591, 0.1307, 0.0263, 0.1146, 0.0807,
         0.0622]], device='cuda:0', grad_fn=<SoftmaxBackward>)
>> best accuracy: 75.74	best epoch: 10

>> final recovery rate: 59.96444444444444%
>> val epoch: 15
>> current accuracy: 79.97999999999999%
outputs: tensor([[0.0560, 0.4980, 0.0358, 0.0472, 0.0540, 0.0446, 0.0338, 0.0484, 0.0974,
         0.0847],
        [0.0513, 0.0347, 0.0517, 0.0819, 0.0250, 0.5020, 0.1051, 0.0385, 0.0422,
         0.0677],
        [0.0491, 0.0408, 0.0277, 0.3862, 0.0629, 0.2453, 0.0437, 0.0413, 0.0416,
         0.0614],
        [0.0506, 0.0520, 0.0666, 0.2850, 0.0199, 0.2941, 0.0735, 0.0397, 0.0595,
         0.0590],
        [0.0295, 0.0374, 0.0356, 0.0420, 0.0311, 0.0341, 0.0843, 0.0524, 0.0671,
         0.5865],
        [0.0174, 0.0323, 0.7356, 0.0301, 0.0212, 0.0317, 0.0281, 0.0205, 0.0398,
         0.0434],
        [0.0629, 0.0447, 0.1302, 0.0745, 0.0510, 0.2582, 0.0392, 0.2092, 0.0491,
         0.0809],
        [0.2462, 0.0666, 0.0647, 0.0725, 0.1748, 0.0568, 0.0357, 0.1050, 0.1167,
         0.0609],
        [0.0612, 0.0853, 0.1353, 0.0484, 0.3790, 0.0635, 0.0519, 0.0577, 0.0394,
         0.0785],
        [0.0578, 0.0488, 0.0923, 0.1289, 0.0861, 0.1632, 0.0489, 0.1814, 0.1301,
         0.0624],
        [0.0386, 0.0292, 0.0229, 0.0311, 0.0344, 0.0297, 0.0305, 0.0374, 0.7168,
         0.0293],
        [0.0473, 0.0464, 0.0313, 0.1124, 0.0291, 0.5391, 0.0620, 0.0394, 0.0404,
         0.0527],
        [0.0306, 0.0431, 0.0627, 0.0705, 0.0449, 0.0555, 0.0297, 0.5632, 0.0545,
         0.0452],
        [0.0567, 0.4221, 0.0535, 0.0529, 0.0493, 0.0596, 0.0429, 0.0613, 0.1528,
         0.0488],
        [0.0310, 0.0597, 0.0347, 0.0461, 0.0346, 0.0348, 0.0639, 0.0465, 0.0605,
         0.5882],
        [0.0435, 0.0598, 0.0347, 0.0477, 0.5178, 0.0489, 0.0564, 0.0817, 0.0492,
         0.0604],
        [0.0432, 0.4137, 0.0443, 0.0394, 0.0622, 0.0473, 0.0863, 0.0609, 0.1449,
         0.0579],
        [0.0396, 0.0324, 0.0595, 0.1422, 0.0739, 0.0857, 0.4156, 0.0707, 0.0371,
         0.0433],
        [0.0590, 0.5907, 0.0475, 0.0505, 0.0421, 0.0464, 0.0415, 0.0421, 0.0341,
         0.0462],
        [0.0548, 0.0411, 0.3703, 0.1421, 0.0311, 0.0679, 0.0914, 0.0499, 0.0509,
         0.1006],
        [0.0382, 0.0262, 0.0665, 0.3811, 0.0227, 0.0669, 0.2776, 0.0541, 0.0316,
         0.0350],
        [0.0506, 0.0490, 0.0329, 0.0490, 0.0246, 0.0324, 0.0579, 0.0526, 0.0666,
         0.5846],
        [0.0461, 0.0636, 0.5451, 0.0461, 0.0176, 0.0672, 0.0251, 0.0630, 0.0508,
         0.0754],
        [0.0740, 0.0639, 0.0367, 0.0746, 0.4539, 0.0660, 0.0408, 0.0771, 0.0511,
         0.0618],
        [0.0773, 0.2661, 0.0527, 0.0899, 0.0285, 0.0438, 0.0344, 0.0707, 0.0387,
         0.2980],
        [0.0260, 0.0535, 0.0296, 0.0361, 0.0382, 0.0397, 0.0452, 0.0382, 0.6564,
         0.0373],
        [0.6447, 0.0366, 0.0276, 0.0659, 0.0351, 0.0402, 0.0227, 0.0493, 0.0456,
         0.0323],
        [0.0436, 0.0489, 0.0315, 0.0441, 0.1449, 0.0478, 0.0370, 0.4855, 0.0674,
         0.0493],
        [0.1110, 0.0501, 0.1638, 0.0669, 0.1007, 0.0481, 0.2405, 0.0874, 0.0784,
         0.0532],
        [0.0687, 0.0582, 0.0542, 0.3032, 0.0722, 0.0595, 0.1254, 0.0528, 0.1578,
         0.0479],
        [0.0539, 0.0491, 0.0456, 0.0389, 0.0446, 0.0453, 0.0276, 0.0582, 0.5621,
         0.0748],
        [0.0195, 0.0365, 0.0500, 0.0395, 0.0211, 0.0228, 0.6993, 0.0475, 0.0273,
         0.0365],
        [0.6098, 0.0360, 0.0339, 0.0834, 0.0312, 0.0463, 0.0219, 0.0410, 0.0539,
         0.0426],
        [0.0533, 0.0382, 0.0252, 0.6122, 0.0207, 0.0727, 0.0617, 0.0432, 0.0326,
         0.0402],
        [0.0361, 0.0873, 0.0368, 0.0467, 0.0347, 0.0382, 0.0526, 0.0482, 0.0633,
         0.5561],
        [0.0408, 0.0392, 0.0288, 0.0550, 0.0541, 0.0469, 0.0329, 0.6065, 0.0520,
         0.0437],
        [0.0534, 0.0373, 0.0708, 0.4645, 0.0222, 0.1379, 0.0359, 0.0658, 0.0563,
         0.0559],
        [0.4442, 0.0487, 0.0410, 0.0757, 0.0394, 0.0443, 0.0440, 0.0563, 0.1507,
         0.0556],
        [0.0439, 0.0433, 0.2748, 0.1131, 0.0992, 0.0965, 0.0323, 0.1621, 0.0605,
         0.0744],
        [0.5955, 0.0373, 0.0445, 0.0857, 0.0332, 0.0485, 0.0284, 0.0466, 0.0334,
         0.0468],
        [0.0403, 0.5845, 0.0515, 0.0414, 0.0449, 0.0469, 0.0405, 0.0540, 0.0459,
         0.0502],
        [0.5552, 0.0342, 0.0533, 0.0703, 0.0469, 0.0427, 0.0484, 0.0534, 0.0463,
         0.0493],
        [0.0709, 0.0666, 0.0614, 0.0597, 0.4421, 0.0693, 0.0332, 0.0695, 0.0480,
         0.0791],
        [0.0418, 0.0584, 0.0435, 0.0549, 0.5630, 0.0546, 0.0393, 0.0443, 0.0441,
         0.0561],
        [0.0556, 0.0492, 0.0383, 0.0385, 0.0322, 0.5768, 0.0518, 0.0479, 0.0431,
         0.0666],
        [0.0260, 0.0331, 0.0327, 0.0393, 0.0248, 0.0308, 0.0618, 0.0520, 0.0546,
         0.6449],
        [0.2072, 0.0776, 0.0938, 0.0720, 0.0372, 0.0582, 0.0297, 0.0581, 0.3107,
         0.0554],
        [0.0468, 0.0498, 0.6080, 0.0463, 0.0235, 0.0491, 0.0236, 0.0325, 0.0515,
         0.0690],
        [0.0306, 0.0491, 0.0933, 0.0462, 0.0893, 0.0422, 0.4705, 0.1004, 0.0389,
         0.0396],
        [0.0851, 0.0446, 0.4357, 0.0583, 0.1261, 0.0387, 0.0308, 0.0413, 0.0661,
         0.0733],
        [0.0477, 0.0469, 0.0603, 0.3527, 0.0367, 0.2338, 0.0448, 0.0716, 0.0415,
         0.0639],
        [0.0328, 0.1191, 0.0372, 0.0501, 0.0407, 0.0403, 0.0688, 0.0608, 0.0735,
         0.4768],
        [0.0465, 0.0278, 0.0882, 0.5078, 0.0250, 0.0819, 0.0800, 0.0640, 0.0367,
         0.0420],
        [0.0648, 0.5369, 0.0646, 0.0553, 0.0498, 0.0567, 0.0309, 0.0503, 0.0525,
         0.0382],
        [0.0492, 0.0428, 0.0269, 0.0410, 0.0323, 0.0527, 0.0276, 0.0595, 0.6326,
         0.0354],
        [0.0628, 0.0502, 0.0340, 0.0785, 0.3597, 0.1687, 0.0515, 0.0771, 0.0442,
         0.0732],
        [0.2536, 0.0615, 0.1543, 0.0804, 0.1160, 0.0603, 0.0756, 0.0621, 0.0432,
         0.0931],
        [0.0299, 0.0276, 0.0361, 0.0450, 0.0272, 0.0333, 0.0736, 0.0490, 0.0517,
         0.6265],
        [0.0399, 0.0470, 0.0322, 0.0472, 0.0626, 0.0394, 0.0277, 0.6064, 0.0548,
         0.0428],
        [0.0290, 0.0533, 0.0346, 0.0415, 0.0378, 0.0443, 0.0518, 0.0405, 0.6239,
         0.0436],
        [0.0348, 0.0391, 0.0348, 0.0374, 0.0449, 0.0358, 0.0206, 0.6727, 0.0448,
         0.0351],
        [0.0801, 0.0411, 0.0827, 0.0770, 0.2967, 0.0763, 0.1310, 0.0813, 0.0627,
         0.0712],
        [0.0349, 0.0232, 0.0346, 0.0640, 0.0229, 0.0342, 0.0528, 0.0324, 0.0501,
         0.6509],
        [0.0231, 0.0369, 0.0607, 0.0372, 0.0293, 0.0264, 0.6679, 0.0553, 0.0259,
         0.0375],
        [0.0502, 0.5667, 0.0523, 0.0467, 0.0369, 0.0492, 0.0359, 0.0493, 0.0332,
         0.0796],
        [0.3210, 0.0536, 0.0384, 0.0773, 0.0313, 0.0397, 0.0372, 0.0516, 0.2185,
         0.1315],
        [0.0454, 0.0258, 0.0351, 0.4842, 0.0198, 0.0620, 0.2069, 0.0508, 0.0276,
         0.0426],
        [0.0822, 0.0492, 0.1688, 0.2112, 0.0428, 0.1313, 0.0412, 0.1476, 0.0498,
         0.0760],
        [0.0144, 0.0300, 0.0314, 0.0298, 0.0229, 0.0176, 0.7597, 0.0400, 0.0237,
         0.0306],
        [0.0675, 0.0714, 0.1054, 0.1086, 0.0167, 0.4596, 0.0251, 0.0425, 0.0300,
         0.0732],
        [0.0453, 0.0615, 0.2907, 0.1384, 0.0637, 0.1669, 0.0574, 0.0409, 0.0558,
         0.0793],
        [0.5545, 0.0442, 0.0519, 0.0874, 0.0340, 0.0514, 0.0304, 0.0537, 0.0399,
         0.0527]], device='cuda:0', grad_fn=<SoftmaxBackward>)
>> best accuracy: 79.97999999999999	best epoch: 15

>> final recovery rate: 59.96444444444444%
>> val epoch: 20
>> current accuracy: 76.42%
outputs: tensor([[0.0368, 0.0505, 0.0407, 0.0372, 0.0586, 0.0476, 0.0506, 0.0402, 0.6027,
         0.0351],
        [0.3821, 0.0516, 0.0390, 0.0405, 0.0927, 0.0434, 0.0744, 0.0523, 0.1713,
         0.0526],
        [0.0628, 0.1100, 0.0432, 0.0532, 0.0925, 0.0388, 0.0868, 0.0506, 0.0465,
         0.4156],
        [0.0312, 0.0302, 0.0379, 0.0312, 0.0338, 0.0788, 0.0439, 0.6435, 0.0476,
         0.0218],
        [0.0493, 0.0507, 0.6350, 0.0444, 0.0243, 0.0203, 0.0504, 0.0240, 0.0639,
         0.0380],
        [0.6299, 0.0277, 0.0411, 0.0405, 0.0550, 0.0400, 0.0435, 0.0492, 0.0478,
         0.0251],
        [0.0318, 0.6984, 0.0280, 0.0291, 0.0313, 0.0359, 0.0432, 0.0434, 0.0401,
         0.0187],
        [0.0279, 0.0517, 0.0386, 0.0416, 0.0433, 0.0555, 0.0449, 0.0395, 0.6275,
         0.0294],
        [0.0320, 0.0419, 0.5610, 0.0627, 0.0392, 0.0502, 0.0775, 0.0571, 0.0495,
         0.0288],
        [0.5777, 0.0381, 0.0627, 0.0620, 0.0451, 0.0387, 0.0493, 0.0355, 0.0435,
         0.0475],
        [0.0355, 0.0458, 0.0482, 0.0617, 0.0319, 0.0463, 0.6358, 0.0423, 0.0278,
         0.0247],
        [0.0294, 0.0271, 0.0379, 0.0414, 0.6667, 0.0375, 0.0411, 0.0575, 0.0303,
         0.0311],
        [0.0375, 0.0414, 0.6597, 0.0458, 0.0257, 0.0272, 0.0520, 0.0291, 0.0591,
         0.0225],
        [0.5299, 0.0323, 0.0439, 0.0474, 0.0704, 0.0417, 0.0690, 0.0513, 0.0746,
         0.0394],
        [0.0633, 0.0878, 0.0684, 0.2177, 0.0518, 0.0553, 0.0493, 0.0546, 0.1200,
         0.2317],
        [0.0444, 0.1340, 0.0563, 0.0465, 0.0502, 0.0498, 0.1428, 0.0534, 0.0577,
         0.3649],
        [0.0748, 0.0842, 0.0712, 0.1111, 0.0408, 0.0798, 0.0483, 0.0654, 0.0354,
         0.3889],
        [0.0312, 0.0362, 0.0507, 0.0329, 0.0568, 0.0416, 0.0309, 0.6442, 0.0507,
         0.0247],
        [0.0225, 0.0411, 0.0549, 0.0572, 0.0945, 0.0619, 0.0274, 0.5777, 0.0366,
         0.0262],
        [0.0557, 0.0391, 0.5852, 0.0344, 0.0472, 0.0299, 0.0584, 0.0289, 0.0771,
         0.0441],
        [0.0299, 0.0407, 0.0489, 0.0403, 0.0463, 0.0622, 0.0540, 0.0366, 0.5989,
         0.0423],
        [0.6087, 0.0344, 0.0331, 0.0386, 0.0539, 0.0474, 0.0704, 0.0482, 0.0415,
         0.0237],
        [0.0511, 0.0531, 0.0518, 0.0524, 0.0407, 0.0433, 0.0680, 0.0477, 0.0496,
         0.5422],
        [0.0634, 0.4459, 0.0525, 0.0480, 0.0465, 0.0518, 0.0440, 0.0693, 0.0434,
         0.1352],
        [0.0518, 0.6295, 0.0362, 0.0397, 0.0405, 0.0476, 0.0490, 0.0395, 0.0365,
         0.0297],
        [0.0369, 0.0482, 0.0392, 0.0749, 0.1112, 0.0419, 0.5209, 0.0507, 0.0371,
         0.0389],
        [0.0384, 0.0404, 0.6306, 0.0383, 0.0209, 0.0515, 0.0690, 0.0224, 0.0549,
         0.0337],
        [0.0396, 0.0412, 0.0378, 0.0354, 0.0481, 0.0494, 0.0488, 0.0356, 0.6286,
         0.0355],
        [0.0408, 0.0773, 0.0468, 0.0578, 0.0413, 0.0413, 0.0660, 0.0667, 0.0492,
         0.5129],
        [0.0288, 0.0373, 0.0545, 0.0321, 0.0255, 0.6729, 0.0532, 0.0230, 0.0480,
         0.0245],
        [0.0767, 0.0410, 0.0572, 0.0679, 0.0409, 0.0382, 0.0463, 0.0360, 0.0467,
         0.5490],
        [0.0487, 0.1176, 0.0493, 0.4210, 0.0841, 0.0306, 0.1101, 0.0495, 0.0456,
         0.0435],
        [0.0273, 0.0355, 0.0388, 0.0369, 0.5821, 0.0460, 0.0712, 0.0868, 0.0454,
         0.0301],
        [0.0273, 0.0438, 0.0289, 0.0278, 0.0223, 0.0264, 0.7193, 0.0390, 0.0384,
         0.0269],
        [0.0495, 0.0971, 0.0564, 0.0456, 0.0508, 0.0442, 0.0655, 0.0603, 0.0519,
         0.4788],
        [0.0482, 0.0259, 0.0585, 0.0195, 0.0441, 0.6267, 0.0543, 0.0304, 0.0622,
         0.0301],
        [0.0355, 0.0463, 0.0575, 0.4740, 0.0423, 0.1162, 0.0776, 0.0693, 0.0515,
         0.0298],
        [0.0389, 0.0724, 0.0587, 0.0962, 0.0909, 0.2890, 0.2031, 0.0589, 0.0563,
         0.0356],
        [0.2604, 0.0929, 0.0697, 0.0579, 0.0909, 0.0611, 0.1563, 0.0967, 0.0556,
         0.0585],
        [0.0414, 0.1002, 0.0488, 0.0423, 0.0362, 0.0685, 0.0516, 0.0910, 0.0743,
         0.4457],
        [0.0752, 0.0433, 0.5570, 0.0586, 0.0365, 0.0745, 0.0406, 0.0236, 0.0552,
         0.0355],
        [0.0340, 0.0418, 0.0473, 0.0416, 0.0369, 0.0369, 0.0590, 0.0372, 0.0363,
         0.6290],
        [0.0323, 0.0753, 0.0421, 0.0635, 0.0482, 0.0673, 0.0488, 0.0438, 0.5352,
         0.0435],
        [0.0274, 0.0313, 0.0439, 0.0268, 0.6410, 0.0429, 0.0587, 0.0543, 0.0373,
         0.0366],
        [0.0311, 0.0592, 0.0662, 0.1578, 0.1743, 0.1923, 0.0931, 0.1336, 0.0555,
         0.0369],
        [0.4457, 0.0522, 0.0505, 0.0514, 0.1185, 0.0772, 0.0395, 0.0536, 0.0735,
         0.0378],
        [0.1718, 0.0433, 0.1136, 0.1204, 0.0474, 0.1603, 0.0495, 0.1833, 0.0649,
         0.0455],
        [0.0221, 0.0278, 0.0601, 0.0347, 0.0449, 0.0449, 0.0294, 0.6630, 0.0530,
         0.0202],
        [0.1024, 0.0350, 0.0399, 0.0334, 0.0866, 0.0417, 0.0584, 0.0382, 0.5043,
         0.0601],
        [0.0561, 0.0325, 0.0822, 0.0639, 0.0494, 0.0382, 0.0369, 0.0306, 0.0505,
         0.5596],
        [0.0459, 0.0485, 0.0577, 0.0417, 0.0423, 0.0477, 0.0615, 0.0619, 0.0507,
         0.5422],
        [0.0295, 0.0304, 0.0635, 0.0265, 0.0336, 0.0420, 0.0309, 0.6627, 0.0553,
         0.0256],
        [0.0247, 0.0437, 0.0275, 0.0564, 0.6575, 0.0325, 0.0398, 0.0514, 0.0340,
         0.0324],
        [0.0606, 0.0285, 0.0641, 0.0451, 0.0409, 0.0393, 0.0529, 0.0352, 0.0503,
         0.5829],
        [0.5943, 0.0292, 0.0413, 0.0342, 0.0919, 0.0340, 0.0490, 0.0415, 0.0569,
         0.0278],
        [0.0741, 0.0672, 0.0536, 0.0660, 0.4216, 0.0540, 0.0581, 0.0981, 0.0650,
         0.0424],
        [0.0716, 0.5439, 0.0421, 0.0441, 0.0540, 0.0387, 0.0481, 0.0392, 0.0373,
         0.0810],
        [0.1097, 0.0549, 0.1217, 0.0562, 0.3279, 0.0444, 0.0519, 0.0806, 0.1149,
         0.0379],
        [0.0252, 0.0510, 0.0383, 0.0401, 0.0341, 0.0503, 0.0429, 0.0321, 0.6597,
         0.0263],
        [0.0295, 0.0349, 0.0971, 0.1145, 0.0288, 0.5012, 0.0734, 0.0442, 0.0495,
         0.0269],
        [0.0676, 0.0491, 0.5302, 0.0543, 0.0239, 0.0607, 0.0717, 0.0694, 0.0453,
         0.0278],
        [0.0327, 0.0472, 0.0316, 0.0414, 0.4466, 0.0537, 0.0428, 0.2307, 0.0431,
         0.0302],
        [0.0357, 0.0607, 0.1211, 0.1872, 0.0981, 0.1799, 0.1371, 0.0753, 0.0752,
         0.0297],
        [0.0286, 0.0352, 0.0772, 0.0556, 0.0354, 0.5439, 0.0919, 0.0523, 0.0560,
         0.0239],
        [0.5829, 0.0372, 0.0421, 0.0546, 0.0508, 0.0466, 0.0679, 0.0459, 0.0467,
         0.0252],
        [0.0821, 0.0463, 0.1429, 0.3444, 0.0767, 0.0416, 0.0456, 0.0697, 0.0973,
         0.0533],
        [0.1239, 0.0957, 0.1750, 0.1728, 0.0388, 0.1563, 0.0783, 0.0595, 0.0645,
         0.0351],
        [0.0452, 0.0454, 0.2530, 0.0551, 0.0469, 0.0507, 0.1448, 0.0479, 0.2679,
         0.0431],
        [0.0372, 0.0676, 0.1337, 0.2478, 0.0813, 0.1092, 0.0865, 0.1378, 0.0684,
         0.0304],
        [0.0377, 0.0829, 0.1022, 0.0392, 0.0280, 0.5247, 0.0654, 0.0280, 0.0656,
         0.0263],
        [0.0708, 0.0437, 0.0757, 0.0482, 0.0466, 0.0416, 0.0583, 0.0350, 0.0671,
         0.5130],
        [0.4681, 0.0302, 0.0748, 0.0496, 0.1095, 0.0680, 0.0523, 0.0586, 0.0494,
         0.0396]], device='cuda:0', grad_fn=<SoftmaxBackward>)
>> best accuracy: 79.97999999999999	best epoch: 15

>> final recovery rate: 59.96444444444444%
>> val epoch: 25
>> current accuracy: 78.25999999999999%
outputs: tensor([[0.0417, 0.0508, 0.0406, 0.0489, 0.4795, 0.1317, 0.0413, 0.0684, 0.0457,
         0.0515],
        [0.0329, 0.0490, 0.0421, 0.0291, 0.5865, 0.0352, 0.0282, 0.0486, 0.1041,
         0.0443],
        [0.0328, 0.0361, 0.0679, 0.2932, 0.1154, 0.2791, 0.0404, 0.0472, 0.0415,
         0.0463],
        [0.0749, 0.1411, 0.1164, 0.1618, 0.1573, 0.0670, 0.0546, 0.1138, 0.0574,
         0.0556],
        [0.0402, 0.5963, 0.0408, 0.0400, 0.0483, 0.0463, 0.0494, 0.0439, 0.0524,
         0.0425],
        [0.0554, 0.0498, 0.0625, 0.0530, 0.0916, 0.0677, 0.0427, 0.4543, 0.0698,
         0.0531],
        [0.0787, 0.0400, 0.3263, 0.1317, 0.0802, 0.0958, 0.0570, 0.0540, 0.0727,
         0.0636],
        [0.0466, 0.3126, 0.0380, 0.0538, 0.0521, 0.0483, 0.0492, 0.0644, 0.0521,
         0.2827],
        [0.0468, 0.0413, 0.0424, 0.4000, 0.0315, 0.2713, 0.0582, 0.0376, 0.0286,
         0.0424],
        [0.4502, 0.1214, 0.0375, 0.0602, 0.0404, 0.0514, 0.0602, 0.0502, 0.0614,
         0.0670],
        [0.0478, 0.0884, 0.0422, 0.0642, 0.0317, 0.0537, 0.5413, 0.0470, 0.0413,
         0.0423],
        [0.4462, 0.0368, 0.0735, 0.0575, 0.0952, 0.0713, 0.0592, 0.0578, 0.0547,
         0.0478],
        [0.0507, 0.0974, 0.0809, 0.1218, 0.0416, 0.1465, 0.3072, 0.0460, 0.0575,
         0.0503],
        [0.5402, 0.0314, 0.0490, 0.0552, 0.0650, 0.0441, 0.0407, 0.0483, 0.0566,
         0.0694],
        [0.0453, 0.0863, 0.0481, 0.0551, 0.0340, 0.0702, 0.5205, 0.0436, 0.0464,
         0.0505],
        [0.5514, 0.0300, 0.0496, 0.0470, 0.0710, 0.0527, 0.0560, 0.0550, 0.0524,
         0.0349],
        [0.0734, 0.0375, 0.2360, 0.1537, 0.0495, 0.0832, 0.0799, 0.1749, 0.0534,
         0.0585],
        [0.0500, 0.0397, 0.0918, 0.3650, 0.0397, 0.1678, 0.1092, 0.0485, 0.0481,
         0.0402],
        [0.0344, 0.6007, 0.0336, 0.0355, 0.0427, 0.0388, 0.0662, 0.0476, 0.0301,
         0.0704],
        [0.0807, 0.0265, 0.1476, 0.1548, 0.1842, 0.0490, 0.0394, 0.1463, 0.0636,
         0.1078],
        [0.0509, 0.0417, 0.0977, 0.0695, 0.0627, 0.1469, 0.0456, 0.3860, 0.0532,
