noise type: uniform
noise level: 0.6
when_to_apply_epoch: 25
total clean data num: 18118
probability transition matrix:
[[0.4        0.06666667 0.06666667 0.06666667 0.06666667 0.06666667
  0.06666667 0.06666667 0.06666667 0.06666667]
 [0.06666667 0.4        0.06666667 0.06666667 0.06666667 0.06666667
  0.06666667 0.06666667 0.06666667 0.06666667]
 [0.06666667 0.06666667 0.4        0.06666667 0.06666667 0.06666667
  0.06666667 0.06666667 0.06666667 0.06666667]
 [0.06666667 0.06666667 0.06666667 0.4        0.06666667 0.06666667
  0.06666667 0.06666667 0.06666667 0.06666667]
 [0.06666667 0.06666667 0.06666667 0.06666667 0.4        0.06666667
  0.06666667 0.06666667 0.06666667 0.06666667]
 [0.06666667 0.06666667 0.06666667 0.06666667 0.06666667 0.4
  0.06666667 0.06666667 0.06666667 0.06666667]
 [0.06666667 0.06666667 0.06666667 0.06666667 0.06666667 0.06666667
  0.4        0.06666667 0.06666667 0.06666667]
 [0.06666667 0.06666667 0.06666667 0.06666667 0.06666667 0.06666667
  0.06666667 0.4        0.06666667 0.06666667]
 [0.06666667 0.06666667 0.06666667 0.06666667 0.06666667 0.06666667
  0.06666667 0.06666667 0.4        0.06666667]
 [0.06666667 0.06666667 0.06666667 0.06666667 0.06666667 0.06666667
  0.06666667 0.06666667 0.06666667 0.4       ]]
>> val epoch: 0
>> current accuracy: 31.46%
outputs: tensor([[0.1161, 0.2079, 0.0550, 0.0944, 0.0740, 0.0660, 0.0929, 0.0634, 0.1015,
         0.1289],
        [0.1084, 0.0513, 0.1157, 0.1802, 0.1234, 0.0947, 0.0945, 0.0889, 0.0802,
         0.0628],
        [0.0600, 0.0335, 0.1234, 0.1350, 0.1513, 0.0883, 0.1779, 0.0853, 0.0660,
         0.0792],
        [0.0646, 0.0501, 0.0866, 0.1325, 0.1394, 0.1275, 0.1355, 0.1038, 0.0646,
         0.0954],
        [0.0435, 0.0295, 0.1196, 0.1268, 0.1858, 0.0802, 0.2481, 0.0478, 0.0633,
         0.0554],
        [0.1151, 0.1223, 0.0776, 0.1118, 0.1070, 0.0789, 0.0953, 0.0670, 0.1194,
         0.1056],
        [0.1595, 0.0497, 0.0942, 0.0628, 0.1410, 0.0627, 0.0842, 0.0902, 0.2098,
         0.0459],
        [0.1138, 0.0823, 0.0929, 0.1067, 0.1071, 0.1005, 0.0938, 0.1013, 0.1029,
         0.0989],
        [0.0475, 0.0311, 0.1195, 0.1109, 0.2520, 0.0918, 0.1820, 0.0597, 0.0614,
         0.0441],
        [0.0670, 0.0584, 0.0856, 0.2520, 0.1025, 0.1477, 0.0879, 0.0742, 0.0641,
         0.0607],
        [0.0543, 0.0387, 0.1180, 0.1012, 0.2233, 0.0877, 0.1983, 0.0555, 0.0697,
         0.0533],
        [0.1116, 0.1510, 0.0675, 0.0969, 0.0860, 0.0829, 0.0929, 0.0921, 0.1145,
         0.1046],
        [0.1016, 0.1190, 0.0776, 0.1152, 0.0910, 0.0770, 0.0858, 0.0730, 0.1050,
         0.1549],
        [0.0612, 0.0726, 0.0802, 0.1622, 0.1169, 0.1168, 0.1470, 0.0716, 0.0623,
         0.1092],
        [0.1081, 0.2567, 0.0474, 0.0891, 0.0474, 0.0619, 0.0776, 0.0591, 0.1731,
         0.0797],
        [0.0653, 0.0464, 0.1132, 0.1897, 0.1489, 0.1150, 0.1282, 0.0633, 0.0748,
         0.0552],
        [0.0891, 0.1779, 0.0641, 0.1205, 0.0773, 0.0677, 0.0997, 0.0605, 0.1372,
         0.1058],
        [0.0646, 0.0704, 0.0818, 0.1089, 0.1609, 0.1122, 0.1615, 0.0775, 0.0721,
         0.0901],
        [0.0362, 0.0319, 0.0986, 0.0800, 0.2500, 0.0651, 0.2802, 0.0323, 0.0744,
         0.0514],
        [0.2036, 0.0612, 0.1185, 0.1019, 0.0960, 0.0753, 0.0795, 0.0591, 0.1497,
         0.0552],
        [0.0832, 0.0431, 0.1296, 0.1508, 0.1562, 0.1035, 0.1406, 0.0573, 0.0915,
         0.0442],
        [0.1050, 0.0919, 0.0769, 0.1118, 0.1087, 0.1009, 0.0997, 0.1112, 0.0858,
         0.1079],
        [0.0365, 0.0270, 0.1177, 0.0597, 0.3474, 0.0597, 0.1986, 0.0357, 0.0837,
         0.0339],
        [0.1126, 0.1219, 0.0747, 0.0974, 0.0930, 0.0726, 0.0816, 0.0736, 0.0764,
         0.1963],
        [0.1694, 0.1802, 0.0574, 0.1080, 0.0790, 0.0676, 0.0741, 0.0483, 0.1440,
         0.0721],
        [0.1595, 0.1329, 0.0571, 0.0740, 0.0698, 0.0590, 0.0684, 0.0774, 0.1646,
         0.1373],
        [0.0703, 0.0770, 0.0838, 0.1540, 0.1031, 0.1172, 0.1062, 0.0741, 0.0542,
         0.1600],
        [0.0639, 0.0654, 0.0860, 0.2077, 0.1017, 0.1340, 0.1057, 0.0954, 0.0518,
         0.0883],
        [0.0740, 0.0404, 0.1147, 0.1624, 0.1282, 0.1005, 0.1606, 0.0534, 0.0945,
         0.0714],
        [0.1365, 0.1417, 0.0670, 0.0873, 0.0759, 0.0705, 0.0684, 0.0627, 0.1796,
         0.1103],
        [0.0409, 0.0295, 0.1084, 0.0812, 0.2729, 0.0709, 0.2418, 0.0417, 0.0674,
         0.0453],
        [0.2264, 0.2189, 0.0429, 0.0861, 0.0545, 0.0510, 0.0488, 0.0620, 0.1318,
         0.0775],
        [0.1065, 0.1873, 0.0550, 0.0881, 0.0853, 0.0694, 0.0931, 0.0469, 0.1849,
         0.0834],
        [0.0889, 0.0540, 0.1064, 0.1446, 0.1160, 0.1117, 0.0997, 0.1085, 0.0694,
         0.1008],
        [0.1074, 0.3010, 0.0444, 0.0801, 0.0586, 0.0561, 0.0613, 0.0552, 0.0849,
         0.1510],
        [0.0905, 0.0653, 0.1038, 0.1498, 0.1377, 0.1192, 0.0853, 0.0784, 0.0958,
         0.0741],
        [0.0512, 0.0358, 0.1068, 0.1685, 0.1683, 0.1152, 0.1606, 0.0704, 0.0611,
         0.0621],
        [0.0993, 0.1406, 0.0629, 0.0676, 0.0691, 0.0587, 0.0783, 0.0999, 0.0961,
         0.2274],
        [0.0575, 0.0466, 0.1021, 0.0975, 0.2443, 0.0991, 0.1622, 0.0694, 0.0699,
         0.0513],
        [0.1048, 0.0550, 0.1015, 0.1959, 0.0934, 0.1220, 0.0710, 0.1228, 0.0639,
         0.0697],
        [0.0437, 0.0475, 0.0841, 0.1488, 0.1177, 0.0885, 0.2376, 0.0512, 0.0548,
         0.1261],
        [0.0910, 0.0636, 0.0853, 0.1451, 0.1106, 0.1245, 0.0926, 0.1083, 0.0663,
         0.1126],
        [0.0866, 0.1055, 0.0854, 0.1150, 0.0795, 0.0730, 0.1062, 0.0749, 0.1006,
         0.1732],
        [0.0629, 0.0804, 0.0828, 0.1160, 0.1339, 0.0684, 0.1960, 0.0368, 0.1291,
         0.0937],
        [0.1164, 0.1464, 0.0526, 0.0675, 0.0576, 0.0555, 0.0913, 0.0506, 0.2866,
         0.0756],
        [0.1307, 0.0580, 0.0991, 0.1198, 0.0908, 0.1025, 0.0800, 0.1383, 0.1069,
         0.0738],
        [0.0866, 0.0536, 0.1101, 0.1240, 0.1035, 0.0791, 0.1459, 0.0951, 0.0735,
         0.1287],
        [0.1414, 0.0647, 0.0512, 0.0658, 0.0701, 0.0567, 0.0795, 0.0409, 0.3955,
         0.0342],
        [0.1088, 0.0539, 0.0944, 0.0789, 0.1603, 0.0757, 0.0677, 0.1990, 0.0865,
         0.0747],
        [0.1702, 0.0697, 0.1017, 0.0999, 0.0756, 0.0723, 0.0895, 0.0642, 0.1935,
         0.0635],
        [0.1086, 0.0337, 0.1282, 0.1069, 0.1182, 0.0683, 0.1204, 0.1060, 0.1361,
         0.0737],
        [0.0920, 0.0489, 0.0935, 0.1165, 0.0956, 0.0839, 0.1390, 0.0519, 0.2277,
         0.0510],
        [0.0978, 0.0610, 0.1048, 0.1599, 0.0921, 0.1013, 0.0879, 0.0875, 0.0903,
         0.1174],
        [0.0870, 0.0524, 0.1006, 0.1070, 0.1906, 0.0922, 0.1230, 0.1066, 0.0772,
         0.0634],
        [0.1361, 0.0956, 0.0841, 0.1156, 0.0938, 0.0874, 0.0943, 0.0648, 0.1457,
         0.0826],
        [0.0900, 0.2864, 0.0526, 0.0900, 0.0702, 0.0621, 0.0884, 0.0486, 0.1281,
         0.0837],
        [0.0600, 0.0447, 0.1011, 0.1772, 0.1194, 0.1185, 0.1663, 0.0616, 0.0768,
         0.0745],
        [0.0956, 0.0605, 0.0834, 0.1234, 0.1090, 0.0902, 0.1087, 0.0455, 0.2285,
         0.0551],
        [0.0648, 0.0366, 0.1069, 0.1101, 0.2139, 0.0911, 0.1590, 0.0912, 0.0689,
         0.0575],
        [0.0494, 0.0372, 0.1101, 0.1118, 0.1797, 0.0872, 0.2326, 0.0458, 0.0703,
         0.0761],
        [0.1259, 0.2604, 0.0454, 0.0846, 0.0682, 0.0642, 0.0722, 0.0572, 0.1449,
         0.0771],
        [0.0538, 0.0457, 0.0889, 0.1374, 0.1280, 0.0760, 0.2520, 0.0470, 0.0675,
         0.1036],
        [0.1251, 0.1452, 0.0758, 0.0971, 0.1169, 0.0914, 0.0751, 0.0857, 0.0933,
         0.0945],
        [0.0771, 0.0719, 0.0899, 0.1858, 0.1207, 0.1147, 0.1050, 0.0537, 0.1256,
         0.0556],
        [0.0981, 0.0385, 0.1004, 0.0963, 0.1288, 0.0747, 0.1349, 0.0351, 0.2580,
         0.0353],
        [0.0698, 0.0429, 0.1128, 0.1442, 0.1794, 0.1126, 0.0973, 0.1220, 0.0672,
         0.0518],
        [0.1100, 0.0434, 0.1248, 0.1316, 0.1357, 0.1118, 0.0937, 0.0790, 0.1228,
         0.0471],
        [0.0925, 0.0529, 0.0947, 0.1134, 0.1206, 0.0971, 0.1327, 0.0908, 0.0966,
         0.1087],
        [0.1195, 0.0827, 0.0665, 0.0842, 0.0821, 0.0576, 0.0998, 0.0433, 0.2981,
         0.0662],
        [0.0591, 0.0335, 0.1418, 0.0855, 0.2969, 0.0799, 0.1072, 0.0829, 0.0745,
         0.0386],
        [0.0650, 0.1095, 0.0795, 0.1140, 0.1291, 0.0741, 0.1692, 0.0366, 0.1539,
         0.0690],
        [0.0600, 0.0435, 0.1109, 0.1763, 0.1352, 0.1084, 0.1511, 0.0685, 0.0719,
         0.0743]], device='cuda:0', grad_fn=<SoftmaxBackward>)
>> best accuracy: 31.46	best epoch: 0

>> final recovery rate: 40.26222222222222%
>> val epoch: 5
>> current accuracy: 50.2%
outputs: tensor([[0.4348, 0.0638, 0.0668, 0.0804, 0.0813, 0.0546, 0.0613, 0.0552, 0.0517,
         0.0501],
        [0.1427, 0.2711, 0.0510, 0.0687, 0.0839, 0.0373, 0.0644, 0.0482, 0.0502,
         0.1824],
        [0.5014, 0.0577, 0.0539, 0.0799, 0.0661, 0.0579, 0.0540, 0.0445, 0.0422,
         0.0423],
        [0.1707, 0.0734, 0.0924, 0.1680, 0.0955, 0.1258, 0.1103, 0.0628, 0.0472,
         0.0539],
        [0.1281, 0.0651, 0.0966, 0.1479, 0.1178, 0.1089, 0.1511, 0.0735, 0.0567,
         0.0542],
        [0.0855, 0.0530, 0.1781, 0.0911, 0.2226, 0.0761, 0.1273, 0.0544, 0.0648,
         0.0471],
        [0.1356, 0.0700, 0.0635, 0.1079, 0.1258, 0.1014, 0.0778, 0.2015, 0.0479,
         0.0687],
        [0.1821, 0.1553, 0.0613, 0.0913, 0.0806, 0.0625, 0.0811, 0.0642, 0.1220,
         0.0997],
        [0.1774, 0.0763, 0.0931, 0.1358, 0.0976, 0.0898, 0.0867, 0.0977, 0.0508,
         0.0948],
        [0.1655, 0.0938, 0.0664, 0.0941, 0.0786, 0.0642, 0.1144, 0.0622, 0.1825,
         0.0783],
        [0.1312, 0.0651, 0.0756, 0.1523, 0.1080, 0.1323, 0.0933, 0.1291, 0.0465,
         0.0667],
        [0.0856, 0.0471, 0.0783, 0.0784, 0.1156, 0.0533, 0.4028, 0.0507, 0.0410,
         0.0473],
        [0.1030, 0.0672, 0.0803, 0.1705, 0.1154, 0.1262, 0.1624, 0.0637, 0.0494,
         0.0619],
        [0.0967, 0.0565, 0.0814, 0.1020, 0.1444, 0.0754, 0.2949, 0.0466, 0.0527,
         0.0495],
        [0.1259, 0.0830, 0.0675, 0.1208, 0.1016, 0.0782, 0.0974, 0.0862, 0.0580,
         0.1813],
        [0.0913, 0.0619, 0.0530, 0.1671, 0.0886, 0.1095, 0.2781, 0.0491, 0.0492,
         0.0522],
        [0.1396, 0.0603, 0.1016, 0.1552, 0.1141, 0.1092, 0.1678, 0.0598, 0.0417,
         0.0507],
        [0.1911, 0.0662, 0.0529, 0.0670, 0.0867, 0.0564, 0.0634, 0.0678, 0.2965,
         0.0520],
        [0.1087, 0.1562, 0.0602, 0.1152, 0.0870, 0.0567, 0.1151, 0.0454, 0.0631,
         0.1924],
        [0.1032, 0.0493, 0.0697, 0.0787, 0.1788, 0.0593, 0.0720, 0.2848, 0.0497,
         0.0545],
        [0.1728, 0.0615, 0.0652, 0.1721, 0.0851, 0.1646, 0.1108, 0.0671, 0.0487,
         0.0520],
        [0.2623, 0.1583, 0.0813, 0.0770, 0.1112, 0.0515, 0.0763, 0.0633, 0.0509,
         0.0678],
        [0.0868, 0.0577, 0.1054, 0.1034, 0.1951, 0.0904, 0.1366, 0.1114, 0.0533,
         0.0597],
        [0.2224, 0.1507, 0.0685, 0.0839, 0.1023, 0.0551, 0.0985, 0.0464, 0.1011,
         0.0712],
        [0.1293, 0.0782, 0.0721, 0.1546, 0.0763, 0.0934, 0.2179, 0.0514, 0.0535,
         0.0734],
        [0.0758, 0.0457, 0.0575, 0.0508, 0.1241, 0.0396, 0.4888, 0.0434, 0.0349,
         0.0393],
        [0.0900, 0.2291, 0.0460, 0.0693, 0.0780, 0.0375, 0.0595, 0.0526, 0.0520,
         0.2860],
        [0.0847, 0.0544, 0.0702, 0.0697, 0.2116, 0.0530, 0.0907, 0.2560, 0.0528,
         0.0568],
        [0.1084, 0.0755, 0.0869, 0.1598, 0.1536, 0.1133, 0.1330, 0.0622, 0.0502,
         0.0570],
        [0.2534, 0.0611, 0.1304, 0.1082, 0.1244, 0.0880, 0.0768, 0.0542, 0.0596,
         0.0438],
        [0.1055, 0.0666, 0.1130, 0.1358, 0.1284, 0.0850, 0.2091, 0.0514, 0.0518,
         0.0535],
        [0.1659, 0.0695, 0.0537, 0.0676, 0.0850, 0.0539, 0.0792, 0.0600, 0.2925,
         0.0728],
        [0.2602, 0.0607, 0.0508, 0.0765, 0.0757, 0.0634, 0.0696, 0.0698, 0.2151,
         0.0583],
        [0.1277, 0.2532, 0.0581, 0.0712, 0.0931, 0.0548, 0.0808, 0.0594, 0.0758,
         0.1260],
        [0.0985, 0.0575, 0.1350, 0.1254, 0.1568, 0.1335, 0.0962, 0.0934, 0.0508,
         0.0529],
        [0.2374, 0.0736, 0.0730, 0.0901, 0.0988, 0.0734, 0.0923, 0.0819, 0.1152,
         0.0643],
        [0.0866, 0.0521, 0.0695, 0.0824, 0.1883, 0.0622, 0.0699, 0.2819, 0.0478,
         0.0593],
        [0.0992, 0.0537, 0.0934, 0.0767, 0.2634, 0.0555, 0.0737, 0.1773, 0.0527,
         0.0545],
        [0.1854, 0.0951, 0.0925, 0.1136, 0.0968, 0.0678, 0.1004, 0.0621, 0.0757,
         0.1105],
        [0.2221, 0.1036, 0.0600, 0.0752, 0.1006, 0.0556, 0.0678, 0.0748, 0.1749,
         0.0654],
        [0.0725, 0.0544, 0.0808, 0.0886, 0.2288, 0.0674, 0.1274, 0.1531, 0.0586,
         0.0683],
        [0.1911, 0.0608, 0.0475, 0.0599, 0.0876, 0.0526, 0.0562, 0.0669, 0.3220,
         0.0554],
        [0.1191, 0.0566, 0.2307, 0.0968, 0.1575, 0.0824, 0.1099, 0.0520, 0.0542,
         0.0407],
        [0.1574, 0.0945, 0.0626, 0.0892, 0.0893, 0.0515, 0.0884, 0.0599, 0.0911,
         0.2160],
        [0.1074, 0.1011, 0.0535, 0.0808, 0.0705, 0.0476, 0.0790, 0.0590, 0.0592,
         0.3419],
        [0.0983, 0.0582, 0.0685, 0.1038, 0.1711, 0.0827, 0.1177, 0.1853, 0.0507,
         0.0637],
        [0.0921, 0.0887, 0.0613, 0.0970, 0.0981, 0.0605, 0.0931, 0.0710, 0.0699,
         0.2683],
        [0.1026, 0.0645, 0.0596, 0.1797, 0.0938, 0.1286, 0.2106, 0.0519, 0.0535,
         0.0553],
        [0.0827, 0.0426, 0.1061, 0.0630, 0.3882, 0.0516, 0.0903, 0.0940, 0.0447,
         0.0368],
        [0.1244, 0.2900, 0.0445, 0.0671, 0.0843, 0.0532, 0.0626, 0.0632, 0.0595,
         0.1512],
        [0.1175, 0.0691, 0.0656, 0.1664, 0.1011, 0.1154, 0.1971, 0.0708, 0.0405,
         0.0566],
        [0.0804, 0.0960, 0.0580, 0.0678, 0.0708, 0.0450, 0.0797, 0.0591, 0.0704,
         0.3729],
        [0.1487, 0.0505, 0.1400, 0.1086, 0.1552, 0.0828, 0.0970, 0.0954, 0.0605,
         0.0614],
        [0.1241, 0.0640, 0.0749, 0.1715, 0.0919, 0.1522, 0.1097, 0.0944, 0.0462,
         0.0713],
        [0.0917, 0.0517, 0.0955, 0.0869, 0.2887, 0.0705, 0.1225, 0.0986, 0.0493,
         0.0446],
        [0.1256, 0.0751, 0.0989, 0.1176, 0.1066, 0.1126, 0.1255, 0.0745, 0.0681,
         0.0956],
        [0.1217, 0.0707, 0.0817, 0.1653, 0.1118, 0.1229, 0.1016, 0.0731, 0.0731,
         0.0780],
        [0.1496, 0.0587, 0.0532, 0.0744, 0.0777, 0.0549, 0.0890, 0.0679, 0.2722,
         0.1023],
        [0.3452, 0.0729, 0.0567, 0.0853, 0.0732, 0.0627, 0.0693, 0.0572, 0.1155,
         0.0620],
        [0.1560, 0.0477, 0.1095, 0.0815, 0.2465, 0.0750, 0.0711, 0.1155, 0.0569,
         0.0401],
        [0.1013, 0.0569, 0.0662, 0.0822, 0.1698, 0.0626, 0.0885, 0.2609, 0.0475,
         0.0641],
        [0.1959, 0.2050, 0.0528, 0.0768, 0.0895, 0.0498, 0.0742, 0.0488, 0.0620,
         0.1452],
        [0.0932, 0.1127, 0.0685, 0.1296, 0.0961, 0.0733, 0.2015, 0.0487, 0.0628,
         0.1136],
        [0.1087, 0.0561, 0.1005, 0.1124, 0.1378, 0.0712, 0.2429, 0.0473, 0.0730,
         0.0501],
        [0.2346, 0.0650, 0.0830, 0.1086, 0.1123, 0.0756, 0.0931, 0.0634, 0.0920,
         0.0724],
        [0.0886, 0.0841, 0.0671, 0.1272, 0.1240, 0.0796, 0.0951, 0.1691, 0.0677,
         0.0975],
        [0.1253, 0.0677, 0.0656, 0.1821, 0.0907, 0.1889, 0.1143, 0.0654, 0.0440,
         0.0561],
        [0.0737, 0.0460, 0.0511, 0.0484, 0.0983, 0.0374, 0.5287, 0.0400, 0.0340,
         0.0425],
        [0.1805, 0.0756, 0.0689, 0.1013, 0.0924, 0.0714, 0.0924, 0.0838, 0.0773,
         0.1564],
        [0.1229, 0.0707, 0.0834, 0.1608, 0.0923, 0.1116, 0.1452, 0.0612, 0.0743,
         0.0774],
        [0.0896, 0.0578, 0.1298, 0.1212, 0.1479, 0.0912, 0.1568, 0.0721, 0.0575,
         0.0760],
        [0.1329, 0.0958, 0.0607, 0.0756, 0.0799, 0.0530, 0.0896, 0.0682, 0.0718,
         0.2726]], device='cuda:0', grad_fn=<SoftmaxBackward>)
>> best accuracy: 50.2	best epoch: 5

>> final recovery rate: 40.26222222222222%
>> val epoch: 10
>> current accuracy: 59.72%
outputs: tensor([[0.1999, 0.0658, 0.0730, 0.1117, 0.0854, 0.1017, 0.0707, 0.0990, 0.1352,
         0.0576],
        [0.0451, 0.0475, 0.0614, 0.1333, 0.1276, 0.2324, 0.0941, 0.1458, 0.0481,
         0.0645],
        [0.0682, 0.0477, 0.0623, 0.1706, 0.1017, 0.1890, 0.1100, 0.1222, 0.0548,
         0.0735],
        [0.0638, 0.0464, 0.0866, 0.0994, 0.0640, 0.0818, 0.3206, 0.1112, 0.0665,
         0.0599],
        [0.0571, 0.3470, 0.0570, 0.0828, 0.0881, 0.0781, 0.0654, 0.0973, 0.0314,
         0.0958],
        [0.0445, 0.0541, 0.0513, 0.0677, 0.0941, 0.0801, 0.0546, 0.4581, 0.0538,
         0.0416],
        [0.0595, 0.0456, 0.0812, 0.0813, 0.1590, 0.1114, 0.0867, 0.2497, 0.0615,
         0.0640],
        [0.0708, 0.2364, 0.0689, 0.1110, 0.0905, 0.0838, 0.0715, 0.1044, 0.0597,
         0.1031],
        [0.0919, 0.0537, 0.2116, 0.1183, 0.0700, 0.1135, 0.0992, 0.1007, 0.0640,
         0.0772],
        [0.2587, 0.0582, 0.0670, 0.1099, 0.0779, 0.0946, 0.0652, 0.1201, 0.0532,
         0.0953],
        [0.0544, 0.0683, 0.0675, 0.1514, 0.0932, 0.1476, 0.0610, 0.0898, 0.0406,
         0.2263],
        [0.0496, 0.0501, 0.0584, 0.0685, 0.0928, 0.1310, 0.0646, 0.3697, 0.0556,
         0.0598],
        [0.0356, 0.0432, 0.0445, 0.1627, 0.0688, 0.4059, 0.0590, 0.0847, 0.0391,
         0.0565],
        [0.0827, 0.0382, 0.0591, 0.1512, 0.0619, 0.0778, 0.0677, 0.0811, 0.3222,
         0.0580],
        [0.0369, 0.0474, 0.0459, 0.1271, 0.0714, 0.4165, 0.0549, 0.1019, 0.0396,
         0.0585],
        [0.0283, 0.0397, 0.0535, 0.0446, 0.0610, 0.1010, 0.0482, 0.5355, 0.0409,
         0.0473],
        [0.0711, 0.0437, 0.0848, 0.1178, 0.0890, 0.1041, 0.2512, 0.1113, 0.0613,
         0.0657],
        [0.1614, 0.0816, 0.0600, 0.1002, 0.0593, 0.0808, 0.0648, 0.1107, 0.2001,
         0.0810],
        [0.0511, 0.0411, 0.1194, 0.1592, 0.1252, 0.1743, 0.0973, 0.1170, 0.0466,
         0.0689],
        [0.2365, 0.0868, 0.0885, 0.0945, 0.0782, 0.1049, 0.0644, 0.1128, 0.0628,
         0.0706],
        [0.1300, 0.0461, 0.1465, 0.1017, 0.1444, 0.0907, 0.0816, 0.1123, 0.0910,
         0.0558],
        [0.0680, 0.0555, 0.0695, 0.0955, 0.1022, 0.0798, 0.0775, 0.0892, 0.1642,
         0.1985],
        [0.0679, 0.0435, 0.0880, 0.1537, 0.0865, 0.1560, 0.1428, 0.1311, 0.0561,
         0.0745],
        [0.0824, 0.2683, 0.0562, 0.0868, 0.1036, 0.0758, 0.0604, 0.0981, 0.0705,
         0.0979],
        [0.0622, 0.0476, 0.0641, 0.1435, 0.1609, 0.1957, 0.0885, 0.1243, 0.0582,
         0.0551],
        [0.0826, 0.1726, 0.0546, 0.0841, 0.0629, 0.0651, 0.0595, 0.1182, 0.2538,
         0.0465],
        [0.1579, 0.2321, 0.0596, 0.0890, 0.0796, 0.0849, 0.0597, 0.0956, 0.0520,
         0.0897],
        [0.0522, 0.0402, 0.1305, 0.1176, 0.1158, 0.1735, 0.0760, 0.1490, 0.0458,
         0.0994],
        [0.1162, 0.0745, 0.1621, 0.1142, 0.0943, 0.1019, 0.0722, 0.1059, 0.1054,
         0.0533],
        [0.0542, 0.0438, 0.0615, 0.1730, 0.1232, 0.2212, 0.0933, 0.1164, 0.0533,
         0.0601],
        [0.0670, 0.0416, 0.1191, 0.1003, 0.1848, 0.1377, 0.0647, 0.1624, 0.0561,
         0.0663],
        [0.0737, 0.0419, 0.0897, 0.1027, 0.0743, 0.0921, 0.2845, 0.0997, 0.0733,
         0.0680],
        [0.0688, 0.1195, 0.0667, 0.0963, 0.1026, 0.1117, 0.0694, 0.0836, 0.0419,
         0.2395],
        [0.0846, 0.0452, 0.0457, 0.1084, 0.0503, 0.0737, 0.0600, 0.0824, 0.3895,
         0.0602],
        [0.0624, 0.0321, 0.1033, 0.0819, 0.3645, 0.0896, 0.0537, 0.1181, 0.0536,
         0.0408],
        [0.0997, 0.1535, 0.0618, 0.0820, 0.0818, 0.0821, 0.0553, 0.0901, 0.0502,
         0.2435],
        [0.0786, 0.0503, 0.0852, 0.1405, 0.0812, 0.0947, 0.0876, 0.1133, 0.0727,
         0.1959],
        [0.1532, 0.0662, 0.0534, 0.0874, 0.0664, 0.0801, 0.0756, 0.1124, 0.2335,
         0.0717],
        [0.0796, 0.0423, 0.0536, 0.0709, 0.0893, 0.0897, 0.0669, 0.0923, 0.1108,
         0.3046],
        [0.1072, 0.0550, 0.0546, 0.0977, 0.0619, 0.0839, 0.0730, 0.1079, 0.2924,
         0.0664],
        [0.0486, 0.0491, 0.0621, 0.0988, 0.0992, 0.3198, 0.0550, 0.1541, 0.0513,
         0.0620],
        [0.0760, 0.0331, 0.1615, 0.1240, 0.1828, 0.1191, 0.0973, 0.0993, 0.0501,
         0.0568],
        [0.0796, 0.0822, 0.1002, 0.1425, 0.0888, 0.0915, 0.1331, 0.0976, 0.0579,
         0.1267],
        [0.0523, 0.0306, 0.0501, 0.3693, 0.0904, 0.1652, 0.0822, 0.0657, 0.0414,
         0.0528],
        [0.4145, 0.0516, 0.0558, 0.0733, 0.0548, 0.1048, 0.0545, 0.0864, 0.0455,
         0.0588],
        [0.0622, 0.0370, 0.0948, 0.1889, 0.1499, 0.1576, 0.0887, 0.1080, 0.0585,
         0.0543],
        [0.0636, 0.0432, 0.0404, 0.1029, 0.0644, 0.0638, 0.0552, 0.0814, 0.4103,
         0.0748],
        [0.0452, 0.0400, 0.0484, 0.2577, 0.0802, 0.2760, 0.0596, 0.0890, 0.0456,
         0.0583],
        [0.0813, 0.0456, 0.0822, 0.1249, 0.1683, 0.1103, 0.1359, 0.1238, 0.0637,
         0.0641],
        [0.0813, 0.0437, 0.0471, 0.0831, 0.0524, 0.0744, 0.0638, 0.0770, 0.4156,
         0.0618],
        [0.0844, 0.0461, 0.0853, 0.1873, 0.0744, 0.0871, 0.2027, 0.1022, 0.0730,
         0.0576],
        [0.0738, 0.0495, 0.0728, 0.1227, 0.1338, 0.1753, 0.0611, 0.1830, 0.0643,
         0.0634],
        [0.0359, 0.1276, 0.0599, 0.0742, 0.0780, 0.0706, 0.0570, 0.0824, 0.0326,
         0.3817],
        [0.0578, 0.0517, 0.0769, 0.1314, 0.2248, 0.1154, 0.0795, 0.1426, 0.0511,
         0.0687],
        [0.0647, 0.0320, 0.0649, 0.1939, 0.1389, 0.1288, 0.1480, 0.0989, 0.0657,
         0.0643],
        [0.2375, 0.0424, 0.0858, 0.1213, 0.0806, 0.1125, 0.0840, 0.0914, 0.0798,
         0.0649],
        [0.0671, 0.0402, 0.0554, 0.1537, 0.0763, 0.1188, 0.2553, 0.0956, 0.0625,
         0.0752],
        [0.0672, 0.0404, 0.1039, 0.1043, 0.2331, 0.1172, 0.0662, 0.1372, 0.0612,
         0.0691],
        [0.2897, 0.0698, 0.0736, 0.0848, 0.0708, 0.0919, 0.0687, 0.1030, 0.0844,
         0.0633],
        [0.0623, 0.0327, 0.1077, 0.2626, 0.1186, 0.1529, 0.0781, 0.0876, 0.0432,
         0.0542],
        [0.0639, 0.0370, 0.0848, 0.0869, 0.3028, 0.0998, 0.1216, 0.1011, 0.0473,
         0.0548],
        [0.0656, 0.0333, 0.0484, 0.0912, 0.0578, 0.0781, 0.0621, 0.0767, 0.4221,
         0.0648],
        [0.0566, 0.0282, 0.0787, 0.0766, 0.4256, 0.1053, 0.0594, 0.0743, 0.0443,
         0.0509],
        [0.0567, 0.0368, 0.0603, 0.2253, 0.1188, 0.1344, 0.1423, 0.1004, 0.0643,
         0.0607],
        [0.0721, 0.2216, 0.0601, 0.1050, 0.0965, 0.0854, 0.0584, 0.1010, 0.0419,
         0.1580],
        [0.0632, 0.0330, 0.0766, 0.1127, 0.3146, 0.1142, 0.0641, 0.1116, 0.0569,
         0.0531],
        [0.1092, 0.1198, 0.0753, 0.1253, 0.0720, 0.0769, 0.0659, 0.0908, 0.1057,
         0.1591],
        [0.3737, 0.0621, 0.0565, 0.0752, 0.0574, 0.1087, 0.0575, 0.0986, 0.0474,
         0.0628],
        [0.0391, 0.0494, 0.0558, 0.0610, 0.0745, 0.0974, 0.0546, 0.4792, 0.0482,
         0.0407],
        [0.1638, 0.0746, 0.0714, 0.1124, 0.1014, 0.1060, 0.0813, 0.1112, 0.0810,
         0.0969],
        [0.0675, 0.0410, 0.1075, 0.1263, 0.1258, 0.1216, 0.1704, 0.1190, 0.0590,
         0.0620],
        [0.0984, 0.0887, 0.1088, 0.1130, 0.0895, 0.0729, 0.0609, 0.0875, 0.0608,
         0.2194]], device='cuda:0', grad_fn=<SoftmaxBackward>)
>> best accuracy: 59.72	best epoch: 10

>> final recovery rate: 40.26222222222222%
>> val epoch: 15
>> current accuracy: 63.0%
outputs: tensor([[0.0790, 0.4095, 0.1023, 0.0510, 0.0644, 0.0503, 0.0474, 0.0711, 0.0576,
         0.0673],
        [0.1055, 0.0580, 0.1793, 0.1266, 0.0951, 0.0911, 0.1217, 0.0852, 0.0434,
         0.0942],
        [0.0554, 0.0516, 0.3696, 0.0646, 0.1487, 0.0641, 0.0685, 0.0824, 0.0403,
         0.0550],
        [0.1523, 0.0585, 0.0940, 0.0782, 0.0654, 0.0580, 0.0706, 0.0831, 0.2777,
         0.0621],
        [0.0802, 0.0634, 0.1834, 0.1199, 0.0653, 0.1282, 0.1447, 0.0886, 0.0457,
         0.0806],
        [0.0600, 0.0463, 0.0725, 0.0754, 0.0601, 0.0648, 0.0490, 0.0716, 0.4471,
         0.0533],
        [0.0763, 0.0531, 0.0955, 0.1610, 0.0721, 0.2147, 0.0990, 0.1067, 0.0524,
         0.0692],
        [0.0756, 0.0565, 0.0926, 0.0783, 0.0379, 0.0694, 0.0521, 0.0736, 0.0472,
         0.4167],
        [0.0784, 0.0662, 0.0929, 0.1334, 0.0808, 0.0842, 0.2558, 0.0775, 0.0569,
         0.0739],
        [0.1661, 0.2402, 0.1035, 0.0516, 0.0583, 0.0472, 0.0678, 0.0702, 0.0996,
         0.0955],
        [0.0768, 0.0524, 0.1932, 0.0726, 0.0787, 0.0690, 0.2596, 0.0835, 0.0492,
         0.0650],
        [0.0571, 0.0544, 0.1456, 0.0605, 0.1366, 0.2212, 0.0986, 0.1150, 0.0544,
         0.0565],
        [0.0580, 0.0516, 0.0792, 0.0399, 0.0965, 0.0656, 0.0499, 0.4500, 0.0503,
         0.0591],
        [0.0531, 0.0488, 0.0989, 0.0904, 0.0664, 0.4005, 0.0533, 0.0850, 0.0432,
         0.0604],
        [0.0768, 0.0528, 0.2321, 0.0575, 0.1153, 0.0584, 0.2234, 0.0772, 0.0486,
         0.0579],
        [0.0719, 0.0403, 0.0837, 0.0609, 0.0658, 0.0635, 0.0576, 0.0634, 0.4202,
         0.0726],
        [0.0835, 0.0507, 0.1458, 0.1523, 0.1873, 0.1150, 0.0904, 0.0796, 0.0424,
         0.0530],
        [0.0802, 0.0576, 0.1870, 0.0682, 0.1070, 0.1468, 0.0627, 0.1746, 0.0492,
         0.0669],
        [0.1121, 0.0585, 0.1518, 0.1448, 0.0766, 0.1265, 0.0934, 0.0724, 0.0687,
         0.0953],
        [0.0970, 0.0540, 0.1876, 0.1641, 0.0758, 0.1034, 0.0772, 0.0867, 0.0810,
         0.0732],
        [0.1007, 0.2233, 0.1138, 0.0563, 0.0642, 0.0489, 0.0652, 0.0802, 0.0694,
         0.1780],
        [0.0751, 0.0472, 0.0822, 0.3366, 0.0582, 0.1540, 0.0771, 0.0720, 0.0331,
         0.0643],
        [0.0834, 0.0519, 0.2071, 0.1287, 0.1338, 0.1305, 0.0834, 0.0787, 0.0457,
         0.0568],
        [0.0818, 0.0538, 0.1344, 0.0577, 0.3134, 0.0728, 0.1027, 0.0674, 0.0470,
         0.0690],
        [0.0699, 0.0540, 0.0907, 0.0458, 0.0988, 0.0726, 0.0445, 0.3982, 0.0543,
         0.0712],
        [0.1493, 0.2942, 0.1073, 0.0527, 0.0493, 0.0527, 0.0727, 0.0694, 0.0649,
         0.0875],
        [0.4539, 0.0663, 0.0893, 0.0524, 0.0396, 0.0594, 0.0684, 0.0729, 0.0388,
         0.0589],
        [0.0748, 0.0452, 0.0876, 0.0646, 0.0595, 0.0681, 0.0590, 0.0621, 0.4209,
         0.0582],
        [0.0920, 0.0480, 0.0918, 0.2727, 0.0555, 0.1686, 0.0839, 0.0792, 0.0345,
         0.0738],
        [0.0874, 0.0572, 0.1049, 0.2170, 0.0699, 0.2071, 0.0654, 0.0815, 0.0475,
         0.0621],
        [0.0961, 0.0570, 0.2122, 0.0679, 0.1501, 0.0602, 0.1709, 0.0796, 0.0515,
         0.0544],
        [0.0736, 0.0435, 0.1570, 0.0623, 0.2706, 0.0998, 0.1184, 0.0767, 0.0479,
         0.0501],
        [0.0851, 0.0527, 0.1657, 0.0894, 0.0572, 0.0804, 0.0671, 0.0723, 0.2764,
         0.0537],
        [0.0838, 0.0455, 0.2345, 0.0669, 0.2000, 0.0740, 0.1136, 0.0804, 0.0467,
         0.0546],
        [0.0693, 0.0533, 0.0910, 0.0552, 0.2746, 0.0754, 0.0627, 0.1973, 0.0552,
         0.0658],
        [0.0815, 0.0511, 0.2201, 0.0709, 0.1655, 0.0999, 0.0904, 0.1084, 0.0454,
         0.0669],
        [0.0637, 0.0587, 0.1598, 0.0515, 0.1237, 0.1002, 0.0591, 0.2292, 0.0549,
         0.0993],
        [0.0861, 0.0497, 0.1083, 0.1081, 0.0898, 0.1579, 0.0534, 0.1712, 0.0624,
         0.1130],
        [0.0837, 0.0450, 0.0784, 0.0437, 0.0587, 0.0666, 0.0575, 0.0960, 0.1398,
         0.3306],
        [0.4690, 0.0380, 0.1414, 0.0567, 0.0401, 0.0532, 0.0627, 0.0619, 0.0306,
         0.0465],
        [0.0712, 0.0507, 0.1024, 0.1091, 0.0685, 0.2992, 0.0627, 0.1173, 0.0508,
         0.0679],
        [0.0783, 0.0565, 0.1413, 0.0698, 0.1095, 0.1514, 0.0662, 0.2098, 0.0501,
         0.0670],
        [0.0938, 0.0502, 0.0875, 0.0492, 0.1096, 0.0872, 0.0403, 0.3394, 0.0610,
         0.0818],
        [0.2074, 0.0684, 0.1200, 0.0667, 0.0634, 0.0632, 0.0708, 0.0827, 0.1984,
         0.0589],
        [0.2874, 0.0538, 0.1592, 0.0789, 0.0517, 0.0716, 0.0876, 0.0784, 0.0493,
         0.0820],
        [0.0709, 0.0463, 0.0765, 0.0398, 0.0497, 0.0525, 0.0490, 0.0699, 0.0775,
         0.4680],
        [0.0638, 0.0501, 0.1888, 0.0679, 0.2826, 0.0826, 0.0907, 0.0729, 0.0434,
         0.0572],
        [0.0772, 0.0647, 0.1313, 0.0688, 0.0968, 0.0603, 0.2937, 0.0910, 0.0530,
         0.0631],
        [0.0583, 0.0357, 0.1091, 0.0396, 0.5135, 0.0531, 0.0422, 0.0630, 0.0383,
         0.0472],
        [0.1134, 0.0631, 0.1420, 0.1363, 0.0739, 0.1201, 0.0755, 0.1570, 0.0436,
         0.0751],
        [0.4329, 0.0467, 0.0960, 0.0559, 0.0474, 0.0760, 0.0771, 0.0667, 0.0428,
         0.0584],
        [0.0945, 0.0560, 0.1312, 0.0709, 0.1789, 0.0729, 0.2168, 0.0662, 0.0520,
         0.0606],
        [0.0665, 0.0696, 0.1588, 0.0665, 0.0593, 0.2723, 0.0731, 0.0943, 0.0458,
         0.0939],
        [0.3102, 0.0551, 0.1200, 0.0609, 0.0474, 0.0724, 0.0647, 0.0852, 0.0664,
         0.1176],
        [0.0752, 0.0437, 0.1040, 0.0835, 0.0650, 0.0898, 0.0599, 0.0718, 0.2865,
         0.1205],
        [0.1141, 0.2476, 0.1069, 0.0538, 0.0596, 0.0585, 0.0644, 0.0878, 0.0595,
         0.1479],
        [0.0836, 0.3518, 0.0978, 0.0498, 0.0595, 0.0579, 0.0659, 0.0851, 0.0704,
         0.0782],
        [0.1038, 0.1752, 0.1284, 0.0619, 0.0906, 0.0513, 0.0643, 0.0598, 0.0689,
         0.1957],
        [0.0928, 0.1427, 0.1118, 0.0641, 0.1117, 0.0635, 0.0448, 0.0783, 0.2057,
         0.0846],
        [0.3426, 0.0536, 0.1398, 0.0577, 0.0452, 0.0535, 0.0738, 0.0878, 0.0781,
         0.0679],
        [0.0610, 0.0504, 0.1108, 0.0883, 0.0796, 0.3204, 0.0688, 0.1203, 0.0399,
         0.0606],
        [0.0748, 0.1578, 0.1102, 0.0597, 0.1059, 0.0671, 0.0497, 0.1000, 0.0651,
         0.2097],
        [0.0879, 0.1876, 0.1129, 0.0615, 0.0698, 0.0509, 0.0616, 0.0816, 0.0657,
         0.2206],
        [0.0519, 0.0383, 0.0718, 0.0671, 0.0556, 0.0582, 0.0513, 0.0595, 0.4992,
         0.0471],
        [0.0635, 0.0369, 0.1292, 0.0484, 0.4456, 0.0564, 0.0656, 0.0763, 0.0353,
         0.0428],
        [0.0663, 0.0686, 0.1125, 0.0770, 0.0720, 0.3342, 0.0570, 0.0953, 0.0516,
         0.0655],
        [0.0524, 0.0457, 0.0674, 0.0349, 0.0715, 0.0645, 0.0404, 0.5282, 0.0464,
         0.0485],
        [0.0809, 0.0545, 0.1132, 0.1542, 0.0567, 0.0723, 0.2663, 0.0808, 0.0585,
         0.0626],
        [0.0712, 0.0616, 0.0845, 0.0453, 0.0531, 0.0487, 0.0540, 0.0910, 0.0907,
         0.3999],
        [0.0651, 0.0465, 0.0654, 0.0677, 0.0665, 0.0583, 0.0484, 0.0676, 0.4611,
         0.0534],
        [0.1506, 0.0558, 0.1108, 0.0521, 0.0542, 0.0570, 0.0609, 0.0583, 0.0897,
         0.3106],
        [0.0756, 0.2874, 0.1034, 0.0554, 0.0633, 0.0654, 0.0543, 0.0742, 0.1216,
         0.0993]], device='cuda:0', grad_fn=<SoftmaxBackward>)
>> best accuracy: 63.0	best epoch: 15

>> final recovery rate: 40.26222222222222%
>> val epoch: 20
>> current accuracy: 71.34%
outputs: tensor([[0.0599, 0.0632, 0.1291, 0.0620, 0.3970, 0.0541, 0.0954, 0.0569, 0.0418,
         0.0406],
        [0.0455, 0.0846, 0.0613, 0.0547, 0.0710, 0.0621, 0.0653, 0.4351, 0.0617,
         0.0587],
        [0.0570, 0.4483, 0.0717, 0.0603, 0.0607, 0.0553, 0.0622, 0.0640, 0.0490,
         0.0716],
        [0.0631, 0.0797, 0.0898, 0.1127, 0.3154, 0.0736, 0.0769, 0.0833, 0.0476,
         0.0578],
        [0.1430, 0.0962, 0.0676, 0.0884, 0.0740, 0.0572, 0.0680, 0.0939, 0.2491,
         0.0626],
        [0.1069, 0.0744, 0.0707, 0.0933, 0.0671, 0.0703, 0.0709, 0.0909, 0.2911,
         0.0643],
        [0.0535, 0.1099, 0.0732, 0.1593, 0.0634, 0.2364, 0.0820, 0.0809, 0.0668,
         0.0747],
        [0.1435, 0.0750, 0.1346, 0.1034, 0.1376, 0.0714, 0.0552, 0.0816, 0.1489,
         0.0488],
        [0.0497, 0.0831, 0.1833, 0.1143, 0.1107, 0.1746, 0.0948, 0.0782, 0.0633,
         0.0480],
        [0.0675, 0.0907, 0.0823, 0.0666, 0.0552, 0.0717, 0.0828, 0.0676, 0.0537,
         0.3619],
        [0.0590, 0.0728, 0.0650, 0.0942, 0.0828, 0.0758, 0.0667, 0.0689, 0.3542,
         0.0605],
        [0.0769, 0.0807, 0.0680, 0.3301, 0.0719, 0.0797, 0.0951, 0.0727, 0.0637,
         0.0611],
        [0.0861, 0.2518, 0.0624, 0.0687, 0.0784, 0.0743, 0.0667, 0.0887, 0.1191,
         0.1037],
        [0.1644, 0.0656, 0.1270, 0.1592, 0.0999, 0.0691, 0.0725, 0.1243, 0.0653,
         0.0527],
        [0.0386, 0.0572, 0.0438, 0.0556, 0.0809, 0.0558, 0.5047, 0.0610, 0.0487,
         0.0537],
        [0.0980, 0.0575, 0.0751, 0.0582, 0.0550, 0.0616, 0.1046, 0.0637, 0.1402,
         0.2860],
        [0.0491, 0.4554, 0.0668, 0.0579, 0.0629, 0.0613, 0.0558, 0.0615, 0.0477,
         0.0816],
        [0.3912, 0.0524, 0.0589, 0.0553, 0.0605, 0.0626, 0.0629, 0.0643, 0.0370,
         0.1549],
        [0.0578, 0.0761, 0.0659, 0.0566, 0.0584, 0.0627, 0.0741, 0.0690, 0.0584,
         0.4210],
        [0.1042, 0.4161, 0.0584, 0.0510, 0.0642, 0.0520, 0.0528, 0.0885, 0.0540,
         0.0588],
        [0.0990, 0.1759, 0.0777, 0.0665, 0.1240, 0.0615, 0.0657, 0.2203, 0.0575,
         0.0517],
        [0.1039, 0.0771, 0.0682, 0.0814, 0.0553, 0.0715, 0.0758, 0.0533, 0.0421,
         0.3713],
        [0.0553, 0.0736, 0.0619, 0.0915, 0.0704, 0.0674, 0.0592, 0.0800, 0.3812,
         0.0595],
        [0.0682, 0.0870, 0.0662, 0.3028, 0.0841, 0.1043, 0.1059, 0.0692, 0.0503,
         0.0622],
        [0.0575, 0.1033, 0.0679, 0.2168, 0.0806, 0.1739, 0.0883, 0.0807, 0.0550,
         0.0762],
        [0.0670, 0.0623, 0.1674, 0.0809, 0.3423, 0.0685, 0.0826, 0.0546, 0.0385,
         0.0360],
        [0.0386, 0.5194, 0.0632, 0.0465, 0.0516, 0.0628, 0.0643, 0.0463, 0.0488,
         0.0585],
        [0.0716, 0.0625, 0.0898, 0.0855, 0.3046, 0.1364, 0.1087, 0.0546, 0.0448,
         0.0415],
        [0.0536, 0.0710, 0.0881, 0.0657, 0.0356, 0.0810, 0.0666, 0.0533, 0.0422,
         0.4430],
        [0.0507, 0.0901, 0.0882, 0.1650, 0.0785, 0.2046, 0.0785, 0.1028, 0.0711,
         0.0705],
        [0.0536, 0.0682, 0.0535, 0.0916, 0.0787, 0.0716, 0.3815, 0.0634, 0.0742,
         0.0636],
        [0.1741, 0.1054, 0.2173, 0.0676, 0.0641, 0.0477, 0.0845, 0.0935, 0.0813,
         0.0645],
        [0.0441, 0.0583, 0.0655, 0.0515, 0.0908, 0.0574, 0.4640, 0.0658, 0.0473,
         0.0553],
        [0.0704, 0.0925, 0.2685, 0.0989, 0.0751, 0.0714, 0.0826, 0.1153, 0.0595,
         0.0658],
        [0.1766, 0.0731, 0.2399, 0.0910, 0.0869, 0.0613, 0.0598, 0.1020, 0.0575,
         0.0519],
        [0.0774, 0.3864, 0.0691, 0.0730, 0.0586, 0.0578, 0.0586, 0.0730, 0.0530,
         0.0932],
        [0.1123, 0.0675, 0.2144, 0.0893, 0.1622, 0.0519, 0.1274, 0.0743, 0.0451,
         0.0557],
        [0.0845, 0.0826, 0.0691, 0.2792, 0.0681, 0.0822, 0.1195, 0.0776, 0.0547,
         0.0826],
        [0.0441, 0.0939, 0.0596, 0.0543, 0.1112, 0.0482, 0.0736, 0.3735, 0.0754,
         0.0663],
        [0.0596, 0.0789, 0.0517, 0.0499, 0.0710, 0.0474, 0.0614, 0.4643, 0.0601,
         0.0558],
        [0.0515, 0.0566, 0.0415, 0.1411, 0.0603, 0.0744, 0.4101, 0.0592, 0.0446,
         0.0607],
        [0.0550, 0.0650, 0.0609, 0.1060, 0.1128, 0.0849, 0.3441, 0.0728, 0.0468,
         0.0516],
        [0.1119, 0.3211, 0.0784, 0.0631, 0.0609, 0.0562, 0.0813, 0.0731, 0.0543,
         0.0996],
        [0.0339, 0.0632, 0.0738, 0.0513, 0.0522, 0.0604, 0.0713, 0.0542, 0.0467,
         0.4930],
        [0.0487, 0.0858, 0.0684, 0.2912, 0.0677, 0.1818, 0.0645, 0.0696, 0.0527,
         0.0694],
        [0.0464, 0.0837, 0.0639, 0.0583, 0.0706, 0.0697, 0.0611, 0.4295, 0.0581,
         0.0587],
        [0.0516, 0.0976, 0.0819, 0.1728, 0.0814, 0.2078, 0.0946, 0.0709, 0.0751,
         0.0663],
        [0.0551, 0.0778, 0.0585, 0.0760, 0.4029, 0.0534, 0.0517, 0.1111, 0.0512,
         0.0624],
        [0.0610, 0.1065, 0.0912, 0.0766, 0.0559, 0.0780, 0.0945, 0.0623, 0.0998,
         0.2742],
        [0.0564, 0.0687, 0.0585, 0.3720, 0.0834, 0.1097, 0.0970, 0.0575, 0.0477,
         0.0493],
        [0.0436, 0.5121, 0.0612, 0.0497, 0.0606, 0.0594, 0.0555, 0.0530, 0.0564,
         0.0486],
        [0.0492, 0.0636, 0.1195, 0.0540, 0.2762, 0.0645, 0.1988, 0.0733, 0.0536,
         0.0472],
        [0.0401, 0.0511, 0.0837, 0.0332, 0.5845, 0.0349, 0.0411, 0.0556, 0.0400,
         0.0359],
        [0.0650, 0.0777, 0.0601, 0.3889, 0.0692, 0.0828, 0.0825, 0.0684, 0.0483,
         0.0571],
        [0.0494, 0.0594, 0.0701, 0.0674, 0.0710, 0.0677, 0.0739, 0.0711, 0.0815,
         0.3883],
        [0.0422, 0.0879, 0.0787, 0.0990, 0.0694, 0.3730, 0.0685, 0.0601, 0.0573,
         0.0639],
        [0.0529, 0.1155, 0.4751, 0.0453, 0.0497, 0.0562, 0.0574, 0.0764, 0.0277,
         0.0438],
        [0.0444, 0.1021, 0.0924, 0.1021, 0.0775, 0.3036, 0.0763, 0.0687, 0.0658,
         0.0671],
        [0.0854, 0.2020, 0.1091, 0.0605, 0.0896, 0.0802, 0.0888, 0.1373, 0.0633,
         0.0838],
        [0.3548, 0.0629, 0.0710, 0.0690, 0.0723, 0.0561, 0.0801, 0.0637, 0.0480,
         0.1219],
        [0.0631, 0.0569, 0.0846, 0.0732, 0.0842, 0.0647, 0.3861, 0.0683, 0.0526,
         0.0664],
        [0.0657, 0.0683, 0.3751, 0.0704, 0.1401, 0.0566, 0.0749, 0.0685, 0.0364,
         0.0440],
        [0.0466, 0.0975, 0.0793, 0.0815, 0.0973, 0.3113, 0.0675, 0.0852, 0.0645,
         0.0693],
        [0.0634, 0.0740, 0.0825, 0.2833, 0.0822, 0.0916, 0.1138, 0.0782, 0.0540,
         0.0769],
        [0.0690, 0.1148, 0.2504, 0.1385, 0.0636, 0.0733, 0.0778, 0.0945, 0.0549,
         0.0630],
        [0.0523, 0.0892, 0.0691, 0.0540, 0.0867, 0.0647, 0.0578, 0.3934, 0.0628,
         0.0699],
        [0.1206, 0.0752, 0.0986, 0.0601, 0.0360, 0.0689, 0.0715, 0.0477, 0.0265,
         0.3948],
        [0.0395, 0.0643, 0.0590, 0.0501, 0.0589, 0.0462, 0.0597, 0.5190, 0.0529,
         0.0504],
        [0.0379, 0.0745, 0.0573, 0.0498, 0.0634, 0.0624, 0.0552, 0.4957, 0.0447,
         0.0591],
        [0.0588, 0.0836, 0.0599, 0.0633, 0.0813, 0.0486, 0.0683, 0.4193, 0.0620,
         0.0550],
        [0.0709, 0.0719, 0.0857, 0.1415, 0.1658, 0.0719, 0.1379, 0.1252, 0.0615,
         0.0677],
        [0.0632, 0.0609, 0.0532, 0.2788, 0.0833, 0.0757, 0.1850, 0.0777, 0.0652,
         0.0570]], device='cuda:0', grad_fn=<SoftmaxBackward>)
>> best accuracy: 71.34	best epoch: 20

>> final recovery rate: 40.26222222222222%
>> val epoch: 25
>> current accuracy: 70.86%
outputs: tensor([[0.0898, 0.3188, 0.0731, 0.0823, 0.0694, 0.0542, 0.0827, 0.0619, 0.0801,
         0.0877],
        [0.0404, 0.0669, 0.3944, 0.0530, 0.0522, 0.0456, 0.1407, 0.0673, 0.0805,
         0.0592],
        [0.0981, 0.0665, 0.0610, 0.1993, 0.1056, 0.0572, 0.1817, 0.0873, 0.0604,
         0.0829],
        [0.0739, 0.0656, 0.1003, 0.1405, 0.1981, 0.0831, 0.0798, 0.1200, 0.0723,
         0.0663],
        [0.1187, 0.0742, 0.0687, 0.0697, 0.0555, 0.0497, 0.0792, 0.0500, 0.0890,
         0.3453],
        [0.0331, 0.0663, 0.5312, 0.0430, 0.0521, 0.0283, 0.0691, 0.0601, 0.0658,
         0.0511],
        [0.0689, 0.0706, 0.0894, 0.0956, 0.0644, 0.0724, 0.3347, 0.0804, 0.0626,
         0.0610],
        [0.0510, 0.0843, 0.0743, 0.1460, 0.0581, 0.2381, 0.1023, 0.0753, 0.1154,
         0.0553],
        [0.4461, 0.0885, 0.0670, 0.0672, 0.0459, 0.0552, 0.0644, 0.0453, 0.0425,
         0.0780],
        [0.0454, 0.0648, 0.0687, 0.0867, 0.4575, 0.0463, 0.0585, 0.0551, 0.0649,
         0.0523],
        [0.0491, 0.1008, 0.0927, 0.1864, 0.0847, 0.1316, 0.0909, 0.1115, 0.0621,
         0.0901],
        [0.0919, 0.0409, 0.0394, 0.3953, 0.0843, 0.0856, 0.0619, 0.0686, 0.0833,
         0.0489],
        [0.0735, 0.0487, 0.0493, 0.0476, 0.0585, 0.0508, 0.0696, 0.0661, 0.1540,
         0.3818],
        [0.0579, 0.0772, 0.0725, 0.0929, 0.0696, 0.0813, 0.3356, 0.0746, 0.0756,
         0.0627],
        [0.0999, 0.0675, 0.0726, 0.1028, 0.3067, 0.0517, 0.0639, 0.0609, 0.0658,
         0.1083],
        [0.0735, 0.0855, 0.3252, 0.0547, 0.1134, 0.0538, 0.0784, 0.0648, 0.0954,
         0.0553],
        [0.0968, 0.0545, 0.0652, 0.1592, 0.1554, 0.0854, 0.0523, 0.1121, 0.0845,
         0.1346],
        [0.0446, 0.0594, 0.0656, 0.0851, 0.4628, 0.0295, 0.0531, 0.0560, 0.0703,
         0.0736],
        [0.0440, 0.0771, 0.1891, 0.0644, 0.0821, 0.0881, 0.0989, 0.1989, 0.0895,
         0.0680],
        [0.0666, 0.0732, 0.1574, 0.0741, 0.0991, 0.0432, 0.2912, 0.0760, 0.0666,
         0.0525],
        [0.1665, 0.0640, 0.0682, 0.2455, 0.0635, 0.0911, 0.0773, 0.0788, 0.0825,
         0.0625],
