noise type: uniform
noise level: 0.8
when_to_apply_epoch: 15
total clean data num: 10663
probability transition matrix:
[[0.2        0.08888889 0.08888889 0.08888889 0.08888889 0.08888889
  0.08888889 0.08888889 0.08888889 0.08888889]
 [0.08888889 0.2        0.08888889 0.08888889 0.08888889 0.08888889
  0.08888889 0.08888889 0.08888889 0.08888889]
 [0.08888889 0.08888889 0.2        0.08888889 0.08888889 0.08888889
  0.08888889 0.08888889 0.08888889 0.08888889]
 [0.08888889 0.08888889 0.08888889 0.2        0.08888889 0.08888889
  0.08888889 0.08888889 0.08888889 0.08888889]
 [0.08888889 0.08888889 0.08888889 0.08888889 0.2        0.08888889
  0.08888889 0.08888889 0.08888889 0.08888889]
 [0.08888889 0.08888889 0.08888889 0.08888889 0.08888889 0.2
  0.08888889 0.08888889 0.08888889 0.08888889]
 [0.08888889 0.08888889 0.08888889 0.08888889 0.08888889 0.08888889
  0.2        0.08888889 0.08888889 0.08888889]
 [0.08888889 0.08888889 0.08888889 0.08888889 0.08888889 0.08888889
  0.08888889 0.2        0.08888889 0.08888889]
 [0.08888889 0.08888889 0.08888889 0.08888889 0.08888889 0.08888889
  0.08888889 0.08888889 0.2        0.08888889]
 [0.08888889 0.08888889 0.08888889 0.08888889 0.08888889 0.08888889
  0.08888889 0.08888889 0.08888889 0.2       ]]
>> val epoch: 0
>> current accuracy: 61.983333333333334%
outputs: tensor([[0.0898, 0.0760, 0.0916, 0.1015, 0.1105, 0.0957, 0.0967, 0.1305, 0.0878,
         0.1198],
        [0.1031, 0.0681, 0.0877, 0.0912, 0.1582, 0.0857, 0.0975, 0.1115, 0.0899,
         0.1070],
        [0.0945, 0.0789, 0.0924, 0.0985, 0.0938, 0.0973, 0.0960, 0.1534, 0.0852,
         0.1101],
        [0.1486, 0.0820, 0.1035, 0.1167, 0.0844, 0.0828, 0.0891, 0.0917, 0.1255,
         0.0756],
        [0.0874, 0.0774, 0.0927, 0.1014, 0.1131, 0.0955, 0.0960, 0.1279, 0.0892,
         0.1194],
        [0.0581, 0.1839, 0.1322, 0.1380, 0.0660, 0.0674, 0.0568, 0.1438, 0.0859,
         0.0680],
        [0.1212, 0.0775, 0.0880, 0.1036, 0.1158, 0.0828, 0.1151, 0.1007, 0.1052,
         0.0901],
        [0.1664, 0.0788, 0.0983, 0.1113, 0.0871, 0.0780, 0.0868, 0.0931, 0.1278,
         0.0724],
        [0.0904, 0.0890, 0.1045, 0.1099, 0.1006, 0.0987, 0.0960, 0.1019, 0.1008,
         0.1081],
        [0.0887, 0.0776, 0.0937, 0.1015, 0.1145, 0.0955, 0.0972, 0.1213, 0.0908,
         0.1193],
        [0.0881, 0.0803, 0.0980, 0.1042, 0.1114, 0.0976, 0.0985, 0.1114, 0.0923,
         0.1182],
        [0.0903, 0.0916, 0.1046, 0.1146, 0.0966, 0.0992, 0.0950, 0.1018, 0.1028,
         0.1035],
        [0.0820, 0.1026, 0.1009, 0.1089, 0.0754, 0.0910, 0.0771, 0.1811, 0.0846,
         0.0964],
        [0.0845, 0.0980, 0.0998, 0.1076, 0.0794, 0.0931, 0.0809, 0.1699, 0.0867,
         0.1000],
        [0.0704, 0.1426, 0.1213, 0.1309, 0.0808, 0.0787, 0.0753, 0.1241, 0.0951,
         0.0809],
        [0.0951, 0.0898, 0.1262, 0.1067, 0.0915, 0.1000, 0.0900, 0.1081, 0.0951,
         0.0976],
        [0.0912, 0.0912, 0.1072, 0.1126, 0.0959, 0.0995, 0.0941, 0.1035, 0.1017,
         0.1031],
        [0.1189, 0.0838, 0.1290, 0.1072, 0.0936, 0.0896, 0.0928, 0.0995, 0.0988,
         0.0866],
        [0.1107, 0.0850, 0.1151, 0.1038, 0.1026, 0.0917, 0.0912, 0.1056, 0.1009,
         0.0934],
        [0.0919, 0.0918, 0.1061, 0.1173, 0.0946, 0.0991, 0.0930, 0.1017, 0.1049,
         0.0998],
        [0.0909, 0.0906, 0.1065, 0.1120, 0.0976, 0.0990, 0.0951, 0.1023, 0.1013,
         0.1047],
        [0.0906, 0.0757, 0.0904, 0.0995, 0.1013, 0.0971, 0.0963, 0.1474, 0.0838,
         0.1179],
        [0.0908, 0.0897, 0.1196, 0.1039, 0.0960, 0.1015, 0.0925, 0.1101, 0.0924,
         0.1036],
        [0.2354, 0.0671, 0.0919, 0.1067, 0.0821, 0.0626, 0.0835, 0.0810, 0.1352,
         0.0545],
        [0.0982, 0.0840, 0.0963, 0.1064, 0.1065, 0.0928, 0.1114, 0.1012, 0.1000,
         0.1033],
        [0.0923, 0.0789, 0.0963, 0.0999, 0.1271, 0.0933, 0.0978, 0.1091, 0.0942,
         0.1111],
        [0.0925, 0.0916, 0.1053, 0.1153, 0.0949, 0.0985, 0.0929, 0.1023, 0.1056,
         0.1011],
        [0.0857, 0.0916, 0.0936, 0.1051, 0.0788, 0.0925, 0.0818, 0.1851, 0.0825,
         0.1035],
        [0.0944, 0.0806, 0.0900, 0.0998, 0.0889, 0.0951, 0.0898, 0.1692, 0.0843,
         0.1079],
        [0.1059, 0.0895, 0.1124, 0.1160, 0.0913, 0.0950, 0.0883, 0.0992, 0.1098,
         0.0926],
        [0.1064, 0.0789, 0.0852, 0.1137, 0.1049, 0.0856, 0.1353, 0.0991, 0.0989,
         0.0920],
        [0.0881, 0.0837, 0.0991, 0.1059, 0.1068, 0.0971, 0.0978, 0.1107, 0.0955,
         0.1155],
        [0.0941, 0.0847, 0.1026, 0.1029, 0.1063, 0.0970, 0.0977, 0.1094, 0.0961,
         0.1092],
        [0.1366, 0.0855, 0.1075, 0.1196, 0.0795, 0.0867, 0.0871, 0.0933, 0.1249,
         0.0792],
        [0.1140, 0.0712, 0.0862, 0.0913, 0.1504, 0.0809, 0.1075, 0.1086, 0.0945,
         0.0952],
        [0.0931, 0.0743, 0.0930, 0.0982, 0.1306, 0.0924, 0.0968, 0.1154, 0.0909,
         0.1153],
        [0.0890, 0.0956, 0.1006, 0.1085, 0.0765, 0.0960, 0.0813, 0.1670, 0.0892,
         0.0964],
        [0.0951, 0.0732, 0.0922, 0.0967, 0.1375, 0.0906, 0.0965, 0.1147, 0.0911,
         0.1124],
        [0.0901, 0.0879, 0.1044, 0.1038, 0.0992, 0.1004, 0.0961, 0.1129, 0.0959,
         0.1093],
        [0.0530, 0.2094, 0.1341, 0.1426, 0.0610, 0.0612, 0.0531, 0.1396, 0.0855,
         0.0605],
        [0.1269, 0.0809, 0.0999, 0.1031, 0.1070, 0.0840, 0.1030, 0.0969, 0.1080,
         0.0904],
        [0.0839, 0.0924, 0.0941, 0.1012, 0.0747, 0.0937, 0.0795, 0.2006, 0.0794,
         0.1004],
        [0.0914, 0.0772, 0.0941, 0.1018, 0.1131, 0.0953, 0.0977, 0.1207, 0.0905,
         0.1182],
        [0.0899, 0.0762, 0.0914, 0.0995, 0.1164, 0.0935, 0.0954, 0.1307, 0.0895,
         0.1176],
        [0.0997, 0.0877, 0.1152, 0.1061, 0.1014, 0.0955, 0.0928, 0.1018, 0.0996,
         0.1003],
        [0.0934, 0.0904, 0.1071, 0.1157, 0.0953, 0.0989, 0.0953, 0.1008, 0.1042,
         0.0990],
        [0.1288, 0.0826, 0.1150, 0.1025, 0.1001, 0.0862, 0.0906, 0.1011, 0.1055,
         0.0877],
        [0.0890, 0.0802, 0.0973, 0.1035, 0.1175, 0.0977, 0.1020, 0.1042, 0.0946,
         0.1140]], device='cuda:0', grad_fn=<SoftmaxBackward>)
>> best accuracy: 61.983333333333334	best epoch: 0

>> final recovery rate: 19.746296296296293%
>> val epoch: 5
>> current accuracy: 82.53333333333333%
outputs: tensor([[0.0766, 0.2187, 0.0927, 0.0792, 0.0922, 0.0781, 0.1020, 0.0847, 0.0989,
         0.0769],
        [0.0907, 0.1112, 0.1002, 0.0930, 0.0816, 0.1027, 0.0994, 0.1275, 0.0982,
         0.0955],
        [0.0783, 0.2099, 0.0935, 0.0803, 0.0921, 0.0792, 0.1023, 0.0859, 0.1000,
         0.0786],
        [0.0837, 0.1254, 0.0998, 0.0797, 0.1555, 0.0982, 0.1032, 0.0906, 0.0854,
         0.0786],
        [0.1956, 0.0968, 0.0886, 0.0742, 0.0811, 0.0814, 0.1133, 0.0906, 0.0933,
         0.0850],
        [0.0870, 0.1904, 0.0964, 0.0834, 0.0927, 0.0809, 0.0999, 0.0873, 0.1022,
         0.0799],
        [0.0884, 0.1019, 0.0942, 0.0914, 0.1117, 0.1126, 0.1016, 0.0908, 0.0952,
         0.1120],
        [0.0953, 0.1096, 0.1052, 0.0911, 0.0984, 0.0993, 0.1096, 0.0935, 0.0993,
         0.0987],
        [0.1570, 0.1068, 0.0955, 0.0783, 0.0855, 0.0859, 0.1047, 0.0959, 0.0997,
         0.0906],
        [0.1025, 0.1096, 0.0989, 0.1198, 0.0892, 0.1053, 0.0917, 0.0850, 0.1125,
         0.0855],
        [0.0919, 0.1938, 0.0973, 0.0836, 0.0973, 0.0795, 0.0960, 0.0852, 0.1003,
         0.0751],
        [0.0806, 0.1007, 0.1862, 0.0732, 0.0847, 0.0994, 0.1132, 0.0916, 0.0825,
         0.0878],
        [0.0898, 0.0999, 0.0951, 0.0863, 0.0965, 0.0950, 0.0992, 0.0885, 0.1072,
         0.1425],
        [0.0833, 0.1088, 0.0943, 0.1340, 0.0829, 0.1188, 0.0977, 0.0878, 0.1036,
         0.0889],
        [0.0971, 0.0998, 0.0952, 0.0863, 0.0842, 0.1659, 0.1089, 0.0842, 0.0933,
         0.0852],
        [0.1846, 0.0977, 0.0911, 0.0671, 0.0808, 0.0852, 0.1173, 0.0925, 0.0941,
         0.0897],
        [0.0958, 0.1021, 0.1209, 0.0687, 0.0914, 0.0895, 0.1689, 0.0813, 0.0842,
         0.0972],
        [0.0907, 0.0987, 0.1092, 0.1185, 0.0889, 0.0985, 0.1008, 0.0864, 0.1296,
         0.0788],
        [0.0889, 0.1123, 0.1109, 0.0772, 0.1324, 0.0993, 0.1132, 0.0905, 0.0862,
         0.0891],
        [0.1142, 0.0902, 0.1053, 0.0828, 0.0909, 0.0844, 0.0949, 0.0769, 0.1871,
         0.0732],
        [0.0975, 0.1082, 0.1024, 0.0956, 0.0892, 0.1064, 0.1059, 0.0903, 0.1053,
         0.0993],
        [0.1131, 0.1075, 0.1006, 0.0938, 0.0898, 0.0950, 0.0935, 0.0877, 0.1347,
         0.0842],
        [0.0906, 0.1060, 0.1017, 0.1184, 0.0893, 0.0935, 0.0970, 0.0881, 0.1310,
         0.0845],
        [0.0883, 0.1053, 0.1626, 0.0749, 0.0849, 0.0974, 0.1140, 0.0933, 0.0875,
         0.0919],
        [0.0889, 0.1017, 0.0931, 0.0879, 0.0959, 0.1038, 0.0987, 0.0895, 0.0983,
         0.1421],
        [0.0808, 0.1230, 0.1196, 0.0692, 0.1437, 0.0977, 0.1236, 0.0831, 0.0768,
         0.0825],
        [0.0818, 0.0951, 0.1001, 0.1303, 0.0883, 0.1090, 0.0941, 0.0795, 0.1452,
         0.0766],
        [0.1218, 0.0945, 0.1017, 0.0860, 0.0929, 0.0850, 0.0915, 0.0765, 0.1744,
         0.0757],
        [0.0914, 0.1191, 0.1141, 0.0676, 0.0935, 0.0850, 0.1753, 0.0789, 0.0830,
         0.0920],
        [0.0897, 0.1064, 0.0938, 0.0895, 0.0910, 0.1315, 0.1029, 0.0874, 0.0948,
         0.1129],
        [0.0867, 0.1050, 0.0933, 0.0827, 0.1189, 0.0941, 0.0976, 0.0933, 0.0882,
         0.1401],
        [0.0969, 0.1009, 0.0967, 0.0871, 0.0888, 0.1186, 0.1059, 0.0885, 0.1262,
         0.0906],
        [0.0786, 0.0945, 0.2062, 0.0675, 0.0838, 0.1011, 0.1203, 0.0838, 0.0753,
         0.0889],
        [0.1006, 0.0970, 0.1122, 0.0725, 0.0901, 0.0890, 0.1662, 0.0844, 0.0882,
         0.0999],
        [0.1763, 0.1090, 0.0937, 0.0800, 0.0867, 0.0827, 0.0901, 0.0893, 0.1109,
         0.0812],
        [0.0857, 0.1071, 0.0980, 0.1151, 0.0884, 0.1093, 0.0980, 0.0837, 0.1298,
         0.0849],
        [0.0930, 0.1075, 0.0946, 0.1237, 0.0862, 0.1220, 0.0966, 0.0833, 0.1046,
         0.0884],
        [0.2216, 0.0977, 0.0925, 0.0817, 0.0819, 0.0776, 0.0904, 0.0883, 0.0922,
         0.0760],
        [0.0801, 0.1353, 0.0908, 0.0809, 0.1434, 0.0960, 0.0950, 0.0906, 0.0885,
         0.0994],
        [0.1019, 0.1109, 0.1056, 0.1193, 0.0882, 0.0962, 0.0996, 0.0897, 0.1001,
         0.0885],
        [0.0910, 0.1100, 0.1431, 0.0783, 0.0859, 0.0946, 0.1162, 0.0951, 0.0933,
         0.0925],
        [0.1059, 0.1080, 0.0950, 0.0804, 0.0819, 0.0990, 0.1015, 0.1314, 0.0962,
         0.1007],
        [0.1751, 0.1095, 0.0916, 0.0862, 0.0841, 0.0853, 0.0929, 0.0922, 0.0992,
         0.0840],
        [0.0891, 0.1000, 0.0940, 0.0876, 0.0951, 0.1008, 0.0991, 0.0891, 0.1015,
         0.1438],
        [0.1454, 0.1096, 0.0932, 0.0885, 0.0841, 0.0956, 0.0967, 0.0919, 0.1054,
         0.0895],
        [0.0870, 0.1024, 0.0917, 0.1068, 0.0874, 0.1416, 0.0988, 0.0797, 0.1169,
         0.0876],
        [0.0875, 0.1172, 0.1010, 0.0922, 0.0826, 0.0980, 0.0965, 0.1249, 0.1155,
         0.0847],
        [0.0739, 0.2421, 0.0910, 0.0765, 0.0929, 0.0747, 0.1002, 0.0812, 0.0958,
         0.0716]], device='cuda:0', grad_fn=<SoftmaxBackward>)
>> best accuracy: 82.53333333333333	best epoch: 5

>> final recovery rate: 19.746296296296293%
>> val epoch: 10
>> current accuracy: 88.76666666666667%
outputs: tensor([[0.0764, 0.0756, 0.0757, 0.1296, 0.0755, 0.2143, 0.0932, 0.0723, 0.0856,
         0.1019],
        [0.0965, 0.0850, 0.0865, 0.0960, 0.0848, 0.1003, 0.1771, 0.0829, 0.0907,
         0.1003],
        [0.0690, 0.0647, 0.0767, 0.1260, 0.0797, 0.1361, 0.0882, 0.0728, 0.0744,
         0.2123],
        [0.0716, 0.0679, 0.0789, 0.1257, 0.0797, 0.1353, 0.0930, 0.0715, 0.0881,
         0.1882],
        [0.0792, 0.0751, 0.1360, 0.1402, 0.0801, 0.1256, 0.0898, 0.0811, 0.1014,
         0.0915],
        [0.0716, 0.0666, 0.0792, 0.1225, 0.0793, 0.1280, 0.0886, 0.0744, 0.0797,
         0.2100],
        [0.2203, 0.0728, 0.0845, 0.0849, 0.0855, 0.0901, 0.0948, 0.0863, 0.0831,
         0.0976],
        [0.0698, 0.0751, 0.0693, 0.2423, 0.0749, 0.1373, 0.0878, 0.0688, 0.0840,
         0.0907],
        [0.0800, 0.0706, 0.2262, 0.0914, 0.0807, 0.1061, 0.0936, 0.0812, 0.0773,
         0.0928],
        [0.0898, 0.1491, 0.0971, 0.0932, 0.0861, 0.0954, 0.0968, 0.0936, 0.1041,
         0.0948],
        [0.0975, 0.0853, 0.0879, 0.0937, 0.0858, 0.0970, 0.1795, 0.0833, 0.0898,
         0.1002],
        [0.0908, 0.1483, 0.0963, 0.0925, 0.0902, 0.0932, 0.0917, 0.0937, 0.1083,
         0.0952],
        [0.0843, 0.1239, 0.0928, 0.0994, 0.0831, 0.0979, 0.0933, 0.1193, 0.1001,
         0.1058],
        [0.0940, 0.0836, 0.1026, 0.1071, 0.1150, 0.1182, 0.0882, 0.1087, 0.0916,
         0.0911],
        [0.0976, 0.0850, 0.0935, 0.0922, 0.0867, 0.0966, 0.1758, 0.0832, 0.0881,
         0.1012],
        [0.0861, 0.1151, 0.1222, 0.1015, 0.0800, 0.1048, 0.0929, 0.0926, 0.1002,
         0.1045],
        [0.0897, 0.0741, 0.1006, 0.0943, 0.1800, 0.1134, 0.0824, 0.0829, 0.0837,
         0.0989],
        [0.0768, 0.0659, 0.0828, 0.1232, 0.1125, 0.1465, 0.0873, 0.0736, 0.0911,
         0.1404],
        [0.0841, 0.0727, 0.0987, 0.0946, 0.1756, 0.1144, 0.0851, 0.0842, 0.0845,
         0.1061],
        [0.0954, 0.0835, 0.1000, 0.0954, 0.0904, 0.1051, 0.1595, 0.0817, 0.0869,
         0.1021],
        [0.0719, 0.0699, 0.0818, 0.1165, 0.0790, 0.1187, 0.0891, 0.0782, 0.0752,
         0.2198],
        [0.0844, 0.1464, 0.0900, 0.0914, 0.0967, 0.0892, 0.0830, 0.0941, 0.1272,
         0.0976],
        [0.0890, 0.0828, 0.0849, 0.1157, 0.0869, 0.1417, 0.0853, 0.0788, 0.1352,
         0.0996],
        [0.0752, 0.0803, 0.0748, 0.2056, 0.0769, 0.1382, 0.0914, 0.0737, 0.0890,
         0.0949],
        [0.0901, 0.1568, 0.0962, 0.0914, 0.0889, 0.0923, 0.0931, 0.0925, 0.1054,
         0.0932],
        [0.0786, 0.0788, 0.0838, 0.0980, 0.0817, 0.1060, 0.0845, 0.2044, 0.0757,
         0.1085],
        [0.0890, 0.1509, 0.1020, 0.0928, 0.0893, 0.0932, 0.0910, 0.0920, 0.1067,
         0.0931],
        [0.0742, 0.0784, 0.0741, 0.2408, 0.0784, 0.1224, 0.0855, 0.0722, 0.0839,
         0.0900],
        [0.0770, 0.0753, 0.0799, 0.1205, 0.0917, 0.1172, 0.0812, 0.0718, 0.1888,
         0.0966],
        [0.0772, 0.0799, 0.0753, 0.1038, 0.0740, 0.1129, 0.0799, 0.2014, 0.0768,
         0.1188],
        [0.0760, 0.0838, 0.0785, 0.2100, 0.0787, 0.1228, 0.0907, 0.0777, 0.0884,
         0.0934],
        [0.0711, 0.0667, 0.0823, 0.1170, 0.0795, 0.1205, 0.0925, 0.0745, 0.0778,
         0.2181],
        [0.0687, 0.0646, 0.0776, 0.1222, 0.0832, 0.1286, 0.0895, 0.0706, 0.0907,
         0.2044],
        [0.0932, 0.0858, 0.1568, 0.0959, 0.0871, 0.1039, 0.0872, 0.0915, 0.1001,
         0.0984],
        [0.0688, 0.0632, 0.0735, 0.1411, 0.0816, 0.1446, 0.0895, 0.0657, 0.1074,
         0.1646],
        [0.0832, 0.0867, 0.0974, 0.0987, 0.0845, 0.0958, 0.1106, 0.0827, 0.0998,
         0.1604],
        [0.0887, 0.0805, 0.0994, 0.0974, 0.1581, 0.1168, 0.0882, 0.0847, 0.0878,
         0.0984],
        [0.0879, 0.1584, 0.0957, 0.0916, 0.0863, 0.0937, 0.0967, 0.0926, 0.1039,
         0.0931],
        [0.0814, 0.0812, 0.0896, 0.1041, 0.0833, 0.1077, 0.0858, 0.1762, 0.0845,
         0.1063],
        [0.0969, 0.0876, 0.0999, 0.0937, 0.0863, 0.0993, 0.1568, 0.0858, 0.0910,
         0.1026],
        [0.0910, 0.0746, 0.0776, 0.1012, 0.0833, 0.1152, 0.2022, 0.0727, 0.0839,
         0.0982],
        [0.0849, 0.0750, 0.0830, 0.1142, 0.0904, 0.1213, 0.0810, 0.0719, 0.1819,
         0.0963],
        [0.0677, 0.0760, 0.0718, 0.1150, 0.0677, 0.2663, 0.0992, 0.0710, 0.0775,
         0.0878],
        [0.0817, 0.0761, 0.0976, 0.1342, 0.0902, 0.1275, 0.1014, 0.0800, 0.0847,
         0.1266],
        [0.0835, 0.0709, 0.0994, 0.0872, 0.2163, 0.1137, 0.0877, 0.0787, 0.0791,
         0.0834],
        [0.2094, 0.0622, 0.0786, 0.0952, 0.0833, 0.1100, 0.1138, 0.0712, 0.0754,
         0.1009],
        [0.0679, 0.0718, 0.0658, 0.2459, 0.0730, 0.1497, 0.0873, 0.0653, 0.0829,
         0.0903],
        [0.0811, 0.0695, 0.0760, 0.1268, 0.1041, 0.1464, 0.0862, 0.0669, 0.1389,
         0.1041]], device='cuda:0', grad_fn=<SoftmaxBackward>)
>> best accuracy: 88.76666666666667	best epoch: 10

>> final recovery rate: 19.746296296296293%
>> val epoch: 15
>> current accuracy: 89.03333333333333%
outputs: tensor([[0.0777, 0.0791, 0.0710, 0.0743, 0.1001, 0.0660, 0.0884, 0.0805, 0.2793,
         0.0835],
        [0.0950, 0.0893, 0.0924, 0.0887, 0.1155, 0.0909, 0.0758, 0.0862, 0.1058,
         0.1602],
        [0.0790, 0.0912, 0.0763, 0.0867, 0.0981, 0.0868, 0.0790, 0.2121, 0.0997,
         0.0911],
        [0.0768, 0.0877, 0.0840, 0.0762, 0.2288, 0.0946, 0.0746, 0.0912, 0.0932,
         0.0930],
        [0.0807, 0.0931, 0.0623, 0.0804, 0.0806, 0.0903, 0.0755, 0.2231, 0.1061,
         0.1079],
        [0.0818, 0.0769, 0.0911, 0.0788, 0.2079, 0.0956, 0.0796, 0.0855, 0.0925,
         0.1103],
        [0.0814, 0.0731, 0.0793, 0.0925, 0.1201, 0.0946, 0.0719, 0.1224, 0.0976,
         0.1670],
        [0.0767, 0.0885, 0.0729, 0.0880, 0.0822, 0.0837, 0.0769, 0.2349, 0.0988,
         0.0975],
        [0.0951, 0.0922, 0.0829, 0.0857, 0.0895, 0.0836, 0.0789, 0.1046, 0.0988,
         0.1886],
        [0.0833, 0.1850, 0.0829, 0.0838, 0.0962, 0.0862, 0.0850, 0.0951, 0.1067,
         0.0959],
        [0.1762, 0.0787, 0.0798, 0.1005, 0.1031, 0.0777, 0.0803, 0.0991, 0.0891,
         0.1155],
        [0.1253, 0.1058, 0.0772, 0.0744, 0.1144, 0.0738, 0.0725, 0.1152, 0.1242,
         0.1171],
        [0.1020, 0.0957, 0.1779, 0.0837, 0.1024, 0.0943, 0.0756, 0.0797, 0.0983,
         0.0904],
        [0.1450, 0.0814, 0.0934, 0.0738, 0.1204, 0.0957, 0.0962, 0.1009, 0.0959,
         0.0973],
        [0.0965, 0.0953, 0.0720, 0.2023, 0.0907, 0.0861, 0.0752, 0.0967, 0.0957,
         0.0894],
        [0.0828, 0.0707, 0.0643, 0.0852, 0.1104, 0.0874, 0.0647, 0.1908, 0.0932,
         0.1506],
        [0.0766, 0.1109, 0.0640, 0.0841, 0.0845, 0.0894, 0.0767, 0.2078, 0.0997,
         0.1063],
        [0.0848, 0.1882, 0.0865, 0.0868, 0.0927, 0.0898, 0.0833, 0.0931, 0.1014,
         0.0934],
        [0.0894, 0.0984, 0.0742, 0.1780, 0.0923, 0.0934, 0.0769, 0.1004, 0.1027,
         0.0942],
        [0.0996, 0.0839, 0.0857, 0.0875, 0.0817, 0.0886, 0.0780, 0.0782, 0.0847,
         0.2321],
        [0.0856, 0.0839, 0.0932, 0.0811, 0.1817, 0.1031, 0.0845, 0.0958, 0.0939,
         0.0972],
        [0.0912, 0.1048, 0.0825, 0.1528, 0.0889, 0.1113, 0.0874, 0.1016, 0.0936,
         0.0860],
        [0.1074, 0.0830, 0.0771, 0.0837, 0.0969, 0.0882, 0.1718, 0.0958, 0.0985,
         0.0976],
        [0.1227, 0.0886, 0.0815, 0.0862, 0.0962, 0.0880, 0.1376, 0.1000, 0.0985,
         0.1007],
        [0.0933, 0.0954, 0.1823, 0.0847, 0.0948, 0.1013, 0.0855, 0.0775, 0.0944,
         0.0907],
        [0.1068, 0.0883, 0.0783, 0.0852, 0.0937, 0.0885, 0.1633, 0.0967, 0.1013,
         0.0978],
        [0.0973, 0.0940, 0.0888, 0.0951, 0.0826, 0.0978, 0.0800, 0.0832, 0.1004,
         0.1808],
        [0.0785, 0.0743, 0.0870, 0.0776, 0.2288, 0.0967, 0.0774, 0.0897, 0.0905,
         0.0995],
        [0.0801, 0.0837, 0.0853, 0.0769, 0.2283, 0.0969, 0.0758, 0.0907, 0.0910,
         0.0913],
        [0.0941, 0.0864, 0.0821, 0.1158, 0.0787, 0.0939, 0.0844, 0.0907, 0.0898,
         0.1842],
        [0.0897, 0.0921, 0.0810, 0.0884, 0.0856, 0.0911, 0.0799, 0.1191, 0.0989,
         0.1741],
        [0.0790, 0.1076, 0.0794, 0.0816, 0.1070, 0.0832, 0.0701, 0.1038, 0.1758,
         0.1126],
        [0.0795, 0.0832, 0.0858, 0.0819, 0.2020, 0.0964, 0.0744, 0.0925, 0.0948,
         0.1095],
        [0.1467, 0.0813, 0.0804, 0.0846, 0.1112, 0.0848, 0.0875, 0.1002, 0.0944,
         0.1288],
        [0.0729, 0.0840, 0.0604, 0.0826, 0.0804, 0.0843, 0.0718, 0.2534, 0.0976,
         0.1127],
        [0.0876, 0.1050, 0.1146, 0.1300, 0.0889, 0.1260, 0.0851, 0.0939, 0.0883,
         0.0806],
        [0.0845, 0.1928, 0.0862, 0.0871, 0.0920, 0.0900, 0.0834, 0.0919, 0.0995,
         0.0925],
        [0.0933, 0.0907, 0.0743, 0.0825, 0.0942, 0.0939, 0.1700, 0.0989, 0.1104,
         0.0917],
        [0.0893, 0.1094, 0.1238, 0.0767, 0.1192, 0.0824, 0.0761, 0.0987, 0.1249,
         0.0995],
        [0.1455, 0.0778, 0.0783, 0.0972, 0.1116, 0.0799, 0.0832, 0.1021, 0.0952,
         0.1293],
        [0.0900, 0.1072, 0.1260, 0.0845, 0.0978, 0.1031, 0.0840, 0.0912, 0.1107,
         0.1055],
        [0.0845, 0.1932, 0.0862, 0.0870, 0.0920, 0.0900, 0.0833, 0.0918, 0.0995,
         0.0924],
        [0.0840, 0.0956, 0.0815, 0.0828, 0.0854, 0.2134, 0.0818, 0.1056, 0.0786,
         0.0913],
        [0.0914, 0.1036, 0.1559, 0.0930, 0.0898, 0.0979, 0.0869, 0.0920, 0.1010,
         0.0886],
        [0.0840, 0.1112, 0.0924, 0.0707, 0.0758, 0.2715, 0.0849, 0.0811, 0.0630,
         0.0654],
        [0.0705, 0.0848, 0.0615, 0.0838, 0.1003, 0.0892, 0.0718, 0.2202, 0.0950,
         0.1229],
        [0.1123, 0.0987, 0.1550, 0.0862, 0.1038, 0.0932, 0.0815, 0.0816, 0.0992,
         0.0884],
        [0.1160, 0.0933, 0.0806, 0.0762, 0.1157, 0.0920, 0.0790, 0.1192, 0.1100,
         0.1180]], device='cuda:0', grad_fn=<SoftmaxBackward>)
>> best accuracy: 89.03333333333333	best epoch: 15

>> final recovery rate: 19.746296296296293%
>> val epoch: 20
>> current accuracy: 85.58333333333333%
outputs: tensor([[0.1114, 0.0754, 0.0525, 0.0777, 0.0710, 0.0804, 0.0702, 0.2766, 0.0793,
         0.1054],
        [0.0899, 0.0662, 0.2844, 0.0923, 0.0846, 0.0871, 0.0633, 0.0743, 0.0721,
         0.0858],
        [0.0861, 0.0904, 0.0838, 0.0801, 0.0962, 0.1126, 0.1817, 0.0892, 0.0891,
         0.0909],
        [0.1642, 0.0768, 0.0923, 0.0840, 0.0875, 0.1370, 0.0978, 0.0886, 0.0745,
         0.0975],
        [0.0821, 0.0908, 0.0942, 0.0849, 0.1359, 0.0901, 0.1377, 0.0924, 0.1033,
         0.0886],
        [0.0732, 0.2084, 0.0840, 0.0875, 0.0882, 0.0789, 0.1060, 0.0877, 0.0943,
         0.0919],
        [0.0773, 0.1811, 0.0895, 0.0901, 0.0884, 0.0830, 0.1062, 0.0926, 0.0964,
         0.0953],
        [0.0697, 0.0976, 0.0838, 0.0855, 0.1852, 0.1048, 0.1077, 0.0882, 0.0841,
         0.0934],
        [0.0866, 0.1076, 0.0996, 0.0771, 0.0682, 0.0751, 0.0964, 0.0860, 0.0780,
         0.2254],
        [0.0889, 0.1367, 0.0828, 0.0844, 0.0954, 0.0767, 0.1107, 0.0953, 0.1211,
         0.1080],
        [0.0838, 0.0949, 0.2085, 0.1084, 0.0871, 0.0674, 0.0735, 0.1131, 0.0907,
         0.0725],
        [0.0710, 0.0719, 0.0633, 0.1864, 0.0702, 0.1330, 0.1304, 0.0824, 0.0887,
         0.1026],
        [0.0796, 0.1450, 0.0938, 0.0952, 0.0868, 0.0899, 0.1050, 0.0893, 0.1140,
         0.1013],
        [0.0734, 0.0897, 0.0878, 0.0834, 0.1250, 0.0870, 0.0830, 0.1315, 0.1129,
         0.1263],
        [0.1308, 0.0914, 0.1069, 0.0582, 0.1098, 0.1410, 0.0795, 0.1121, 0.0733,
         0.0970],
        [0.0962, 0.0643, 0.0985, 0.0826, 0.2234, 0.0986, 0.0738, 0.0799, 0.0756,
         0.1070],
        [0.0738, 0.1039, 0.1187, 0.0974, 0.0866, 0.0904, 0.0954, 0.0743, 0.1533,
         0.1062],
        [0.0819, 0.0703, 0.3159, 0.0831, 0.0971, 0.0638, 0.0635, 0.0893, 0.0710,
         0.0640],
        [0.0785, 0.0881, 0.0842, 0.0941, 0.0836, 0.1041, 0.0910, 0.1134, 0.0894,
         0.1736],
        [0.0771, 0.0806, 0.0741, 0.1030, 0.0762, 0.1876, 0.1184, 0.0628, 0.1260,
         0.0941],
        [0.0904, 0.0886, 0.1152, 0.0839, 0.0710, 0.0892, 0.0801, 0.2207, 0.0779,
         0.0829],
        [0.0781, 0.0751, 0.0757, 0.1116, 0.0722, 0.2362, 0.0960, 0.0535, 0.1115,
         0.0901],
        [0.0712, 0.1189, 0.0906, 0.0805, 0.1808, 0.0916, 0.0999, 0.0928, 0.0865,
         0.0874],
        [0.0785, 0.0721, 0.0717, 0.1567, 0.0757, 0.1400, 0.0959, 0.0811, 0.0816,
         0.1466],
        [0.0709, 0.0904, 0.1304, 0.0888, 0.1226, 0.1671, 0.0903, 0.0753, 0.0773,
         0.0869],
        [0.0790, 0.0834, 0.0922, 0.1000, 0.0856, 0.0927, 0.1046, 0.0987, 0.0815,
         0.1823],
        [0.0817, 0.1087, 0.1538, 0.0888, 0.1039, 0.0741, 0.0815, 0.1129, 0.1030,
         0.0917],
        [0.0852, 0.0691, 0.0733, 0.0691, 0.0948, 0.0974, 0.1943, 0.0934, 0.1373,
         0.0860],
        [0.1356, 0.0868, 0.1487, 0.0857, 0.1051, 0.0882, 0.0757, 0.0754, 0.0982,
         0.1006],
        [0.0810, 0.1070, 0.0893, 0.0861, 0.1277, 0.0914, 0.1429, 0.0936, 0.0915,
         0.0896],
        [0.1093, 0.0975, 0.1189, 0.0714, 0.0871, 0.1451, 0.0943, 0.1174, 0.0685,
         0.0904],
        [0.0779, 0.0898, 0.0952, 0.1650, 0.0760, 0.0978, 0.1070, 0.1038, 0.0968,
         0.0908],
        [0.0867, 0.1033, 0.1008, 0.0916, 0.0787, 0.2030, 0.0993, 0.0827, 0.0688,
         0.0851],
        [0.0944, 0.0712, 0.0788, 0.1146, 0.0920, 0.1421, 0.0971, 0.0795, 0.0857,
         0.1445],
        [0.0768, 0.1092, 0.0980, 0.0770, 0.1753, 0.0954, 0.1012, 0.0958, 0.0828,
         0.0884],
        [0.1260, 0.0750, 0.0964, 0.0691, 0.0868, 0.0883, 0.2027, 0.0856, 0.0776,
         0.0924],
        [0.0770, 0.1827, 0.0890, 0.0902, 0.0883, 0.0830, 0.1062, 0.0922, 0.0963,
         0.0952],
        [0.0829, 0.0957, 0.0726, 0.0846, 0.0935, 0.0813, 0.1693, 0.1003, 0.1123,
         0.1074],
        [0.0761, 0.0945, 0.0979, 0.0883, 0.1630, 0.0926, 0.0936, 0.1034, 0.0912,
         0.0995],
        [0.0960, 0.0822, 0.1907, 0.0898, 0.1063, 0.0791, 0.0885, 0.1165, 0.0806,
         0.0704],
        [0.0717, 0.0761, 0.0951, 0.0743, 0.1529, 0.0732, 0.0760, 0.0992, 0.1271,
         0.1544],
        [0.0741, 0.0850, 0.0998, 0.0872, 0.1684, 0.0966, 0.0929, 0.0989, 0.0877,
         0.1094],
        [0.0721, 0.2025, 0.0851, 0.0831, 0.0932, 0.0749, 0.1006, 0.0920, 0.1009,
         0.0956],
        [0.0627, 0.0633, 0.3378, 0.0777, 0.0856, 0.0682, 0.0817, 0.0686, 0.0645,
         0.0898],
        [0.0798, 0.0704, 0.0731, 0.0815, 0.0861, 0.0858, 0.1498, 0.0835, 0.1936,
         0.0964],
        [0.0684, 0.0891, 0.0752, 0.1955, 0.0773, 0.1006, 0.0933, 0.0965, 0.1032,
         0.1009],
        [0.0761, 0.1691, 0.0843, 0.0910, 0.0885, 0.0850, 0.1122, 0.0889, 0.1100,
         0.0949],
        [0.0839, 0.0884, 0.0919, 0.0812, 0.0789, 0.0913, 0.1126, 0.0982, 0.0850,
         0.1886]], device='cuda:0', grad_fn=<SoftmaxBackward>)
>> best accuracy: 89.03333333333333	best epoch: 15

>> final recovery rate: 92.3648148148148%
>> val epoch: 25
>> current accuracy: 95.31666666666668%
outputs: tensor([[9.9997e-01, 1.5920e-07, 1.1004e-05, 4.7942e-08, 1.1037e-07, 2.6811e-06,
         1.0609e-05, 1.0049e-06, 4.5592e-06, 2.5995e-07],
        [7.4332e-04, 1.2487e-05, 1.4437e-04, 7.5441e-03, 3.7076e-05, 7.2523e-01,
         2.4070e-01, 2.7676e-04, 2.5195e-02, 1.1782e-04],
        [6.6100e-07, 2.2394e-09, 8.9514e-09, 2.8909e-06, 2.5302e-08, 9.9999e-01,
         2.5381e-07, 8.0216e-08, 1.5931e-06, 5.0052e-07],
        [1.3335e-05, 3.2857e-07, 9.9995e-01, 6.6956e-06, 2.3350e-07, 8.5482e-08,
         1.2727e-05, 7.3238e-06, 2.7094e-07, 4.7140e-06],
        [1.0000e+00, 1.1219e-08, 1.4721e-06, 7.0622e-09, 1.2378e-08, 3.9778e-07,
         1.3929e-07, 1.5194e-08, 8.5434e-08, 1.5463e-08],
        [1.3390e-05, 9.9993e-01, 5.9853e-06, 3.7839e-07, 8.5448e-06, 4.3857e-08,
         3.1366e-05, 4.6575e-06, 3.7844e-06, 6.1678e-07],
        [8.0610e-03, 2.4027e-03, 4.4647e-03, 4.8460e-04, 7.7645e-03, 2.5391e-03,
         8.3458e-01, 6.0545e-02, 7.6857e-02, 2.2988e-03],
        [3.2763e-07, 1.0740e-07, 1.6138e-06, 2.0362e-06, 2.8962e-05, 1.7157e-06,
         7.8054e-07, 7.2751e-06, 1.0416e-06, 9.9996e-01],
        [3.7258e-07, 1.6376e-07, 9.9991e-01, 7.4931e-05, 6.1127e-08, 6.2405e-09,
         2.8452e-08, 1.1874e-05, 8.7296e-08, 4.4748e-08],
        [2.4533e-08, 3.9865e-08, 6.1358e-07, 4.9257e-08, 1.0000e+00, 1.5122e-07,
         1.2992e-07, 3.4975e-07, 6.7768e-08, 2.6781e-06],
        [1.5159e-03, 5.1246e-05, 1.8991e-04, 2.0727e-04, 4.7662e-05, 5.4635e-03,
         9.8904e-01, 1.4937e-04, 3.2838e-03, 5.3313e-05],
        [5.9816e-06, 9.9995e-01, 6.9163e-06, 4.1618e-07, 5.9742e-06, 2.4365e-08,
         2.0282e-05, 4.8397e-06, 6.5941e-06, 8.9894e-07],
        [6.8505e-08, 1.7508e-07, 4.4321e-06, 1.1877e-07, 9.9999e-01, 1.8816e-07,
         3.5869e-07, 1.0698e-06, 3.0239e-08, 1.7098e-06],
        [5.0692e-05, 1.4946e-07, 2.3177e-06, 1.4880e-04, 9.2077e-08, 9.9937e-01,
         4.0150e-05, 2.8029e-06, 3.8409e-04, 2.5215e-06],
        [6.2737e-01, 4.9333e-05, 6.0467e-04, 2.0249e-04, 4.1876e-04, 3.0171e-01,
         6.4738e-02, 1.1723e-03, 2.9038e-03, 8.3140e-04],
        [3.2411e-06, 6.9065e-05, 2.1694e-05, 1.8206e-05, 3.5692e-06, 5.4684e-06,
         5.5477e-06, 1.2907e-05, 9.9985e-01, 1.0208e-05],
        [3.3523e-06, 8.7018e-08, 1.0953e-05, 8.6462e-06, 9.9967e-01, 3.4073e-05,
         7.8523e-07, 5.7581e-06, 1.1593e-05, 2.5661e-04],
        [3.8644e-04, 1.7859e-05, 1.2243e-04, 5.8817e-05, 3.0659e-05, 1.4465e-04,
         9.9854e-01, 2.1543e-05, 6.4091e-04, 3.4810e-05],
        [2.9209e-07, 3.0873e-06, 2.1222e-06, 1.6681e-06, 7.7016e-08, 2.0629e-07,
         1.3468e-08, 9.9999e-01, 3.7274e-07, 1.0985e-06],
        [1.8102e-04, 5.1389e-05, 1.8168e-03, 9.9638e-01, 1.8171e-04, 3.3078e-04,
         7.9888e-06, 2.1491e-04, 7.8552e-04, 4.5848e-05],
        [2.3047e-05, 2.7975e-08, 5.7692e-05, 1.9159e-07, 9.8912e-06, 1.0253e-06,
         9.9990e-01, 7.2021e-07, 1.9324e-07, 3.4059e-06],
        [2.6196e-05, 7.7452e-07, 2.1093e-05, 2.2787e-06, 2.1971e-05, 8.9798e-06,
         9.9989e-01, 3.1169e-06, 2.1227e-05, 8.4087e-07],
        [5.0275e-05, 9.9981e-01, 1.5844e-05, 1.1319e-06, 1.3926e-05, 1.0850e-07,
         8.4857e-05, 7.3834e-06, 1.4134e-05, 1.9063e-06],
        [2.7053e-06, 8.1917e-06, 1.9933e-05, 8.5765e-06, 1.6005e-07, 2.1195e-05,
         4.7500e-06, 1.9956e-05, 9.9991e-01, 1.4481e-06],
        [2.4255e-04, 7.2234e-07, 1.2992e-05, 7.4357e-07, 1.5493e-07, 3.1511e-04,
         4.7252e-06, 9.9940e-01, 7.5760e-06, 1.3938e-05],
        [8.9505e-07, 2.4344e-07, 4.2788e-05, 9.9987e-01, 9.8404e-08, 3.1464e-05,
         4.7022e-07, 4.4199e-06, 4.6248e-05, 2.7231e-07],
        [5.4025e-07, 9.7092e-07, 7.4607e-06, 9.9979e-01, 1.9142e-07, 1.5830e-04,
         3.8674e-07, 4.9736e-06, 3.8178e-05, 1.1250e-06],
        [2.8102e-07, 3.6344e-08, 1.1876e-05, 9.9998e-01, 7.0049e-08, 6.0795e-06,
         1.5628e-07, 1.3353e-06, 3.3387e-06, 1.0846e-07],
        [4.2855e-08, 1.4060e-07, 4.0693e-06, 9.9998e-01, 4.9507e-08, 4.5150e-06,
         1.2418e-07, 1.4574e-06, 6.8361e-06, 2.5005e-07],
        [5.3844e-06, 9.4625e-07, 1.0526e-05, 2.1901e-05, 2.9177e-04, 3.0955e-05,
         1.0875e-05, 1.5546e-05, 1.2943e-05, 9.9960e-01],
        [3.0929e-07, 2.0948e-08, 1.0000e+00, 5.0026e-07, 3.2679e-08, 8.6339e-09,
         1.3712e-07, 2.0915e-06, 9.7348e-09, 1.1754e-08],
        [4.6414e-05, 3.0223e-07, 5.9346e-06, 5.1579e-08, 9.9994e-01, 5.6551e-07,
         1.0037e-06, 1.4518e-06, 2.6343e-07, 3.5993e-07],
        [2.2543e-04, 9.9847e-01, 2.4920e-04, 2.0878e-05, 1.5682e-04, 1.6510e-06,
         1.9101e-04, 9.1869e-05, 5.4014e-04, 5.2135e-05],
        [2.1090e-06, 2.7318e-07, 3.0579e-04, 9.9967e-01, 4.7802e-07, 4.8630e-06,
         1.1901e-06, 1.0828e-05, 4.5892e-06, 1.7193e-06],
        [3.2070e-06, 4.6653e-06, 7.2031e-06, 3.7234e-06, 2.6401e-07, 1.0772e-05,
         7.7063e-06, 9.0121e-06, 9.9995e-01, 1.8899e-06],
        [2.9665e-05, 9.9984e-01, 2.8396e-05, 8.0074e-07, 3.3423e-05, 8.3626e-08,
         4.3840e-05, 6.7708e-06, 1.5344e-05, 1.4527e-06],
        [6.2036e-06, 9.9996e-01, 5.1687e-06, 1.7591e-07, 2.1936e-06, 1.1961e-08,
         2.3731e-05, 2.2141e-06, 2.2264e-06, 5.3050e-07],
        [2.7113e-04, 1.4188e-06, 8.2452e-06, 1.8284e-04, 4.5903e-06, 9.8856e-01,
         8.9046e-03, 2.0257e-05, 2.0066e-03, 3.7581e-05],
        [2.1291e-05, 2.6810e-05, 8.7332e-06, 2.8398e-06, 1.6652e-06, 9.8107e-06,
         4.9055e-06, 9.9940e-01, 5.1692e-05, 4.7658e-04],
        [7.7863e-06, 3.3483e-05, 5.9329e-04, 9.9655e-01, 3.8218e-06, 2.3991e-05,
         3.0303e-05, 7.9379e-05, 2.6705e-03, 6.3474e-06],
        [2.2844e-06, 8.0746e-06, 1.5014e-05, 7.2487e-06, 3.8345e-07, 3.2164e-06,
         5.5992e-06, 2.3549e-06, 9.9995e-01, 1.1865e-06],
        [2.3581e-06, 1.9624e-09, 1.0535e-07, 1.2324e-06, 3.8681e-07, 9.9999e-01,
         1.2088e-06, 1.2706e-06, 1.2249e-06, 2.1149e-06],
        [8.4155e-08, 3.3582e-08, 2.1132e-06, 2.7053e-08, 1.0000e+00, 1.5234e-07,
         7.7063e-07, 2.8812e-07, 1.6549e-08, 7.7380e-07],
        [3.6749e-08, 5.3570e-09, 8.9369e-07, 4.7318e-08, 9.9997e-01, 2.8090e-07,
         2.2900e-07, 3.2965e-07, 2.5714e-08, 2.9035e-05],
        [8.1139e-08, 3.2582e-07, 1.6202e-06, 8.4008e-07, 3.2641e-08, 1.1476e-07,
         6.2685e-09, 1.0000e+00, 9.0721e-08, 2.5307e-07],
        [1.6837e-05, 9.6292e-05, 2.7012e-04, 7.1535e-05, 2.6088e-06, 3.8389e-05,
         3.2933e-06, 7.7196e-05, 9.9940e-01, 1.9044e-05],
        [3.1704e-05, 3.5041e-06, 2.7601e-05, 5.1121e-07, 1.9113e-05, 1.2410e-06,
         9.9991e-01, 1.8286e-06, 5.3823e-06, 9.5812e-07],
        [7.5605e-04, 9.1970e-01, 7.1672e-02, 3.1292e-04, 9.8509e-05, 8.7839e-06,
         6.1705e-04, 8.5676e-04, 5.4096e-03, 5.6735e-04]], device='cuda:0',
       grad_fn=<SoftmaxBackward>)
>> best accuracy: 95.31666666666668	best epoch: 25

>> final recovery rate: 94.19999999999999%
>> val epoch: 30
>> current accuracy: 95.39999999999999%
outputs: tensor([[5.0981e-07, 1.1463e-08, 2.9298e-08, 2.6288e-08, 1.5161e-08, 9.1886e-08,
         2.0801e-10, 1.0000e+00, 4.5958e-10, 3.5621e-07],
        [4.9950e-08, 1.5110e-08, 1.8622e-06, 9.9999e-01, 4.2229e-08, 2.3490e-06,
         1.5631e-08, 4.3175e-07, 3.1371e-07, 1.8410e-07],
        [2.4398e-04, 1.4991e-04, 1.0348e-02, 7.8109e-01, 7.1790e-05, 1.1850e-03,
         1.4354e-05, 7.4151e-04, 2.0610e-01, 5.0906e-05],
        [1.0000e+00, 1.5175e-09, 1.1357e-07, 1.2424e-09, 5.2361e-09, 1.9819e-07,
         3.8902e-09, 4.0602e-09, 1.3920e-08, 2.1643e-09],
        [1.6417e-07, 1.3644e-06, 1.9147e-08, 1.3691e-07, 2.2303e-07, 5.0781e-07,
         2.5190e-09, 9.9985e-01, 4.9615e-07, 1.4233e-04],
        [4.0803e-07, 4.0123e-10, 4.0415e-09, 3.2987e-10, 1.1750e-08, 4.7969e-08,
         1.0000e+00, 4.9946e-10, 2.8407e-09, 1.3530e-07],
        [1.7018e-07, 3.4490e-09, 3.5664e-09, 2.2076e-10, 6.0292e-08, 2.1187e-08,
         1.0000e+00, 5.7145e-10, 2.4518e-09, 3.0317e-08],
        [5.8599e-09, 1.0000e+00, 1.5204e-07, 8.8690e-09, 2.5622e-07, 8.5874e-11,
         2.8909e-07, 8.7122e-08, 5.6957e-07, 1.6935e-08],
        [1.0000e+00, 5.7047e-08, 7.6959e-07, 1.2441e-08, 3.0437e-08, 9.0379e-08,
         7.9611e-08, 4.8421e-08, 3.0553e-08, 4.9243e-08],
        [2.2168e-05, 1.3877e-07, 9.9955e-01, 1.3720e-04, 1.4775e-04, 1.1714e-06,
         8.8401e-06, 1.7663e-05, 3.5377e-08, 1.1300e-04],
        [8.4939e-09, 1.0000e+00, 2.6201e-07, 9.2027e-09, 6.7540e-07, 1.2840e-10,
         2.4541e-07, 4.2810e-08, 6.6378e-07, 1.5424e-08],
        [2.5726e-06, 3.2654e-06, 1.1516e-07, 8.5284e-08, 1.4760e-06, 1.3420e-06,
         9.9999e-01, 5.2589e-08, 1.2343e-06, 3.0609e-07],
        [1.2272e-06, 4.4906e-06, 2.6840e-04, 9.9794e-01, 1.8188e-06, 2.0891e-05,
         1.4095e-06, 7.1330e-05, 1.6916e-03, 3.1627e-06],
        [2.9126e-06, 8.4107e-07, 2.8860e-06, 2.9781e-06, 9.9618e-01, 2.1091e-05,
         5.3747e-07, 1.1819e-05, 1.5684e-06, 3.7787e-03],
        [1.0363e-08, 7.4840e-08, 1.9343e-07, 8.1840e-08, 2.4141e-09, 7.6500e-09,
         1.6270e-08, 7.7755e-09, 1.0000e+00, 5.0659e-08],
        [9.8235e-06, 3.1223e-06, 3.3327e-02, 2.8504e-05, 1.6956e-06, 3.4511e-06,
         9.6030e-06, 9.6657e-01, 2.0351e-06, 4.8665e-05],
        [4.8080e-06, 7.8738e-07, 3.7056e-07, 2.3687e-07, 5.1707e-06, 2.0743e-06,
         9.9998e-01, 1.0195e-07, 4.4901e-06, 1.3224e-06],
        [2.4935e-08, 1.2075e-08, 1.8988e-07, 3.0297e-07, 1.1635e-05, 5.6522e-07,
         2.5766e-07, 3.7017e-07, 8.0422e-08, 9.9999e-01],
        [1.9530e-04, 7.1959e-06, 4.4692e-06, 3.6389e-05, 6.6526e-06, 4.1255e-03,
         9.9553e-01, 7.0887e-06, 7.9989e-05, 1.0242e-05],
        [6.6201e-11, 1.4650e-10, 7.8194e-08, 1.0000e+00, 2.8319e-10, 4.0518e-09,
         8.8665e-11, 1.0504e-08, 1.1842e-09, 1.7173e-10],
        [9.9574e-08, 3.3666e-08, 4.7718e-07, 2.3764e-06, 6.9447e-05, 7.8993e-06,
         5.1478e-07, 9.0956e-07, 1.0916e-06, 9.9992e-01],
        [1.6349e-04, 4.4177e-08, 4.4346e-07, 2.8312e-05, 3.3738e-08, 9.9980e-01,
         3.2594e-07, 6.2983e-07, 6.4595e-06, 9.0051e-07],
        [3.3357e-07, 2.8026e-07, 1.0189e-06, 3.7212e-07, 4.1300e-08, 2.9423e-07,
         3.3576e-09, 1.0000e+00, 1.6650e-08, 1.3416e-06],
        [8.6370e-08, 5.3165e-10, 1.9196e-09, 1.1968e-11, 3.2436e-08, 4.2394e-09,
         1.0000e+00, 1.4935e-10, 6.9713e-11, 2.6186e-08],
        [5.9891e-07, 5.5211e-06, 7.3021e-06, 2.7626e-06, 9.9323e-01, 4.8282e-06,
         1.0599e-06, 1.3417e-05, 2.6184e-06, 6.7324e-03],
        [6.8003e-10, 1.0000e+00, 1.4670e-08, 4.3759e-10, 3.8048e-08, 2.4719e-12,
         1.8972e-07, 4.6111e-09, 1.0606e-08, 1.1532e-09],
        [1.0374e-09, 5.9705e-08, 2.5856e-07, 1.5860e-08, 9.9999e-01, 2.9393e-08,
         3.4429e-08, 1.6832e-07, 4.1817e-08, 1.0482e-05],
        [7.7665e-08, 1.7757e-07, 3.3850e-07, 7.3604e-08, 9.9999e-01, 2.8306e-07,
         2.8314e-08, 4.4938e-07, 3.0912e-07, 7.7265e-06],
        [2.2460e-06, 9.9764e-08, 9.9999e-01, 6.0136e-06, 7.0549e-08, 3.4547e-09,
         9.6664e-09, 1.9190e-06, 1.2420e-07, 2.4701e-07],
        [3.0019e-06, 6.6712e-10, 7.8283e-08, 2.4077e-06, 1.5029e-09, 9.9999e-01,
         7.3788e-08, 4.9690e-08, 4.2219e-07, 2.1865e-08],
        [9.9993e-01, 1.3055e-06, 3.7693e-06, 6.8677e-07, 1.7827e-07, 4.4713e-05,
         1.5378e-05, 6.3725e-07, 2.1703e-06, 4.8508e-06],
        [9.9999e-01, 6.4288e-07, 1.4710e-06, 1.1276e-07, 1.0985e-07, 7.8969e-07,
         1.4169e-06, 2.8762e-07, 4.5746e-07, 2.2968e-06],
        [7.5626e-09, 5.0589e-10, 1.0000e+00, 7.2249e-09, 1.7003e-08, 7.3169e-11,
         2.2180e-07, 1.5336e-07, 2.7274e-11, 2.1608e-08],
        [6.8458e-07, 5.2590e-10, 2.2234e-08, 2.2137e-06, 1.9041e-06, 9.9996e-01,
         2.3258e-07, 2.5607e-06, 1.3971e-07, 3.2671e-05],
        [1.8688e-06, 6.8596e-08, 2.0234e-07, 1.8836e-04, 9.6314e-06, 9.9929e-01,
         5.8435e-06, 1.6383e-06, 1.4838e-04, 3.5080e-04],
        [1.2279e-05, 2.3860e-09, 9.2192e-08, 2.9477e-07, 3.2565e-08, 3.1935e-05,
         9.9994e-01, 1.6563e-08, 1.2329e-05, 1.0576e-06],
        [1.1817e-06, 4.9495e-07, 2.8315e-05, 9.9978e-01, 2.7347e-07, 8.4769e-05,
         2.7103e-07, 1.0818e-05, 8.9264e-05, 2.6071e-06],
        [8.1295e-07, 1.7745e-05, 4.6657e-06, 3.5269e-06, 9.9795e-01, 6.0492e-06,
         2.4160e-06, 2.2658e-04, 5.7428e-06, 1.7852e-03],
        [3.0717e-05, 8.1404e-05, 2.2524e-04, 8.0321e-01, 5.1812e-06, 3.1734e-03,
         1.8140e-05, 1.3477e-04, 1.9306e-01, 6.1797e-05],
        [4.4246e-03, 3.1023e-03, 4.1866e-04, 1.4917e-04, 1.5849e-05, 4.5075e-05,
         3.5022e-04, 2.4173e-05, 9.9070e-01, 7.6540e-04],
        [6.3080e-07, 1.4789e-09, 8.1229e-09, 8.2196e-06, 1.3200e-08, 9.9996e-01,
         1.2804e-06, 5.7909e-08, 2.1271e-05, 7.9889e-06],
        [1.7638e-05, 2.8026e-08, 1.2133e-07, 6.8746e-09, 2.0699e-07, 4.4297e-08,
         9.9998e-01, 1.5106e-08, 1.9233e-08, 2.7089e-07],
        [9.9999e-01, 6.7929e-08, 3.4955e-06, 8.7436e-08, 8.6000e-09, 4.5548e-06,
         2.1768e-06, 1.0039e-07, 7.4591e-08, 1.0438e-06],
        [3.3999e-06, 1.4293e-08, 5.9307e-07, 1.9107e-06, 5.6779e-04, 2.3575e-06,
         1.3441e-09, 9.9675e-01, 9.0029e-09, 2.6698e-03],
        [1.2550e-06, 1.1291e-06, 2.0876e-05, 3.8081e-06, 1.5600e-07, 2.6999e-06,
         6.1493e-08, 9.9997e-01, 4.2713e-07, 1.6011e-06],
        [1.8539e-08, 1.4995e-07, 6.0560e-08, 7.9507e-08, 4.0897e-09, 2.1065e-08,
         6.1479e-10, 1.0000e+00, 2.9802e-08, 4.3405e-07],
        [4.2214e-08, 6.8082e-08, 9.1875e-07, 1.2552e-07, 1.7125e-08, 4.0147e-08,
         1.9584e-09, 1.0000e+00, 1.0283e-08, 6.2530e-07],
        [1.5070e-07, 7.4944e-11, 5.1170e-10, 2.3947e-10, 4.3089e-09, 4.7246e-08,
         1.0000e+00, 1.1242e-10, 7.0065e-09, 6.9187e-09]], device='cuda:0',
       grad_fn=<SoftmaxBackward>)
>> best accuracy: 95.39999999999999	best epoch: 30

>> final recovery rate: 94.33333333333334%
>> val epoch: 35
>> current accuracy: 95.65%
outputs: tensor([[2.8400e-10, 4.3600e-09, 2.3987e-11, 7.8403e-10, 5.7013e-10, 6.6233e-10,
